1 1 1 1 0.0164798 0.0212676 0.0211017 1 1 1 1 1 
1 0.0266104 0.0297654 0.0288345 0.0256586 0.0239409 0.0134125 0.00725906 0.00762137 0.0163953 0.0244727 0.0351859 
1 0.0176222 0.0270273 0.0308266 0.0272596 0.0205881 0.00870987 0.00814199 0.020863 0.0220439 0.0177726 1 
1 1 0.0256881 0.0219248 0.0232558 0.0175865 0.025136 0.0265084 0.0243025 0.0219345 0.0131885 1 
1 0.0126547 0.0367377 0.0194538 0.0228232 0.0216846 0.0203494 0.0232672 0.020003 0.0218737 0.0262886 1 
1 0.0284743 0.0391182 0.012838 0.0263791 0.0197346 0.0169845 0.0216949 0.0185508 0.0168337 0.0251219 1 
0.0245037 0.017333 0.0133586 0.0108495 0.00932714 0.0141372 0.0224854 0.0193806 0.0230577 0.0221166 0.0382195 1 
1 0.030468 0.0250411 0.0245848 0.021585 0.0220027 0.0228851 0.0221192 0.0243269 0.0232968 0.0234539 1 
1 0.0403054 0.0285783 0.0263612 0.0195453 0.02007 0.0126291 0.0210914 0.0199994 0.0228512 0.0264379 1 
1 0.0390455 0.0235664 0.0247808 0.0229987 0.0194736 0.0208762 0.0171579 0.0207884 0.0199671 0.0176029 1 
1 1 0.0167662 0.0233306 0.021227 0.0201825 0.0181302 0.0206731 0.0206798 0.0349834 0.0234181 0.0240228 
1 0.0306385 0.0247644 0.0199293 0.0207499 0.021398 0.0147717 0.0205903 0.0216618 0.0285757 0.0336245 1 
0.0424883 0.0238677 0.0205652 0.005532 0.014146 0.010496 0.0209655 0.0226354 0.0238293 0.0114977 0.031043 0.0491156 
1 0.0451518 0.0231783 0.0176374 0.0172677 0.0203738 0.0216003 0.0238615 0.0320865 0.0235534 0.038131 0.0545811 
1 0.0303771 0.0359234 0.0295617 0.0220254 0.0238492 0.0241598 0.0224488 0.0297928 0.00834423 0.0380888 0.0558539 
1 0.0458462 0.0237678 0.0258789 0.0168193 0.0157472 0.0253897 0.0208116 0.0228436 0.0222439 0.0366956 0.0343305 
1 0.0429277 0.0313795 0.0251435 0.0185214 0.0256175 0.0177503 0.015576 0.0180936 0.025361 0.0202066 0.026283 
1 0.0304527 0.0467014 0.0255447 0.0236183 0.0127794 0.0232074 0.0223893 0.0180615 0.0240828 0.0350915 0.034836 
1 1 0.0276095 0.0350342 0.0199665 0.0251524 0.0187562 0.0237655 0.0136014 0.0216355 0.0364019 1 
1 0.0564223 0.0140911 0.0428993 0.0187079 0.0197712 0.0225619 0.0275927 0.018294 0.0278151 0.0311921 1 
1 1 1 0.0433935 0.0312385 0.0325359 0.0239388 0.0290512 0.0148484 0.0267411 0.0336007 1 
1 0.0395112 1 0.0439855 0.0247407 0.035724 0.0324273 0.0264716 0.0324577 0.0340095 0.0381429 0.0653192 
1 0.0820942 0.0390156 0.0274367 0.0442792 0.0256838 0.0184975 0.0587481 0.0352736 0.041618 0.0434375 1 
1 1 1 1 1 1 1 1 1 1 1 1 
