1 1 1 1 0.0174366 0.0537264 0.0157313 0.0832555 1 1 1 1 
1 1 0.0474042 0.0363358 0.0310746 0.0267415 0.0172268 0.00747051 0.0138915 0.0349526 0.0372852 0.0463967 
1 0.0460272 0.0414205 0.0473636 0.03079 0.0206165 0.00946541 0.0145481 0.0172475 0.0148226 0.0506365 1 
1 1 0.0257687 0.0207613 0.0205932 0.0323094 0.0191048 0.0308659 0.0236923 0.0286732 0.0214515 1 
1 1 0.0469155 0.0266212 0.0222249 0.0170286 0.0255809 0.0199183 0.0290532 0.0356502 0.0182771 1 
1 0.109409 0.0231312 0.0254425 0.0202081 0.0282162 0.024254 0.0184743 0.0250013 0.0113085 0.0357522 1 
0.0545816 0.0370034 0.0153924 0.00925488 0.0122597 0.0141788 0.0246414 0.0184973 0.0237784 0.0484728 0.0230521 1 
1 0.0403238 0.0307202 0.0312537 0.0180389 0.0205302 0.0248198 0.0239492 0.0204591 0.0537778 0.0527819 1 
1 1 0.0768991 0.0213705 0.0211255 0.0297246 0.0258713 0.0244701 0.0220113 0.02797 0.024683 1 
1 0.035602 0.0339263 0.0290903 0.0222159 0.0169224 0.0208607 0.0238997 0.0225056 0.024785 0.0297439 1 
1 0.0538674 0.0346944 0.0188069 0.0234116 0.0192639 0.025199 0.0197718 0.0257296 0.0232204 0.0348673 0.0465587 
1 0.0278749 0.0236788 0.026426 0.0286251 0.0210907 0.0161545 0.0216182 0.0214736 0.0266496 0.0403785 0.0338258 
1 0.0358253 0.0287412 0.00672513 0.0168219 0.0159362 0.0275193 0.0222004 0.0222035 0.0349396 0.0622379 1 
1 0.0524205 0.115989 0.0229775 0.0105866 0.0287735 0.0242406 0.0317389 0.0268417 0.0250854 0.0482065 0.0676747 
1 0.0407195 0.0261562 0.0126926 0.0167944 0.0224994 0.0262128 0.023399 0.0254787 0.0176588 0.0494382 1 
1 0.0730492 0.0405329 0.0396132 0.0233789 0.00951587 0.0178683 0.023175 0.0210798 0.0372657 0.0262678 1 
1 0.0778382 0.0390686 0.0389398 0.0168615 0.026788 0.0201071 0.00841798 0.0228517 0.0323897 0.0364295 0.0432926 
1 0.0406322 0.0780766 0.0694907 0.0270546 0.0270147 0.03065 0.0221276 0.0268318 0.0358007 0.0427018 0.106957 
1 1 0.0270854 0.068137 0.0245689 0.024477 0.0236287 0.0276421 0.0110767 0.0205687 0.063363 0.0674428 
1 0.0556374 0.104822 0.0452135 0.0329082 0.0293519 0.0308332 0.0424887 0.0292714 0.036078 0.0278349 1 
1 0.182127 1 0.0520449 0.0256521 0.0348875 0.0251995 0.0318821 0.0295474 0.036165 0.0331556 1 
1 0.0514567 1 1 0.0869633 0.0459169 0.0341696 0.0406319 0.0522211 0.046297 0.0386161 1 
1 0.0509179 0.0650465 0.055922 0.0537223 0.0443181 0.07186 0.0488153 0.0294844 0.0671592 0.0516265 1 
1 1 1 1 1 1 1 1 1 1 1 1 
