#Target HV settings for run 1726 from cosCal_v3 on Sun May  9 19:18:00 2021
#
#Row Col targetHV
0  0  1483.3  
0  1  1497.2  
0  2  1505.29  
0  3  1473.9  
0  4  2248.84  
0  5  1887.64  
0  6  1884.26  
0  7  1980.17  
0  8  1483.26  
0  9  1462.43  
0  10  1439.92  
0  11  1498.51  
1  0  1460.72  
1  1  1472.13  
1  2  1445.73  
1  3  1442.86  
1  4  2103.94  
1  5  1825.33  
1  6  2097.9  
1  7  2576.02  
1  8  1435.02  
1  9  1500.35  
1  10  1583.14  
1  11  1628.44  
2  0  1457.74  
2  1  1626.37  
2  2  1512.03  
2  3  1453.41  
2  4  2268.79  
2  5  1966.08  
2  6  2616.19  
2  7  2546.32  
2  8  1506.81  
2  9  1497.02  
2  10  1603.37  
2  11  1476.28  
3  0  1503.55  
3  1  1471.4  
3  2  1446.04  
3  3  1509.96  
3  4  1881.34  
3  5  1879.71  
3  6  1861.23  
3  7  1991.66  
3  8  1462.17  
3  9  1477.5  
3  10  1490.74  
3  11  1504.4  
4  0  1496.04  
4  1  1519.01  
4  2  1580.11  
4  3  1500.48  
4  4  1734.16  
4  5  1925.34  
4  6  1994.27  
4  7  2064.94  
4  8  1486.61  
4  9  1503.05  
4  10  1486.05  
4  11  1570.98  
5  0  1501.68  
5  1  1468.67  
5  2  1519.07  
5  3  1489.25  
5  4  2225.59  
5  5  1852.84  
5  6  1807.54  
5  7  2107.08  
5  8  1464.98  
5  9  1517.58  
5  10  1537.97  
5  11  1476.39  
6  0  1693.3  
6  1  1594.01  
6  2  1607.72  
6  3  1575.3  
6  4  2547.21  
6  5  1849.17  
6  6  1922.27  
6  7  2260.72  
6  8  1442.11  
6  9  1466.24  
6  10  1474  
6  11  1459.88  
7  0  1457.39  
7  1  1475.27  
7  2  1505.52  
7  3  1449.74  
7  4  1891.85  
7  5  1804.96  
7  6  1747.77  
7  7  1940.8  
7  8  1453.09  
7  9  1488.23  
7  10  1505  
7  11  1522.68  
8  0  1521.42  
8  1  1451.5  
8  2  1538.49  
8  3  1454.75  
8  4  2106.15  
8  5  1919.26  
8  6  2392.89  
8  7  2194.06  
8  8  1440.05  
8  9  1449.18  
8  10  1489.96  
8  11  1498.53  
9  0  1636.06  
9  1  1518.96  
9  2  1467.87  
9  3  1456.54  
9  4  1709.56  
9  5  1740.25  
9  6  1901.44  
9  7  1947.21  
9  8  1407.27  
9  9  1491.65  
9  10  1466.44  
9  11  1488.46  
10  0  1466.89  
10  1  1493.55  
10  2  1510.28  
10  3  1492.82  
10  4  1618.44  
10  5  1805.53  
10  6  1844.6  
10  7  1761.77  
10  8  1434.85  
10  9  1411.75  
10  10  1564.46  
10  11  1576.91  
11  0  1526.53  
11  1  1436.21  
11  2  1487.68  
11  3  1455.69  
11  4  2026.38  
11  5  2025.18  
11  6  2045.46  
11  7  2121.42  
11  8  1455.03  
11  9  1473.19  
11  10  1479.84  
11  11  1473.77  
12  0  1606.37  
12  1  1587.1  
12  2  1564.38  
12  3  1571.55  
12  4  2609.38  
12  5  2233.3  
12  6  2222.04  
12  7  2056.45  
12  8  1456.41  
12  9  1490.26  
12  10  1516.48  
12  11  1507.36  
13  0  1464.62  
13  1  1478.91  
13  2  1502.08  
13  3  1475.36  
13  4  1813.15  
13  5  2323.79  
13  6  1708.44  
13  7  1940.31  
13  8  1475.81  
13  9  1476.33  
13  10  1493.56  
13  11  1529.51  
14  0  1598.65  
14  1  1492.12  
14  2  1509.88  
14  3  1530.67  
14  4  2019.76  
14  5  1789.81  
14  6  2056.24  
14  7  2026.82  
14  8  1495.06  
14  9  1704.37  
14  10  1461.47  
14  11  1458.23  
15  0  1486.19  
15  1  1541.14  
15  2  1444.74  
15  3  1503.01  
15  4  2017.15  
15  5  2127.91  
15  6  1768.54  
15  7  1925.6  
15  8  1545.77  
15  9  1536.29  
15  10  1508.32  
15  11  1476.63  
16  0  1538.83  
16  1  1503.32  
16  2  1506.2  
16  3  1503.86  
16  4  2329.91  
16  5  1966.51  
16  6  2311.68  
16  7  2492.69  
16  8  1459.25  
16  9  1531.85  
16  10  1465.24  
16  11  1723.61  
17  0  1531.72  
17  1  1579.41  
17  2  1462.11  
17  3  1532.52  
17  4  1939.7  
17  5  1744.6  
17  6  1677.55  
17  7  2170.68  
17  8  1437.42  
17  9  1486  
17  10  1446.06  
17  11  1535.26  
18  0  1472.32  
18  1  1611.6  
18  2  1441.87  
18  3  1501.98  
18  4  1723.26  
18  5  2120.6  
18  6  1870.02  
18  7  1831.67  
18  8  1413.71  
18  9  1486.33  
18  10  1478.58  
18  11  1572.33  
19  0  1484.69  
19  1  1417.57  
19  2  1492.68  
19  3  1514.87  
19  4  2169.61  
19  5  2002.9  
19  6  2017.79  
19  7  2533.32  
19  8  1501.55  
19  9  1462.25  
19  10  1482.04  
19  11  1519.55  
20  0  1607.69  
20  1  1513.68  
20  2  1425.28  
20  3  1539.73  
20  4  2278.92  
20  5  1642.26  
20  6  2229.62  
20  7  2211.02  
20  8  1460.16  
20  9  1475.85  
20  10  1491.54  
20  11  1691.16  
21  0  1577.01  
21  1  1481.8  
21  2  1410.83  
21  3  1425.47  
21  4  1881.39  
21  5  1532.31  
21  6  1649.41  
21  7  1883.34  
21  8  1462.07  
21  9  1444.09  
21  10  1451.22  
21  11  1431.56  
22  0  1623.67  
22  1  1436.98  
22  2  1425.24  
22  3  1433.33  
22  4  1834.41  
22  5  1509.2  
22  6  2086.85  
22  7  2209.84  
22  8  1422.21  
22  9  1435.89  
22  10  1456.27  
22  11  1432.32  
23  0  1494.99  
23  1  1556.55  
23  2  1474.07  
23  3  1488.13  
23  4  1795.59  
23  5  1666.14  
23  6  1978.88  
23  7  2456.53  
23  8  1466.19  
23  9  1451.36  
23  10  1456.51  
23  11  1548.44  
