#All information for run 1206.
#Row Col LED <Max> <Int> NPE
For row 0 and col 0, pedestal is 236.833
0  0  1  68.2883  384.928  81.2589
0  0  2  155.69  974.225  172.404
0  0  3  315.5  2046.42  334.503
0  0  4  677.361  4906.33  644.89
0  0  5  1499.51  13560.6  1320.36
For row 0 and col 1, pedestal is 192.313
0  1  1  15.3714  61.0342  24.2399
0  1  2  126.477  770.788  150.973
0  1  3  456.781  2827.11  400.059
0  1  4  588.325  4059.69  529.186
0  1  5  770.102  6675.16  755.146
For row 0 and col 2, pedestal is 212.226
0  2  1  38.0124  209.211  75.9268
0  2  2  92.133  573.253  201.134
0  2  3  193.11  1192.89  328.482
0  2  4  441.623  3081.86  681.392
0  2  5  1040.79  9117.26  805.566
For row 0 and col 3, pedestal is 215.327
0  3  1  99.2299  604.468  93.5921
0  3  2  241.29  1481.67  203.471
0  3  3  322.987  2179.17  270.611
0  3  4  1092.18  6893.95  671.397
0  3  5  2815.54  19758.4  1663.31
For row 0 and col 4, pedestal is 230.026
0  4  1  30.861  148.081  89.3572
0  4  2  40.5841  256.871  92.4549
0  4  3  96.6575  662.979  221.336
0  4  4  354.308  2306.05  652.312
0  4  5  904.553  6569.44  1472.83
For row 0 and col 5, pedestal is 206.559
0  5  1  57.083  438.146  49.7795
0  5  2  108.242  799.962  131.819
0  5  3  216.605  1608.74  261.981
0  5  4  590.73  3907.74  643.807
0  5  5  2116.17  15678.6  1705.91
For row 0 and col 6, pedestal is 202.25
0  6  1  54.1318  378.584  152.568
0  6  2  76.4889  541.83  143.977
0  6  3  128.862  1036.05  264.457
0  6  4  217.744  2278.54  512.641
0  6  5  735.977  5868.76  1012.41
For row 0 and col 7, pedestal is 192.817
0  7  1  28.8011  188.32  115.865
0  7  2  50.7937  223.527  103.682
0  7  3  100.54  668.636  181.278
0  7  4  140.432  1183.49  282.464
0  7  5  504.487  3892.86  840.386
For row 0 and col 8, pedestal is 232.313
0  8  1  55.5839  293.224  76.2943
0  8  2  118.024  721.528  137.678
0  8  3  368.862  2473.27  406.435
0  8  4  455.087  3944.57  559.475
0  8  5  1447.24  10421.2  1279.76
For row 0 and col 9, pedestal is 231.421
0  9  1  81.4728  449.918  109.492
0  9  2  192.261  1096.64  223.094
0  9  3  300.282  1813.29  362.623
0  9  4  436.763  2839.34  466.712
0  9  5  1045.53  7570.72  1008.11
For row 0 and col 10, pedestal is 213.247
0  10  1  68.345  375.506  87.8393
0  10  2  149.667  887.193  185.564
0  10  3  226.662  1404.05  294.263
0  10  4  431.591  2830.8  434.918
0  10  5  790.169  5825.16  817.386
For row 0 and col 11, pedestal is 181.897
0  11  1  86.736  478.62  99.0826
0  11  2  181.068  1045.82  164.795
0  11  3  309.521  1894.85  235.26
0  11  4  626.933  4134.85  386.071
0  11  5  899.346  6606.25  526.838
For row 1 and col 0, pedestal is 168.389
1  0  1  47.6444  263.578  40.0272
1  0  2  141.403  900.469  109.183
1  0  3  434.126  2774.42  262.72
1  0  4  788.09  5590.25  442.264
1  0  5  2373.8  20964.9  907.293
For row 1 and col 1, pedestal is 199.331
1  1  1  78.6812  451.713  60.9481
1  1  2  229.35  1435.84  166.417
1  1  3  362.925  2302.2  240.573
1  1  4  846.064  5951.21  496.091
1  1  5  1432.08  12613.1  938.33
For row 1 and col 2, pedestal is 213.306
1  2  1  48.339  306.403  100.075
1  2  2  111.887  756.197  181.783
1  2  3  286.413  1905.72  421.638
1  2  4  550.582  4037.54  800.321
1  2  5  1082.25  9823.16  1569.12
For row 1 and col 3, pedestal is 194.677
1  3  1  78.1101  467.756  94.4086
1  3  2  127.629  802.244  168.416
1  3  3  246.178  1661.51  302.357
1  3  4  800.744  5036.23  846.358
1  3  5  1746.63  12207.1  1651.17
For row 1 and col 4, pedestal is 203.405
1  4  1  27.3498  190.439  34.6326
1  4  2  218.6  1257.93  169.458
1  4  3  326.272  2065.94  249.368
1  4  4  1313.53  7721.49  798.875
1  4  5  3677.46  24727.6  1089.67
For row 1 and col 5, pedestal is 203.384
1  5  1  38.0262  218.353  93.5555
1  5  2  69.2285  408.735  153.028
1  5  3  124.292  853.183  334.445
1  5  4  320.877  2085.08  849.163
1  5  5  997.936  7304.78  1919.56
For row 1 and col 6, pedestal is 147.786
1  6  1  175.053  949.84  160.268
1  6  2  265.329  1497.32  215.789
1  6  3  563.952  3660.54  392.663
1  6  4  919.027  7714.51  732.705
1  6  5  2807.32  19654.1  1294.88
For row 1 and col 7, pedestal is 194.511
1  7  1  85.4465  498.26  121.54
1  7  2  156.189  980.391  185.276
1  7  3  289.62  2061.56  339.189
1  7  4  456.366  4267.07  660.44
1  7  5  1386.39  10845.4  1287.01
For row 1 and col 8, pedestal is 224.443
1  8  1  125.602  732.88  119.564
1  8  2  180.401  1146.72  164.306
1  8  3  424.127  2998.49  371.994
1  8  4  601.311  5360.34  547.957
1  8  5  1828.42  13684  1251.95
For row 1 and col 9, pedestal is 213.261
1  9  1  52.2418  309.516  79.5363
1  9  2  136.598  823.359  174.183
1  9  3  218.736  1358.49  288.815
1  9  4  443.814  2942.29  512.569
1  9  5  920.782  6821.59  985.403
For row 1 and col 10, pedestal is 195.113
1  10  1  67.2499  420.55  85.1171
1  10  2  155.068  937.518  179.857
1  10  3  284.534  1761.59  346.908
1  10  4  523.213  3513.98  584.719
1  10  5  1019.45  7585.6  1102.98
For row 1 and col 11, pedestal is 209.544
1  11  1  56.8724  333.197  90.0666
1  11  2  106.8  651.544  185.015
1  11  3  221.649  1378.92  343.388
1  11  4  397.564  2656.3  551.763
1  11  5  731.546  5498.3  983.897
For row 2 and col 0, pedestal is 200.361
2  0  1  33.2798  171.309  65.3336
2  0  2  78.3051  494.662  144.845
2  0  3  192.382  1237.91  297.777
2  0  4  445.961  3213.38  590.338
2  0  5  1115.27  10005.7  1222.7
For row 2 and col 1, pedestal is 225.228
2  1  1  64.6464  382.121  78.207
2  1  2  117.89  765.855  145.842
2  1  3  312.043  2054.51  342.785
2  1  4  358.839  2617.11  411.708
2  1  5  1102.25  10036.5  964.299
For row 2 and col 2, pedestal is 187.35
2  2  1  82.8249  500.006  75.3073
2  2  2  155.053  1041.9  133.351
2  2  3  494.238  3293.83  288.724
2  2  4  561.367  4173.61  381.251
2  2  5  1442.58  13272.3  789.002
For row 2 and col 3, pedestal is 210.702
2  3  1  44.8876  224.854  115.262
2  3  2  85.7096  520.244  217.224
2  3  3  83.8881  538.641  204.694
2  3  4  392.051  2494.33  765.9
2  3  5  1333.77  9401.54  2082.44
For row 2 and col 4, pedestal is 183.171
2  4  1  43.0724  295.747  91.6631
2  4  2  94.9036  624.981  134.125
2  4  3  169.115  1228.06  271.434
2  4  4  492.856  3260.11  657.171
2  4  5  1995.17  14687.3  1881.47
For row 2 and col 5, pedestal is 216.031
2  5  1  70.7498  434.297  81.9682
2  5  2  116.043  694.018  124.297
2  5  3  239.226  1667.37  251.807
2  5  4  813.634  5367.35  748.646
2  5  5  2485.26  18342.7  1867.39
For row 2 and col 6, pedestal is 179.65
2  6  1  94.6902  416.018  100.086
2  6  2  126.717  801.934  187.327
2  6  3  209.598  1519.32  320.181
2  6  4  367.136  3546.45  585.753
2  6  5  1174.1  9589.77  1199.42
For row 2 and col 7, pedestal is 226.765
2  7  1  60.3968  386.852  181.565
2  7  2  102.147  688.511  190.131
2  7  3  221.457  1705.19  368.006
2  7  4  265.353  2694.11  528.526
2  7  5  1016.37  8381.06  1237.25
For row 2 and col 8, pedestal is 201.299
2  8  1  99.8379  681.858  171.524
2  8  2  124.794  877.509  215.164
2  8  3  314.329  2385.57  466.942
2  8  4  502.829  4756.84  815.58
2  8  5  1359.3  10754.6  1721.44
For row 2 and col 9, pedestal is 212.1
2  9  1  35.9752  233.424  96.2404
2  9  2  101.4  624.99  273.249
2  9  3  157.8  990.087  335.795
2  9  4  299.988  2008.16  507.719
2  9  5  568.878  4284.04  888.653
For row 2 and col 10, pedestal is 236.539
2  10  1  85.296  523.727  67.1485
2  10  2  177.736  1118.49  129.042
2  10  3  394.034  2533.95  263.416
2  10  4  621.012  4296.07  350.496
2  10  5  1317.34  10186.3  644.957
For row 2 and col 11, pedestal is 208.347
2  11  1  98.9541  602.824  83.5776
2  11  2  208.128  1266.49  177.017
2  11  3  388.172  2481.66  306.506
2  11  4  772.743  5312.97  553.209
2  11  5  1603  12317  1031.35
For row 3 and col 0, pedestal is 230.943
3  0  1  88.5942  516.673  69.0231
3  0  2  208.671  1271.23  152.432
3  0  3  567.176  3586.21  315.813
3  0  4  954.051  6673.22  465.209
3  0  5  1769.32  15409.9  820.426
For row 3 and col 1, pedestal is 199.909
3  1  1  28.6572  122.291  36.4996
3  1  2  90.2219  519.16  135.836
3  1  3  317.733  2014.72  360.057
3  1  4  434.411  3063.05  486.111
3  1  5  1020.22  9030.31  1016.04
For row 3 and col 2, pedestal is 218.173
3  2  1  68.4363  388.649  99.8951
3  2  2  137.136  882.982  190.034
3  2  3  376.941  2397.64  437.156
3  2  4  593.502  4154.25  661.476
3  2  5  1581.96  13753.6  1490.82
For row 3 and col 3, pedestal is 173.381
3  3  1  71.3798  399.337  111.968
3  3  2  187.887  1071.8  258.18
3  3  3  13.715  80.8673  32.6437
3  3  4  810.447  4996.63  904.583
3  3  5  2314.74  15907  2163.12
For row 3 and col 4, pedestal is 209.649
3  4  1  63.2684  318.517  86.8068
3  4  2  93.0836  619.854  99.1517
3  4  3  262.182  1819.1  277.196
3  4  4  656.604  4389.11  695.067
3  4  5  2427.16  18325.4  1835.97
For row 3 and col 5, pedestal is 179.422
3  5  1  70.0936  433.362  167.662
3  5  2  96.0453  644.736  156.544
3  5  3  252.513  1815.83  333.382
3  5  4  850.39  5824  920.765
3  5  5  2253.61  17400.3  1992.99
For row 3 and col 6, pedestal is 217.945
3  6  1  114.474  697.293  138.58
3  6  2  158.933  976.219  185.152
3  6  3  437.748  2949.92  382.496
3  6  4  668.223  5719.94  685.114
3  6  5  2236.75  15860.5  1301.76
For row 3 and col 7, pedestal is 222.515
3  7  1  114.823  645.923  106.489
3  7  2  130.288  839.836  160.984
3  7  3  253.756  2022.7  370.232
3  7  4  424.226  4111.78  669.304
3  7  5  840.662  6689.51  1002.73
For row 3 and col 8, pedestal is 172.526
3  8  1  70.9435  404.785  186.621
3  8  2  78.4917  467.115  225.706
3  8  3  233.273  1655.49  582.858
3  8  4  303.369  2676.17  791.746
3  8  5  807.205  6111.84  1652.99
For row 3 and col 9, pedestal is 187.643
3  9  1  44.031  261.288  97.8848
3  9  2  86.0496  485.977  187.114
3  9  3  167.792  1005.89  322.435
3  9  4  355.972  2300.41  549.542
3  9  5  753.097  5519.66  1040.03
For row 3 and col 10, pedestal is 183.437
3  10  1  36.9712  219.459  79.9536
3  10  2  82.0191  515.417  173.259
3  10  3  164.362  1030.46  357.988
3  10  4  196.194  1310.47  375.084
3  10  5  590.498  4374.38  995.999
For row 3 and col 11, pedestal is 205.56
3  11  1  39.7786  237.24  63.2142
3  11  2  107.287  641.46  163.491
3  11  3  203.219  1263.7  311.781
3  11  4  397.115  2638.8  495.782
3  11  5  720.255  5406.02  909.93
For row 4 and col 0, pedestal is 181.378
4  0  1  11.2547  62.4109  25.6204
4  0  2  113.112  695.785  172.247
4  0  3  271.642  1722.29  337.211
4  0  4  446.349  3143.55  517.323
4  0  5  1115.57  9774.38  1175.13
For row 4 and col 1, pedestal is 215.881
4  1  1  57.595  320.864  78.5606
4  1  2  160.017  1003.84  188.075
4  1  3  397.821  2516.16  393.68
4  1  4  605.947  4299.7  522.261
4  1  5  1818.08  16172.8  826.108
For row 4 and col 2, pedestal is 209.708
4  2  1  37.0546  206.438  96.856
4  2  2  78.8237  492.517  223.236
4  2  3  217.467  1407.68  433.04
4  2  4  229.975  1659.71  522.651
4  2  5  478.053  4316.35  1142.98
For row 4 and col 3, pedestal is 201.742
4  3  1  46.2881  259.398  98.7351
4  3  2  96.4303  566.541  203.914
4  3  3  142.962  938.177  286.67
4  3  4  546.983  3412.67  836.956
4  3  5  1455.2  10110.3  1974.84
For row 4 and col 4, pedestal is 227.708
4  4  1  48.9656  312.711  121.701
4  4  2  53.3633  439.022  100.76
4  4  3  137.61  1064.14  263.7
4  4  4  563.538  3740.16  779.129
4  4  5  1519.77  11264.1  1888.63
For row 4 and col 5, pedestal is 192.304
4  5  1  22.5927  38.334  157.944
4  5  2  177.122  1041.66  147.958
4  5  3  367.456  2313.54  279.918
4  5  4  56.1349  292.941  87.7187
4  5  5  2867.12  19039.9  1611.05
For row 4 and col 6, pedestal is 188.846
4  6  1  115.536  528.052  116.301
4  6  2  109.017  852.595  127.547
4  6  3  278.909  2204.89  456.414
4  6  4  316.868  3299.84  542.515
4  6  5  1102.62  9027.27  1303.47
For row 4 and col 7, pedestal is 219.852
4  7  1  74.3141  365.833  112.093
4  7  2  84.4176  645.22  112.661
4  7  3  188.475  1433.95  271.494
4  7  4  286.313  2892.16  424.425
4  7  5  1146.9  9322.43  1237.92
For row 4 and col 8, pedestal is 191.723
4  8  1  151.329  899.691  127.52
4  8  2  245.675  1564.92  225.257
4  8  3  567.462  4031.78  446.794
4  8  4  708.382  6377.38  638.752
4  8  5  2197.2  16419.1  1385.41
For row 4 and col 9, pedestal is 216.372
4  9  1  47.4072  238.468  84.4915
4  9  2  107.343  598.427  156.832
4  9  3  204.482  1273.67  274.059
4  9  4  356.773  2379.34  391.357
4  9  5  722.17  5377.48  627.754
For row 4 and col 10, pedestal is 210.579
4  10  1  97.7867  596.226  107.084
4  10  2  238.302  1474.88  240.457
4  10  3  398.49  2510.99  391.863
4  10  4  663.731  4413.58  570.014
4  10  5  1192.41  8896.42  1027.14
For row 4 and col 11, pedestal is 206.472
4  11  1  21.3683  131.496  77.714
4  11  2  34.4126  262.331  93.0462
4  11  3  73.6929  478.614  189.366
4  11  4  168.869  1168.33  262.953
4  11  5  278.885  2094.74  454.514
For row 5 and col 0, pedestal is 191.595
5  0  1  46.6461  235.307  81.3575
5  0  2  106.205  618.999  202.279
5  0  3  271.236  1653.83  450.11
5  0  4  429.68  2894.38  664.51
5  0  5  979.374  8355.4  1530.28
For row 5 and col 1, pedestal is 199.09
5  1  1  7.93076  47.1197  61.1513
5  1  2  38.6775  252.997  122.589
5  1  3  9.1024  63.2421  77.1994
5  1  4  151.023  1071.98  394.068
5  1  5  431.237  3771.49  956.682
For row 5 and col 2, pedestal is 195.876
5  2  1  118.656  681.722  90.4895
5  2  2  284.386  1760.28  207.076
5  2  3  664.387  4291.24  386.635
5  2  4  871.223  6226.94  536.854
5  2  5  2561.14  22804.5  1341.44
For row 5 and col 3, pedestal is 225.111
5  3  1  46.9762  272.263  82.7192
5  3  2  91.8872  557.692  153.577
5  3  3  156.788  1035.03  263.151
5  3  4  568.943  3489.04  817.354
5  3  5  1825.62  12433.7  2039.37
For row 5 and col 4, pedestal is 208.538
5  4  1  74.6635  397.08  114.241
5  4  2  121.467  872.535  172.307
5  4  3  210.506  1550.31  328.119
5  4  4  513.374  3501.8  583.667
5  4  5  2349.1  17714.9  1833.99
For row 5 and col 5, pedestal is 173.226
5  5  1  169.276  852.392  104.878
5  5  2  279.426  1560.36  177.331
5  5  3  555.755  3452.25  318.996
5  5  4  1611.03  9551.95  802.002
5  5  5  8017.96  58815.2  nan
For row 5 and col 6, pedestal is 218.19
5  6  1  106.552  505.477  132.978
5  6  2  124.623  845.384  125.014
5  6  3  328.944  2108.96  318.781
5  6  4  463.476  3944.97  493.419
5  6  5  1470.06  10083.9  1125.19
For row 5 and col 7, pedestal is 229.91
5  7  1  45.7483  273.835  268.759
5  7  2  53.7481  476.259  349.947
5  7  3  96.9227  850.188  248.941
5  7  4  150.749  1631.8  945.216
5  7  5  441.889  3669.4  975.434
For row 5 and col 8, pedestal is 212.239
5  8  1  101.68  642.368  86.9393
5  8  2  270.388  1677.45  230.752
5  8  3  616.635  4232.34  457.132
5  8  4  748.994  6520.88  624.181
5  8  5  2765.48  20010.5  1456.82
For row 5 and col 9, pedestal is 216.145
5  9  1  57.2433  393.859  46.7253
5  9  2  105.136  704.024  82.2773
5  9  3  267.741  1733.93  122.757
5  9  4  423.069  2949.33  182.304
5  9  5  1141.7  8700.93  470.628
For row 5 and col 10, pedestal is 205.23
5  10  1  80.1465  503.934  105.902
5  10  2  171.394  1045.04  203.776
5  10  3  257.569  1617.96  301.627
5  10  4  440.811  2935.7  476.753
5  10  5  1204.22  8876.68  1129.95
For row 5 and col 11, pedestal is 239.825
5  11  1  32.974  121.502  94.4268
5  11  2  67.915  330.95  174.219
5  11  3  117.794  690.1  304.263
5  11  4  156.901  996.964  429.837
5  11  5  336.253  2473.41  810.276
For row 6 and col 0, pedestal is 208.399
6  0  1  34.6712  209.257  40.1547
6  0  2  102.12  633.232  112.508
6  0  3  150.843  994.152  169.886
6  0  4  910.149  6613.76  751.577
6  0  5  874.294  5733.36  794.894
For row 6 and col 1, pedestal is 216.501
6  1  1  10.4132  30.5378  51.1816
6  1  2  8.13016  37.4963  80.7134
6  1  3  9.34733  53.4887  83.9343
6  1  4  19.8521  160.048  224.617
6  1  5  24.0035  182.277  285.109
For row 6 and col 2, pedestal is 208.843
6  2  1  67.5598  366.667  58.4533
6  2  2  178.565  1054.99  154.659
6  2  3  269.279  1711.5  228.367
6  2  4  1318.04  9364.7  759.342
6  2  5  1561.61  10043.9  953.851
For row 6 and col 3, pedestal is 240.644
6  3  1  42.8233  289.758  70.3163
6  3  2  93.7286  659.591  106.559
6  3  3  230.277  1641.53  192.934
6  3  4  408.145  3203.42  302.035
6  3  5  938.229  7462.87  530.084
For row 6 and col 4, pedestal is 192.446
6  4  1  91.8736  476.594  97.4407
6  4  2  186.259  1046.69  167.336
6  4  3  376.227  2141.06  313.817
6  4  4  666.263  4357.03  481.981
6  4  5  1648.79  11050.3  1022.39
For row 6 and col 5, pedestal is 186.21
6  5  1  78.5756  357.019  106.108
6  5  2  144.059  841.843  217.549
6  5  3  263.166  1671.71  338.794
6  5  4  474.817  3533.06  594.055
6  5  5  1022.32  7855.38  1136.21
For row 6 and col 6, pedestal is 208.191
6  6  1  81.0965  446.959  97.4815
6  6  2  117.214  794.656  176.783
6  6  3  231.507  1767.63  348.205
6  6  4  534.383  4160.81  665.307
6  6  5  716.018  6012.36  1026.44
For row 6 and col 7, pedestal is 228.163
6  7  1  79.7014  540.625  111.387
6  7  2  133.154  947.492  171.991
6  7  3  273.759  2114.24  328.542
6  7  4  696.936  5443.12  785.786
6  7  5  1053.32  8640.04  1113.62
For row 6 and col 8, pedestal is 238.34
6  8  1  211.693  1261.87  113.133
6  8  2  406.919  2541.78  211.597
6  8  3  679.842  4714.25  328.911
6  8  4  1535.04  10666  667.341
6  8  5  2963.99  21815.8  838.491
For row 6 and col 9, pedestal is 231.331
6  9  1  51.6629  365.38  83.4287
6  9  2  86.692  615.931  132.397
6  9  3  176.84  1348.82  278.887
6  9  4  492.759  3870.83  591.437
6  9  5  975.642  7980.4  1090.75
For row 6 and col 10, pedestal is 216.819
6  10  1  72.5542  511.226  77.3046
6  10  2  92.9943  676.178  91.9891
6  10  3  183.086  1389.09  174.394
6  10  4  556.904  4246.49  421.266
6  10  5  1249.2  9942.88  871.206
For row 6 and col 11, pedestal is 180.757
6  11  1  37.928  254.454  63.3855
6  11  2  40.6826  291.701  62.4527
6  11  3  100.514  757.889  146.919
6  11  4  324.779  2457.28  363.719
6  11  5  858.272  6709.69  863.409
For row 7 and col 0, pedestal is 187.795
7  0  1  40.6468  191.446  46.7152
7  0  2  103.518  578.859  100.54
7  0  3  176.795  1079.13  166.926
7  0  4  760.978  5382.96  350.471
7  0  5  1081.34  6948.6  621.338
For row 7 and col 1, pedestal is 219.654
7  1  1  119.35  671.138  64.7336
7  1  2  284.768  1705.25  136.088
7  1  3  450.283  2930.37  215.906
7  1  4  2307.06  16842.7  619.284
7  1  5  2817.26  18620.7  805.752
For row 7 and col 2, pedestal is 248.435
7  2  1  53.2339  276.908  75.7488
7  2  2  127.497  731.356  151.543
7  2  3  172.047  1096.41  203.817
7  2  4  736.532  5301.33  454.636
7  2  5  1271.11  8348.33  848.446
For row 7 and col 3, pedestal is 230.388
7  3  1  46.353  269.129  113.181
7  3  2  92.5038  580.981  215.283
7  3  3  163.473  1065.52  398.152
7  3  4  326.379  2419.53  734.442
7  3  5  687.917  5102.55  1501.29
For row 7 and col 4, pedestal is 202.348
7  4  1  61.5342  297.708  162.009
7  4  2  104.255  641.537  172.25
7  4  3  184.871  1238.02  281.686
7  4  4  384.543  2888.3  539.013
7  4  5  903.129  6839.7  1043.07
For row 7 and col 5, pedestal is 218.655
7  5  1  77.3706  424.651  81.06
7  5  2  170.583  962.541  179.346
7  5  3  496.464  2832.72  388.414
7  5  4  778.101  5118.6  595.117
7  5  5  1679.3  11200.5  1117.34
For row 7 and col 6, pedestal is 218.03
7  6  1  77.5338  408.227  88.8059
7  6  2  120.554  702.627  144.001
7  6  3  233.097  1483.53  271.468
7  6  4  415.74  2704.55  470.281
7  6  5  1014.21  7076.68  926.956
For row 7 and col 7, pedestal is 236.141
7  7  1  46.7329  304.76  78.524
7  7  2  66.9907  483.639  126.493
7  7  3  105.76  833.151  227.979
7  7  4  320.408  2485  635.028
7  7  5  419.25  3433.95  828.825
For row 7 and col 8, pedestal is 208.693
7  8  1  76.6999  513.957  128.003
7  8  2  117.953  784.312  193.563
7  8  3  213.292  1551.96  347.363
7  8  4  469.124  3390.61  693.603
7  8  5  851.916  6544.63  1208.7
For row 7 and col 9, pedestal is 182.829
7  9  1  68.311  498.16  86.9935
7  9  2  115.911  823.806  126.222
7  9  3  257.36  1955.87  298.265
7  9  4  661.066  5048.28  620.899
7  9  5  1673.89  13274.5  1289.89
For row 7 and col 10, pedestal is 198.821
7  10  1  42.4375  296.98  78.6886
7  10  2  84.6565  606.687  137.17
7  10  3  174.676  1333.95  289.013
7  10  4  430.907  3362.48  627.41
7  10  5  879.562  7139.81  1112.31
For row 7 and col 11, pedestal is 194.635
7  11  1  31.4401  179.108  52.6446
7  11  2  41.3785  267.97  79.7293
7  11  3  134.996  1015.02  258.518
7  11  4  342.564  2604.06  553.715
7  11  5  676.115  5364.45  944.967
For row 8 and col 0, pedestal is 237.564
8  0  1  16.5438  94.5666  46.387
8  0  2  46.0925  288.02  128.246
8  0  3  80.4503  528.223  200.709
8  0  4  401.706  2911.24  519.637
8  0  5  387.011  2513.34  624.626
For row 8 and col 1, pedestal is 232.112
8  1  1  46.4475  288.536  60.4083
8  1  2  117.048  725.221  137.712
8  1  3  212.139  1405.25  242.212
8  1  4  792.348  5778.02  695.254
8  1  5  1176.57  7793.23  1037.29
For row 8 and col 2, pedestal is 210.875
8  2  1  116.985  706.224  62.1776
8  2  2  305.486  1809.05  161.929
8  2  3  474.431  3046.2  249.709
8  2  4  1477.18  10562.2  602.722
8  2  5  1458.49  9440.57  680.141
For row 8 and col 3, pedestal is 212.55
8  3  1  23.9297  164.366  81.9711
8  3  2  56.1533  388.015  185.295
8  3  3  90.592  600.109  261.949
8  3  4  219.189  1594.67  659.124
8  3  5  409.438  2980.23  1169.26
For row 8 and col 4, pedestal is 169.656
8  4  1  46.917  228.431  85.4669
8  4  2  26.9775  30.0108  81.4273
8  4  3  194.356  1171.29  312.021
8  4  4  328.8  2281.07  447.886
8  4  5  1030.42  7760.46  1180.57
For row 8 and col 5, pedestal is 184.721
8  5  1  156.442  805.764  89.8142
8  5  2  350.187  1988.7  193.692
8  5  3  883.254  5191.5  398.973
8  5  4  1463.56  9873.16  615.865
8  5  5  2622.79  17955.4  997.256
For row 8 and col 6, pedestal is 220.27
8  6  1  110.17  559.806  137.365
8  6  2  170.76  966.753  175.693
8  6  3  303.964  2085.86  321.952
8  6  4  606.494  4467.08  694.645
8  6  5  496.521  3943.91  725.34
For row 8 and col 7, pedestal is 193.271
8  7  1  53.1221  373.264  99.1334
8  7  2  82.8943  594.302  224.958
8  7  3  147.111  1134.22  300.878
8  7  4  316.343  2481.14  623.241
8  7  5  491.772  4071.22  930.027
For row 8 and col 8, pedestal is 211.415
8  8  1  102.259  622.991  165.694
8  8  2  139.141  889.588  208.415
8  8  3  303.645  2133.75  428.133
8  8  4  530.488  3740.53  678.991
8  8  5  1032.01  7717.69  1218.99
For row 8 and col 9, pedestal is 208.323
8  9  1  41.893  305.093  68.4381
8  9  2  67.8672  497.635  107.955
8  9  3  156.568  1239.37  243.721
8  9  4  272.593  2200.55  371.3
8  9  5  794.451  6623.22  971.965
For row 8 and col 10, pedestal is 222.387
8  10  1  30.9061  204.488  73.8756
8  10  2  62.4328  416.169  130.965
8  10  3  123.131  915.956  262.184
8  10  4  203.82  1563.08  371.447
8  10  5  719.842  5775.47  897.362
For row 8 and col 11, pedestal is 206.035
8  11  1  36.5618  270.461  66.6617
8  11  2  44.1361  348.434  90.7281
8  11  3  141.508  1099.1  236.492
8  11  4  392.739  3080.73  356.754
8  11  5  856.088  6977.49  640.863
For row 9 and col 0, pedestal is 219.899
9  0  1  23.962  138.485  72.914
9  0  2  50.6791  357.466  110.248
9  0  3  96.0826  685.927  199.542
9  0  4  355.472  2677.95  544.588
9  0  5  497.424  3355.83  754.002
For row 9 and col 1, pedestal is 292.477
9  1  1  66.1172  374.076  52.9418
9  1  2  168.161  1024.9  137.568
9  1  3  325.134  2107.02  241.09
9  1  4  1338.18  9628.83  519.938
9  1  5  1364.27  8923.33  748.256
For row 9 and col 2, pedestal is 212.891
9  2  1  108.947  665.914  60.7158
9  2  2  267.274  1637.8  142.777
9  2  3  474.873  3131.55  220.304
9  2  4  1673.42  12228.9  490.012
9  2  5  2165.09  14434  718.981
For row 9 and col 3, pedestal is 253.457
9  3  1  115.951  668.429  110.045
9  3  2  220.135  1361.7  205.248
9  3  3  457.18  2865.74  386.817
9  3  4  868.619  6176.34  664.011
9  3  5  2092.98  15087.3  1406.45
For row 9 and col 4, pedestal is 204.282
9  4  1  71.3606  415.206  84.8971
9  4  2  129.527  892.294  150.019
9  4  3  314.26  2156.55  371.729
9  4  4  546.771  4285.84  576.364
9  4  5  1524.07  11978.7  1233.39
For row 9 and col 5, pedestal is 186.333
9  5  1  72.1247  405.933  61.2089
9  5  2  177.476  1027.32  137.04
9  5  3  417.317  2449.43  298.464
9  5  4  827.919  5554.26  542.538
9  5  5  1724.07  11760.8  1035.8
For row 9 and col 6, pedestal is 239.391
9  6  1  127.05  680.584  115.468
9  6  2  180.751  1079.38  165.683
9  6  3  406.506  2621.38  327.972
9  6  4  797.644  5226.16  552.474
9  6  5  1287.75  8919.58  870.242
For row 9 and col 7, pedestal is 246.693
9  7  1  76.3658  584.097  81.9553
9  7  2  88.8128  716.055  109.101
9  7  3  130.104  1059.49  164.503
9  7  4  437.762  3379.72  523.384
9  7  5  854.458  6894.03  851.231
For row 9 and col 8, pedestal is 238.47
9  8  1  84.6677  535.735  149.049
9  8  2  123.885  808.423  207.628
9  8  3  244.16  1726.28  386.596
9  8  4  238.709  1669.47  398.756
9  8  5  581.832  4295.32  807.873
For row 9 and col 9, pedestal is 247.476
9  9  1  51.9548  369.722  104.093
9  9  2  85.6732  617.294  125.559
9  9  3  201.977  1536.45  309.044
9  9  4  534.376  4066.02  632.836
9  9  5  1163.35  9219.26  1145.52
For row 9 and col 10, pedestal is 233.129
9  10  1  53.7213  385.617  80.8722
9  10  2  85.5582  616.565  111.058
9  10  3  184.059  1427.98  232.506
9  10  4  421.916  3297.14  430.239
9  10  5  711.405  5757.57  658.334
For row 9 and col 11, pedestal is 218.869
9  11  1  77.5119  564.505  75.8968
9  11  2  150.668  1071.15  124.684
9  11  3  239.942  1834.02  199.649
9  11  4  618.506  4776.82  405.052
9  11  5  1656.04  13320.3  864.039
For row 10 and col 0, pedestal is 265.309
10  0  1  16.8892  79.1022  50.0345
10  0  2  17.4771  126.369  87.8123
10  0  3  39.2507  263.601  154.852
10  0  4  161.14  1148.22  433.904
10  0  5  185.998  1196.61  613.705
For row 10 and col 1, pedestal is 222.852
10  1  1  23.2662  149.859  36.3149
10  1  2  61.7418  405.38  84.396
10  1  3  177.045  1189.43  243.46
10  1  4  510.818  3828.02  588.471
10  1  5  813.966  5556.25  867.727
For row 10 and col 2, pedestal is 243.231
10  2  1  48.6145  295.366  44.2727
10  2  2  99.5025  624.226  79.6414
10  2  3  292.188  1880.91  198.831
10  2  4  883.579  6371.14  422.978
10  2  5  1315.13  8577.03  559.044
For row 10 and col 3, pedestal is 253.736
10  3  1  105.702  627.282  104.533
10  3  2  219.873  1379.3  203.734
10  3  3  423.249  2678.46  386.905
10  3  4  883.229  6348.37  673.066
10  3  5  1905.49  13865.5  1252.2
For row 10 and col 4, pedestal is 216.576
10  4  1  69.6162  362.26  117.505
10  4  2  140.164  879.612  197.254
10  4  3  322.644  2157.08  528.255
10  4  4  513.74  3850.96  626.229
10  4  5  1390.51  10582.6  1327.96
For row 10 and col 5, pedestal is 229.023
10  5  1  130.406  669.058  109.853
10  5  2  220.563  1189.88  160.718
10  5  3  636.136  3610.33  380.335
10  5  4  870.687  5689.36  505.863
10  5  5  2217.22  14730.1  1049.38
For row 10 and col 6, pedestal is 248.704
10  6  1  78.1883  469.903  78.8009
10  6  2  125.821  883.702  154.159
10  6  3  282.843  2155.08  344.803
10  6  4  434.077  3354.83  511.811
10  6  5  862.776  6950.49  949.046
For row 10 and col 7, pedestal is 245.124
10  7  1  55.2433  418.795  75.9317
10  7  2  70.386  629.838  125.253
10  7  3  188.496  1543.53  271.012
10  7  4  430.763  3335.97  570.293
10  7  5  660.073  5278.63  862.352
For row 10 and col 8, pedestal is 234.199
10  8  1  118.653  737.374  105.384
10  8  2  188.963  1236.88  171.996
10  8  3  316.194  2234.72  271.552
10  8  4  848.905  5938.42  581.223
10  8  5  1293.58  9593  805.787
For row 10 and col 9, pedestal is 206.754
10  9  1  40.9211  301.659  56.5435
10  9  2  72.6643  518.481  76.2736
10  9  3  124.552  963.906  133.189
10  9  4  408.147  3159.78  345.087
10  9  5  1056.86  8415.39  787.496
For row 10 and col 10, pedestal is 230.377
10  10  1  23.396  161.201  64.7867
10  10  2  44.4053  291.318  90.991
10  10  3  67.0702  510.285  161.466
10  10  4  217.452  1678.03  452.253
10  10  5  568.09  4548.61  1010.57
For row 10 and col 11, pedestal is 223.473
10  11  1  48.2652  322.428  70.3236
10  11  2  117.971  838.057  127.955
10  11  3  229.364  1759.08  241.311
10  11  4  527.701  4082.68  476.31
10  11  5  1036.22  8300.73  837.463
For row 11 and col 0, pedestal is 230.331
11  0  1  30.3576  153.991  46.4727
11  0  2  88.8487  530.131  112.271
11  0  3  137.28  905.211  139.314
11  0  4  617.848  4549.43  290.196
11  0  5  1006.17  6722.49  459.351
For row 11 and col 1, pedestal is 201.253
11  1  1  18.0195  88.7769  103.183
11  1  2  36.0444  229.995  136.75
11  1  3  76.2499  506.686  276.267
11  1  4  278.838  2090.1  702.81
11  1  5  246.157  1675.02  704.04
For row 11 and col 2, pedestal is 226.696
11  2  1  24.5136  108.924  85.6234
11  2  2  68.326  445.838  161.842
11  2  3  128.65  871.71  200.209
11  2  4  463.586  3418.76  423.759
11  2  5  563.117  3732.39  596.973
For row 11 and col 3, pedestal is 238.501
11  3  1  44.5589  212.169  165.797
11  3  2  70.7687  405.217  242.512
11  3  3  120.981  697.337  327.492
11  3  4  273.064  1870.91  609.873
11  3  5  651.054  4550.15  1162.88
For row 11 and col 4, pedestal is 230.2
11  4  1  73.4557  472.592  122.786
11  4  2  155.528  996.004  178.204
11  4  3  315.504  2176.76  409.272
11  4  4  701.555  5281.11  694.623
11  4  5  1766.98  13709.2  1463.03
For row 11 and col 5, pedestal is 229.471
11  5  1  83.8419  375.654  79.5307
11  5  2  223.573  1197.15  198.45
11  5  3  482.473  2818.89  353.548
11  5  4  725.685  4808.26  524.248
11  5  5  2338.72  15919.3  1239.89
For row 11 and col 6, pedestal is 221.425
11  6  1  88.3015  398.091  118.693
11  6  2  105.7  653.01  207.075
11  6  3  132.922  898.682  211.901
11  6  4  355.41  2617.41  511.518
11  6  5  566.805  4381.56  918.744
For row 11 and col 7, pedestal is 189.135
11  7  1  62.8116  364.861  255.754
11  7  2  84.8643  619.054  171.569
11  7  3  186.411  1489.82  284.917
11  7  4  325.097  2555.56  536.204
11  7  5  557.753  4523.6  916.021
For row 11 and col 8, pedestal is 213.627
11  8  1  101.942  657.606  104.844
11  8  2  197.021  1300.42  197.352
11  8  3  354.672  2540.8  352.229
11  8  4  666.754  4738.44  602.453
11  8  5  1301.76  9771.63  1119.83
For row 11 and col 9, pedestal is 194.154
11  9  1  45.8184  355.402  68.8124
11  9  2  94.8982  707.029  113.869
11  9  3  185.356  1452.79  234.962
11  9  4  459.151  3588.02  504.596
11  9  5  1224.9  9842.74  1092.53
For row 11 and col 10, pedestal is 196.747
11  10  1  40.6601  340.438  65.3383
11  10  2  90.6332  653.153  125.093
11  10  3  183.317  1475.38  243.154
11  10  4  499.722  3908.98  534.756
11  10  5  1029.18  8343.18  1033.87
For row 11 and col 11, pedestal is 247.434
11  11  1  38.4746  274.423  70.3791
11  11  2  66.8841  474.671  108.926
11  11  3  118.234  900.438  195.6
11  11  4  328.212  2545.54  441.064
11  11  5  729.674  5886.25  856.708
