#All information for run 1202.
#Row Col LED <Max> <Int> NPE
For row 0 and col 0, pedestal is 236.574
0  0  1  45.8236  253.181  86.3188
0  0  2  103.272  641.17  180.947
0  0  3  206.307  1341.35  363.791
0  0  4  441.104  3206.79  721.759
0  0  5  972.99  8815.1  1545.23
For row 0 and col 1, pedestal is 192.375
0  1  1  11.9996  41.9265  23.9526
0  1  2  83.8531  509.848  148.025
0  1  3  299.579  1857.14  432.967
0  1  4  385.232  2653.08  583.549
0  1  5  503.335  4360.09  831.574
For row 0 and col 2, pedestal is 211.682
0  2  1  26.1707  141.008  79.4696
0  2  2  62.634  385.131  195.624
0  2  3  129.053  797.614  305.073
0  2  4  292.224  2043.76  680.795
0  2  5  682.482  5984.51  802.529
For row 0 and col 3, pedestal is 215.274
0  3  1  66.1786  412.285  102.931
0  3  2  162.148  1007.73  202.7
0  3  3  217.79  1473.42  293.393
0  3  4  733.843  4645.96  690.392
0  3  5  1903.14  13382.1  1647.01
For row 0 and col 4, pedestal is 229.584
0  4  1  30.6217  132.867  89.1268
0  4  2  36.1584  228.837  94.9284
0  4  3  87.6714  594.962  207.528
0  4  4  317.688  2073.2  617.724
0  4  5  812.19  5895.78  1526.26
For row 0 and col 5, pedestal is 206.726
0  5  1  49.7362  393.725  59.5456
0  5  2  96.335  720.888  143.44
0  5  3  194.358  1452.74  265.666
0  5  4  531.833  3516.56  653.808
0  5  5  1905.58  14091.3  1672
For row 0 and col 6, pedestal is 202.785
0  6  1  50.7722  346.075  122.061
0  6  2  68.8053  494.669  166.972
0  6  3  115.664  930.799  366.155
0  6  4  196.393  2047.36  686.127
0  6  5  658.491  5255.6  979.896
For row 0 and col 7, pedestal is 193.037
0  7  1  27.3512  171.184  133.311
0  7  2  47.1938  200.656  99.6077
0  7  3  91.5946  599.605  162.67
0  7  4  126.678  1059.73  296.023
0  7  5  454.155  3488.42  928.223
For row 0 and col 8, pedestal is 232.41
0  8  1  38.6815  198.227  79.2888
0  8  2  77.4088  481.159  138.016
0  8  3  245.001  1653.39  383.913
0  8  4  299.046  2624.13  512.099
0  8  5  958.308  6930.07  1056.02
For row 0 and col 9, pedestal is 231.36
0  9  1  53.6562  296.61  112.349
0  9  2  124.756  713.525  215.28
0  9  3  193.038  1178.57  348.87
0  9  4  279.566  1838.03  482.098
0  9  5  668.825  4876.66  1045.47
For row 0 and col 10, pedestal is 213.256
0  10  1  47.2671  254.601  82.4485
0  10  2  98.6822  593.772  188.946
0  10  3  149.865  935.235  297.453
0  10  4  284.025  1875.34  460.547
0  10  5  522.11  3865.7  802.317
For row 0 and col 11, pedestal is 181.537
0  11  1  57.5279  313.27  99.5721
0  11  2  118.675  680.144  177.589
0  11  3  202.491  1231.34  250.773
0  11  4  406.402  2664.87  390.196
0  11  5  581.843  4292.57  556.645
For row 1 and col 0, pedestal is 168.435
1  0  1  31.8184  171.267  40.129
1  0  2  92.0407  585.657  120.572
1  0  3  283.075  1811.55  273.38
1  0  4  512.132  3637.98  504.321
1  0  5  1542.08  13610.8  948.706
For row 1 and col 1, pedestal is 199.622
1  1  1  50.2473  292.479  61.3177
1  1  2  147.312  929.171  165.38
1  1  3  234.594  1494.89  250.194
1  1  4  547.127  3864.3  516.838
1  1  5  928.481  8191.06  939.2
For row 1 and col 2, pedestal is 213.684
1  2  1  33.5519  207.274  89.7608
1  2  2  73.5031  510.358  223.399
1  2  3  189.564  1280.32  456.446
1  2  4  363.74  2699.85  814.137
1  2  5  720.128  6572.57  1613.52
For row 1 and col 3, pedestal is 195.01
1  3  1  50.8149  314.519  83.3225
1  3  2  84.2977  542.824  162.124
1  3  3  163.301  1113.68  302.573
1  3  4  537.01  3392.72  863.247
1  3  5  1170.05  8179.91  1808.49
For row 1 and col 4, pedestal is 203.567
1  4  1  24.6343  169.205  43.7922
1  4  2  196.396  1132.65  158.507
1  4  3  293.61  1863.54  250.82
1  4  4  1185.44  6971.3  775.639
1  4  5  3277.21  21727.7  1570.27
For row 1 and col 5, pedestal is 203.639
1  5  1  34.3914  199.49  91.6782
1  5  2  62.3725  371.112  152.907
1  5  3  111.774  770.688  329.276
1  5  4  290.133  1880.21  818.456
1  5  5  899.249  6573.94  1985.06
For row 1 and col 6, pedestal is 147.979
1  6  1  158.501  854.721  156.182
1  6  2  239.459  1344.12  221.044
1  6  3  505.404  3283.3  408.069
1  6  4  824.908  6919.61  761.056
1  6  5  2509.43  17574.5  1233.33
For row 1 and col 7, pedestal is 194.779
1  7  1  76.8471  445.91  114.913
1  7  2  139.617  879.522  183.449
1  7  3  260.741  1853.12  341.758
1  7  4  408.632  3824.42  650.2
1  7  5  1243.93  9726.06  1312.03
For row 1 and col 8, pedestal is 224.423
1  8  1  82.5249  473.489  121.6
1  8  2  114.755  739.792  168.098
1  8  3  273.331  1933.71  394.664
1  8  4  387.169  3462.87  550.986
1  8  5  1173.23  8803.42  1345.9
For row 1 and col 9, pedestal is 212.953
1  9  1  36.5618  205.19  78.4976
1  9  2  90.0485  549.614  174.986
1  9  3  143.036  894.329  295.251
1  9  4  291.514  1938.61  521.813
1  9  5  604.795  4487.85  993.826
For row 1 and col 10, pedestal is 195.186
1  10  1  42.4246  279.378  78.4631
1  10  2  100.791  623.155  170.459
1  10  3  185.826  1170.64  337.832
1  10  4  340.786  2326.23  574.533
1  10  5  668.076  5014.51  1146.4
For row 1 and col 11, pedestal is 209.941
1  11  1  37.4523  219.675  79.0499
1  11  2  68.4912  426.745  187.209
1  11  3  145.197  901.693  373.569
1  11  4  257.055  1730.3  546.328
1  11  5  473.567  3580.52  972.938
For row 2 and col 0, pedestal is 200.511
2  0  1  22.7782  106.63  65.1326
2  0  2  52.1081  319.947  135.151
2  0  3  126.533  807.502  295.595
2  0  4  293.132  2107.48  593.282
2  0  5  734.82  6568.41  1246.99
For row 2 and col 1, pedestal is 225.134
2  1  1  42.9709  255.726  83.3536
2  1  2  78.1121  509.754  156.215
2  1  3  208.079  1363.52  341.712
2  1  4  237.353  1738.92  405.491
2  1  5  727.211  6618.21  1032.71
For row 2 and col 2, pedestal is 186.841
2  2  1  56.2155  336.089  80.9102
2  2  2  102.806  700.505  137.178
2  2  3  329.974  2208.55  328.217
2  2  4  373.228  2783.16  405.193
2  2  5  959.512  8835.54  863.23
For row 2 and col 3, pedestal is 210.421
2  3  1  31.5343  151.349  104.879
2  3  2  57.419  349.525  218.844
2  3  3  56.6904  362.145  205.348
2  3  4  259.495  1673.46  835.646
2  3  5  888.27  6300.5  2332.33
For row 2 and col 4, pedestal is 183.19
2  4  1  39.5995  269.2  94.2594
2  4  2  84.3654  564.634  131.907
2  4  3  151.452  1102.22  271.875
2  4  4  442.002  2927.04  693.15
2  4  5  1785.54  13141.7  1937.23
For row 2 and col 5, pedestal is 216.34
2  5  1  63.2715  388.353  80.842
2  5  2  104.708  623.777  122.679
2  5  3  215.064  1493.98  256.208
2  5  4  731.625  4822.72  740.863
2  5  5  2231.08  16473.8  1895.11
For row 2 and col 6, pedestal is 179.773
2  6  1  87.8496  373.742  98.7692
2  6  2  114.346  719.601  191.74
2  6  3  188.606  1361.5  334.078
2  6  4  329.775  3184.13  599.167
2  6  5  1055.08  8606.6  1196.82
For row 2 and col 7, pedestal is 227.581
2  7  1  55.0131  348.409  191.791
2  7  2  91.9841  618.265  191.393
2  7  3  197.985  1524.75  364.805
2  7  4  236.8  2418.24  530.587
2  7  5  909.984  7505.56  1187.92
For row 2 and col 8, pedestal is 201.116
2  8  1  67.2152  459.837  184.325
2  8  2  81.5965  588.195  224.086
2  8  3  207.479  1587.96  449.4
2  8  4  330.883  3160.38  841.844
2  8  5  898.334  7132.14  1652.03
For row 2 and col 9, pedestal is 211.769
2  9  1  25.5252  159.163  79.2058
2  9  2  67.7395  413.018  248.758
2  9  3  103.958  651.434  329.188
2  9  4  196.529  1314.35  511.332
2  9  5  368.34  2786.7  867.279
For row 2 and col 10, pedestal is 236.46
2  10  1  55.3616  348.468  63.4557
2  10  2  115.2  737.433  131.502
2  10  3  255.062  1654.63  264.162
2  10  4  402.174  2808.73  357.549
2  10  5  856.483  6666.5  661.641
For row 2 and col 11, pedestal is 208.402
2  11  1  63.7057  400.13  72.2658
2  11  2  135.055  833.242  154.523
2  11  3  252.163  1630.85  226.082
2  11  4  500.753  3514.27  339.52
2  11  5  1050.16  8133.39  1062.81
For row 3 and col 0, pedestal is 230.593
3  0  1  57.9931  344.854  76.2977
3  0  2  138.981  850.827  164.338
3  0  3  375.802  2387.88  364.744
3  0  4  631.467  4434.54  569.485
3  0  5  1173.04  10201.4  1011.71
For row 3 and col 1, pedestal is 199.471
3  1  1  21.9319  82.3078  32.4628
3  1  2  61.6722  347.795  135.485
3  1  3  208.574  1333.56  388.236
3  1  4  285.48  2027.08  521.18
3  1  5  671.956  5946.82  1135.12
For row 3 and col 2, pedestal is 218.633
3  2  1  44.7024  251.705  98.5402
3  2  2  86.9258  576.324  199.142
3  2  3  242.44  1566.77  491.652
3  2  4  383.437  2706.41  754.688
3  2  5  1024.78  8920.62  1908.75
For row 3 and col 3, pedestal is 173.082
3  3  1  50.7998  282.277  101.069
3  3  2  131.612  747.971  240.707
3  3  3  10.58  57.8774  31.815
3  3  4  560.908  3489.55  878.499
3  3  5  1602.18  11066.5  2160.55
For row 3 and col 4, pedestal is 209.39
3  4  1  58.4409  282.54  78.4345
3  4  2  83.0414  556.749  96.785
3  4  3  236.107  1635.77  273.304
3  4  4  590.878  3950.29  665.607
3  4  5  2177.06  16432.6  1837.88
For row 3 and col 5, pedestal is 179.503
3  5  1  65.7531  392.413  164.439
3  5  2  87.413  583.705  155.906
3  5  3  227.553  1632.1  331.582
3  5  4  768.081  5252.14  963.023
3  5  5  2026.48  15630.3  2013.59
For row 3 and col 6, pedestal is 218.014
3  6  1  107.072  647.547  140.949
3  6  2  147.547  906.117  188.705
3  6  3  407.386  2732.75  379.288
3  6  4  623.396  5308.85  676.94
3  6  5  2085.37  14691.9  1365.06
For row 3 and col 7, pedestal is 222.558
3  7  1  105.452  586.895  91.2587
3  7  2  119.192  761.949  156.783
3  7  3  230.449  1823.67  394.725
3  7  4  382.743  3697.42  669.462
3  7  5  756.997  6008.45  992.757
For row 3 and col 8, pedestal is 173.138
3  8  1  48.7773  264.967  184.869
3  8  2  53.2691  304.798  230.617
3  8  3  155.03  1088.86  577.461
3  8  4  201.397  1762.93  814.947
3  8  5  529.456  4016.19  1554.58
For row 3 and col 9, pedestal is 187.571
3  9  1  31.3265  183.647  107.042
3  9  2  61.0737  333.144  179.186
3  9  3  114.632  678.99  338.335
3  9  4  239.151  1541.32  561.406
3  9  5  497.259  3653.6  1183.95
For row 3 and col 10, pedestal is 183.406
3  10  1  23.8515  143.936  60.4384
3  10  2  51.6672  330.473  193.516
3  10  3  104.373  662.45  358.699
3  10  4  124.309  837.703  356.716
3  10  5  375.234  2801.18  998.949
For row 3 and col 11, pedestal is 205.278
3  11  1  26.2287  157.906  62.3949
3  11  2  70.1795  422.817  177.323
3  11  3  132.114  825.239  304.129
3  11  4  258.018  1714.76  510.636
3  11  5  465.992  3509.37  854.928
For row 4 and col 0, pedestal is 180.982
4  0  1  8.94102  49.3654  28.8316
4  0  2  77.8287  477.516  171.096
4  0  3  182.528  1163.67  362.464
4  0  4  299.101  2116.05  590.684
4  0  5  749.162  6563.75  1361.56
For row 4 and col 1, pedestal is 215.843
4  1  1  39.0998  215.585  76.1493
4  1  2  104.767  659.119  201.097
4  1  3  258.358  1637.75  408.493
4  1  4  391.638  2789.37  598.443
4  1  5  1177.65  10479.3  842.335
For row 4 and col 2, pedestal is 209.194
4  2  1  25.8859  140.823  90.7403
4  2  2  53.5222  334.872  175.792
4  2  3  144.231  945.11  450.21
4  2  4  153.262  1114.38  533.694
4  2  5  317.856  2886.85  1211.17
For row 4 and col 3, pedestal is 202.29
4  3  1  31.2754  172.161  90.8938
4  3  2  65.2034  380.728  211.671
4  3  3  96.2227  633.579  296.379
4  3  4  365.529  2294.59  907.233
4  3  5  965.553  6729.53  2007.19
For row 4 and col 4, pedestal is 227.944
4  4  1  46.3439  284.17  149.617
4  4  2  46.9628  398.502  95.5674
4  4  3  122.975  959.52  285.892
4  4  4  506.514  3363.14  788.916
4  4  5  1361.66  10089.2  1824.16
For row 4 and col 5, pedestal is 192.391
4  5  1  22.4445  33.8177  153.938
4  5  2  158.834  936.074  150.061
4  5  3  330.488  2079.92  281.408
4  5  4  52.0732  265.015  99.0091
4  5  5  2568.35  17072.2  1657.82
For row 4 and col 6, pedestal is 188.974
4  6  1  107.782  480.916  115.553
4  6  2  95.6789  772.05  118.062
4  6  3  249.056  1984.89  427.014
4  6  4  281.171  2966.8  576.569
4  6  5  988.133  8092.21  1357.49
For row 4 and col 7, pedestal is 219.328
4  7  1  67.6365  330.7  115.55
4  7  2  74.0513  580.471  224.203
4  7  3  169.707  1294.27  255.579
4  7  4  255.109  2605.02  402.27
4  7  5  1031.52  8387.62  1163.51
For row 4 and col 8, pedestal is 192.059
4  8  1  97.9624  591.071  125.288
4  8  2  158.348  1026.01  206.811
4  8  3  363.636  2619.26  427.151
4  8  4  457.015  4148.68  681.703
4  8  5  1433.93  10769.2  1402
For row 4 and col 9, pedestal is 216.17
4  9  1  33.9894  162.95  109.51
4  9  2  73.4558  402.664  160.331
4  9  3  136.66  852.64  292.459
4  9  4  238.327  1592.24  428.846
4  9  5  482.368  3585.42  690.955
For row 4 and col 10, pedestal is 210.856
4  10  1  63.5546  401.164  114.896
4  10  2  154.766  980.182  249.871
4  10  3  261.39  1650.12  403.276
4  10  4  433.344  2887.93  603.621
4  10  5  775.968  5807.39  1122.01
For row 4 and col 11, pedestal is 206.615
4  11  1  17.0201  98.3759  149.721
4  11  2  23.0712  179.889  202.655
4  11  3  47.7619  319.801  183.935
4  11  4  109.344  767.615  291.716
4  11  5  181.859  1375.35  471.799
For row 5 and col 0, pedestal is 191.178
5  0  1  31.5338  152.773  83.1352
5  0  2  69.7811  404.804  185.313
5  0  3  176.612  1078.8  438.353
5  0  4  280.866  1891.68  680.014
5  0  5  641.864  5480.29  1451.73
For row 5 and col 1, pedestal is 199.344
5  1  1  7.75335  42.1449  53.2685
5  1  2  27.1929  177.158  133.374
5  1  3  8.59933  51.4893  90.2634
5  1  4  100.701  718.621  439.59
5  1  5  284.352  2486  1111.5
For row 5 and col 2, pedestal is 196.21
5  2  1  77.8579  447.847  92.7291
5  2  2  188.594  1161.5  226.066
5  2  3  436.137  2820.14  431.182
5  2  4  572.11  4096.13  577.078
5  2  5  1683.02  15006.9  1625.29
For row 5 and col 3, pedestal is 224.93
5  3  1  31.61  186.993  81.3209
5  3  2  62.4093  384.655  163.505
5  3  3  106.761  711.432  265.704
5  3  4  387.904  2393.65  817.071
5  3  5  1250.82  8563.15  2190.55
For row 5 and col 4, pedestal is 208.447
5  4  1  68.6937  361.697  115.501
5  4  2  107.17  790.546  168.959
5  4  3  190.506  1404.39  323.02
5  4  4  461.038  3159.05  593.996
5  4  5  2112.05  15908.9  1998.4
For row 5 and col 5, pedestal is 172.965
5  5  1  152.998  764.496  108.606
5  5  2  250.357  1396.41  186.537
5  5  3  496.934  3091.78  332.578
5  5  4  1442.55  8560.3  746.643
5  5  5  8018.23  48523.9  nan
For row 5 and col 6, pedestal is 218.554
5  6  1  94.8523  448.149  131.008
5  6  2  107.877  756.736  118.943
5  6  3  293.596  1892.55  324.83
5  6  4  411.453  3537.27  490.031
5  6  5  1316.69  9051.14  1115.11
For row 5 and col 7, pedestal is 230.348
5  7  1  45.2259  253.357  234.647
5  7  2  50.5054  438.803  276.818
5  7  3  85.8005  767.553  226.787
5  7  4  136.977  1471.77  988.2
5  7  5  394.875  3298.68  954.799
For row 5 and col 8, pedestal is 212.596
5  8  1  66.8832  437.782  87.3359
5  8  2  179.252  1121.81  234.151
5  8  3  404.114  2799.07  443.928
5  8  4  491.183  4306.95  652.479
5  8  5  1811.99  13170.3  1557.03
For row 5 and col 9, pedestal is 215.952
5  9  1  36.2353  275.37  51.557
5  9  2  66.395  478.268  75.722
5  9  3  172.238  1163.34  138.098
5  9  4  274.995  1958.55  177.532
5  9  5  753.507  5776.24  400.448
For row 5 and col 10, pedestal is 205.421
5  10  1  54.2304  341.011  94.9072
5  10  2  111.622  700.582  188.407
5  10  3  169.241  1083.48  308.499
5  10  4  287.212  1948.84  503.802
5  10  5  790.063  5888.1  1130.29
For row 5 and col 11, pedestal is 240.225
5  11  1  27.2699  84.569  104.855
5  11  2  48.6482  217.749  153.576
5  11  3  77.7906  448.17  315.016
5  11  4  103.244  647.914  380.87
5  11  5  217.29  1603.48  799.713
For row 6 and col 0, pedestal is 207.923
6  0  1  22.0933  137.947  42.7401
6  0  2  65.5305  412.167  113.608
6  0  3  96.6351  648.302  173.194
6  0  4  591.215  4307.47  744.185
6  0  5  566.485  3723.58  820.538
For row 6 and col 1, pedestal is 217.064
6  1  1  10.2329  25.9821  36.1931
6  1  2  7.56452  28.4398  89.4374
6  1  3  7.64631  32.6927  104.214
6  1  4  12.9637  83.5758  119.984
6  1  5  14.3641  90.3662  144.812
For row 6 and col 2, pedestal is 208.775
6  2  1  44.1841  240.843  57.0177
6  2  2  115.032  688.71  148.058
6  2  3  174.386  1113.27  240.747
6  2  4  847.39  6047.58  862.453
6  2  5  997.117  6446.75  1019.68
For row 6 and col 3, pedestal is 241.323
6  3  1  28.9455  190.781  73.0943
6  3  2  60.2221  430.354  124.199
6  3  3  149.848  1064.52  212.931
6  3  4  265.563  2106.35  344.579
6  3  5  610.534  4831.54  629.262
For row 6 and col 4, pedestal is 192.563
6  4  1  84.2998  426.534  101.347
6  4  2  168.239  942.974  174.022
6  4  3  338.031  1920.97  329.124
6  4  4  599.621  3919.72  499.898
6  4  5  1480.79  9932.43  1036.84
For row 6 and col 5, pedestal is 187.006
6  5  1  72.7322  321.297  110.148
6  5  2  131.703  757.821  208.247
6  5  3  237.161  1501.41  326.832
6  5  4  427.576  3174.35  578.651
6  5  5  917.922  7045.13  1158.3
For row 6 and col 6, pedestal is 208.949
6  6  1  74.9566  404.225  93.1711
6  6  2  106.002  718.477  182.435
6  6  3  208.815  1590.27  322.683
6  6  4  479.192  3737.68  655.112
6  6  5  641.01  5401.85  924.292
For row 6 and col 7, pedestal is 228.249
6  7  1  71.151  487.383  106.579
6  7  2  117.635  849.906  181.391
6  7  3  244.871  1895.38  349.752
6  7  4  621.939  4871.55  797.584
6  7  5  940.084  7726.42  1122.04
For row 6 and col 8, pedestal is 238.176
6  8  1  139.782  835.456  119.971
6  8  2  265.514  1667.24  200.172
6  8  3  444.027  3095.14  364.318
6  8  4  1003.5  6986.84  654.015
6  8  5  1930.96  14274.8  976.094
For row 6 and col 9, pedestal is 231.27
6  9  1  34.8107  239.435  80.0334
6  9  2  57.4196  404.094  124.042
6  9  3  115.761  880.301  251.271
6  9  4  317.553  2514.04  623.785
6  9  5  627.354  5162.2  1140.62
For row 6 and col 10, pedestal is 216.491
6  10  1  47.8854  333.777  74.2813
6  10  2  60.1638  440.207  88.9274
6  10  3  118.777  904.217  196.189
6  10  4  358.589  2751.57  443.148
6  10  5  810.856  6501.73  845.844
For row 6 and col 11, pedestal is 181.137
6  11  1  26.7214  172.228  75.7808
6  11  2  27.2947  195.607  69.892
6  11  3  66.132  502.273  150.653
6  11  4  211.23  1621.56  397.253
6  11  5  561.03  4413.23  866.833
For row 7 and col 0, pedestal is 187.971
7  0  1  27.3149  119.051  55.1155
7  0  2  66.8729  369.187  97.042
7  0  3  114.917  691.574  165.899
7  0  4  486.5  3436.62  340.999
7  0  5  692.389  4430.62  574.201
For row 7 and col 1, pedestal is 219.766
7  1  1  79.0966  442.174  65.2608
7  1  2  188.148  1122.33  146.271
7  1  3  296.051  1928.86  225.64
7  1  4  1508.06  11054  688.094
7  1  5  1833.99  12176.7  944.263
For row 7 and col 2, pedestal is 248.065
7  2  1  36.6987  183.875  80.2203
7  2  2  84.3842  478.706  167.432
7  2  3  112.324  717.765  213.657
7  2  4  476.826  3435.16  500.396
7  2  5  816.562  5366.12  794.372
For row 7 and col 3, pedestal is 230.381
7  3  1  31.7709  186.722  89.9593
7  3  2  62.4205  395.266  195.181
7  3  3  109.041  720.515  402.549
7  3  4  218.184  1629.28  765.026
7  3  5  460.235  3431.24  1391.21
For row 7 and col 4, pedestal is 202.41
7  4  1  58.356  267.27  143.628
7  4  2  93.7694  575.747  159.964
7  4  3  164.839  1111.35  273.096
7  4  4  343.553  2592.75  558.17
7  4  5  808.531  6131.74  1126.55
For row 7 and col 5, pedestal is 219.166
7  5  1  69.9628  385.086  88.0034
7  5  2  153.925  866.729  183.862
7  5  3  446.036  2547.69  406.659
7  5  4  700.201  4605.06  594.722
7  5  5  1508.73  10059.4  1113.05
For row 7 and col 6, pedestal is 218.036
7  6  1  70.0608  370.167  93.6171
7  6  2  108.082  630.977  138.627
7  6  3  208.428  1328.62  260.079
7  6  4  373.228  2426.28  456.564
7  6  5  910.729  6355.51  936.389
For row 7 and col 7, pedestal is 236.227
7  7  1  42.072  275.834  72.3213
7  7  2  59.9252  437.826  121.084
7  7  3  94.6795  751.537  222.178
7  7  4  288.417  2246.67  654.455
7  7  5  377.561  3098.75  775.509
For row 7 and col 8, pedestal is 208.535
7  8  1  51.87  343.566  154.12
7  8  2  78.694  524.826  204.613
7  8  3  142.312  1040.55  345.101
7  8  4  312.76  2269.18  700.799
7  8  5  567.783  4372.49  1194.62
For row 7 and col 9, pedestal is 182.553
7  9  1  45.4395  332.714  79.0478
7  9  2  76.4513  547.317  118.987
7  9  3  170.216  1301.51  302.281
7  9  4  436.427  3354.97  615.74
7  9  5  1104.45  8805.8  1362.95
For row 7 and col 10, pedestal is 198.79
7  10  1  28.8229  200.49  88.9678
7  10  2  56.2229  405.268  135.466
7  10  3  115.42  882.916  307.819
7  10  4  282.325  2213.91  594.745
7  10  5  575.675  4700  1148.72
For row 7 and col 11, pedestal is 195.088
7  11  1  23.3506  121.622  40.3669
7  11  2  28.8258  181.878  97.3587
7  11  3  89.776  673.705  275.247
7  11  4  226.467  1723.61  555.644
7  11  5  445.508  3543.4  990.972
For row 8 and col 0, pedestal is 237.468
8  0  1  11.7383  63.3078  56.8383
8  0  2  30.1678  191.377  108.292
8  0  3  52.6876  348.899  232.565
8  0  4  263.411  1914.61  574.575
8  0  5  253.87  1650.84  714.405
For row 8 and col 1, pedestal is 232.493
8  1  1  29.915  195.63  63.301
8  1  2  76.4161  481.18  132.546
8  1  3  137.034  922.827  230.151
8  1  4  511.479  3759.9  712.53
8  1  5  756.525  5041.58  1101.61
For row 8 and col 2, pedestal is 211.375
8  2  1  77.0987  471.969  68.0245
8  2  2  202.458  1201.82  165.3
8  2  3  311.585  2016.82  239.676
8  2  4  969.636  6948.75  622.831
8  2  5  955.694  6208.33  694.269
For row 8 and col 3, pedestal is 212.554
8  3  1  34.8431  225.304  88.1881
8  3  2  80.6133  534.194  214.199
8  3  3  127.762  825.818  283.474
8  3  4  307.615  2215.6  707.06
8  3  5  571.657  4137.28  1308.75
For row 8 and col 4, pedestal is 169.554
8  4  1  44.6174  206.563  79.7799
8  4  2  26.2799  28.9719  95.2649
8  4  3  176.404  1055.25  325.12
8  4  4  298.565  2054.3  434.127
8  4  5  927.701  6972.92  1153.67
For row 8 and col 5, pedestal is 184.444
8  5  1  141.166  727.25  88.8106
8  5  2  314.566  1792.67  193.527
8  5  3  792.452  4672.38  432.215
8  5  4  1316.92  8892.34  638.14
8  5  5  2355.15  16155.1  1015.9
For row 8 and col 6, pedestal is 220.163
8  6  1  102.349  509.289  137.356
8  6  2  156.595  873.938  163.125
8  6  3  274.586  1872.78  309.684
8  6  4  543.482  4000.89  631.213
8  6  5  445.536  3534.22  718.883
For row 8 and col 7, pedestal is 192.831
8  7  1  48.518  342.801  95.2165
8  7  2  75.6184  546.035  201.706
8  7  3  132.966  1025.31  300.136
8  7  4  284.228  2234.17  614.456
8  7  5  443.428  3663.4  953.704
For row 8 and col 8, pedestal is 211.758
8  8  1  68.5213  419.181  163.721
8  8  2  93.4751  596.629  213.34
8  8  3  201.486  1426.91  396.888
8  8  4  350.53  2497.23  702.202
8  8  5  682.267  5128.23  1245.63
For row 8 and col 9, pedestal is 208.362
8  9  1  28.1546  204.615  63.1683
8  9  2  44.9123  334.108  103.53
8  9  3  104.854  835.618  260.091
8  9  4  182.151  1489.83  396.113
8  9  5  532.386  4469.54  1008.47
For row 8 and col 10, pedestal is 222.255
8  10  1  21.1696  132.544  84.6568
8  10  2  41.1658  266.874  123.699
8  10  3  79.5973  581.924  238.916
8  10  4  130.164  994.665  360.638
8  10  5  455.324  3653.23  973.246
For row 8 and col 11, pedestal is 206.008
8  11  1  25.26  188.593  69.0128
8  11  2  29.486  242.141  85.1255
8  11  3  94.4033  737.786  228.112
8  11  4  259.977  2045.47  361.616
8  11  5  563.865  4617.41  717.051
For row 9 and col 0, pedestal is 219.62
9  0  1  18.1237  94.6046  82.9148
9  0  2  33.096  240.623  99.518
9  0  3  60.5992  456.911  184.961
9  0  4  231.63  1769.53  575.449
9  0  5  325.672  2210.07  844.123
For row 9 and col 1, pedestal is 292.514
9  1  1  42.6616  245.239  54.1996
9  1  2  107.069  664.796  135.731
9  1  3  206.795  1359.3  249.783
9  1  4  851.779  6153.35  531.913
9  1  5  869.572  5718.21  776.014
For row 9 and col 2, pedestal is 213.456
9  2  1  70.169  448.725  58.6152
9  2  2  176.211  1090.26  153.389
9  2  3  310.841  2072.58  239.304
9  2  4  1099.5  8089.72  636.921
9  2  5  1409.26  9448.2  858.792
For row 9 and col 3, pedestal is 253.923
9  3  1  75.5125  433.514  105.655
9  3  2  141.525  878.179  201.661
9  3  3  291.955  1841.89  379.703
9  3  4  554.492  3968.49  691.992
9  3  5  1339.52  9682.07  1438.62
For row 9 and col 4, pedestal is 204.559
9  4  1  64.7582  378.727  89.3417
9  4  2  115.714  806.859  148.416
9  4  3  281.729  1943.82  371.597
9  4  4  490.93  3859.41  563.188
9  4  5  1364.78  10737.6  1292.67
For row 9 and col 5, pedestal is 186.453
9  5  1  64.2809  363.994  60.4713
9  5  2  158.454  921.215  140.178
9  5  3  372.033  2190.17  310.488
9  5  4  738.668  4967.19  547.257
9  5  5  1538.53  10522.3  1020.94
For row 9 and col 6, pedestal is 239.636
9  6  1  114.752  614.586  112.885
9  6  2  162.763  977.266  162.131
9  6  3  364.82  2359.24  312.376
9  6  4  717.892  4708.43  575.761
9  6  5  1157.87  8026.35  915.524
For row 9 and col 7, pedestal is 246.443
9  7  1  67.2464  531.434  82.7854
9  7  2  77.6334  646.274  104.367
9  7  3  116.233  954.606  159.282
9  7  4  395.002  3047.4  509.831
9  7  5  769.534  6204.04  841.875
For row 9 and col 8, pedestal is 237.987
9  8  1  56.384  362.063  150.681
9  8  2  81.1213  541.688  208.451
9  8  3  160.784  1141.83  412.736
9  8  4  157.056  1108.1  413.127
9  8  5  381.3  2824.65  850.936
For row 9 and col 9, pedestal is 247.546
9  9  1  35.8812  241.692  131.493
9  9  2  54.3683  402.625  134.409
9  9  3  129.911  991.713  309.46
9  9  4  342.14  2613.07  622.926
9  9  5  746.008  5921.58  1093.97
For row 9 and col 10, pedestal is 233.1
9  10  1  36.0117  252.789  72.8185
9  10  2  55.7617  404.381  110.551
9  10  3  119.304  933.966  238.253
9  10  4  271.396  2144.77  440.28
9  10  5  460.381  3747.26  660.043
For row 9 and col 11, pedestal is 219.405
9  11  1  49.3043  361.868  72.4393
9  11  2  97.4007  691.178  132.922
9  11  3  154.698  1182.33  209.249
9  11  4  397.09  3064.13  389.509
9  11  5  1065.59  8596.17  833.396
For row 10 and col 0, pedestal is 265.145
10  0  1  14.8484  66.3396  70.4086
10  0  2  13.8863  95.5733  120.548
10  0  3  26.2091  183.212  163.314
10  0  4  106.15  761.07  436.868
10  0  5  122.455  791.35  628.672
For row 10 and col 1, pedestal is 223.494
10  1  1  16.782  106.071  61.6438
10  1  2  42.3658  274.11  83.5571
10  1  3  117.455  796.097  241.287
10  1  4  339.36  2560.14  577.245
10  1  5  539.291  3710.94  900.751
For row 10 and col 2, pedestal is 243.159
10  2  1  31.8404  193.596  51.2387
10  2  2  64.1889  407.392  90.4392
10  2  3  188.705  1216.1  203.416
10  2  4  568.514  4115.74  436.905
10  2  5  847.458  5534.33  599.98
For row 10 and col 3, pedestal is 253.982
10  3  1  69.494  419.588  103.157
10  3  2  146.177  920.701  210.072
10  3  3  278.47  1775.04  396.806
10  3  4  582.711  4193.25  692.816
10  3  5  1254.49  9156.51  1208.89
For row 10 and col 4, pedestal is 215.952
10  4  1  64.9903  328.906  137.338
10  4  2  126.377  796.522  208.393
10  4  3  292.858  1945.94  517.22
10  4  4  462.779  3465.61  626.165
10  4  5  1249.88  9501.64  1351.46
For row 10 and col 5, pedestal is 229.678
10  5  1  119.083  606.141  107.467
10  5  2  199.485  1068.47  145.336
10  5  3  571.028  3241.19  379.914
10  5  4  781.096  5109.6  518.263
10  5  5  1983.97  13202.4  1062.89
For row 10 and col 6, pedestal is 249.225
10  6  1  71.69  421.516  98.0325
10  6  2  111.634  791.642  144.351
10  6  3  252.321  1930.72  327.469
10  6  4  387.49  3006.78  525.71
10  6  5  773.686  6227.18  954.155
For row 10 and col 7, pedestal is 245.521
10  7  1  48.9445  378.142  82.3105
10  7  2  63.2314  567.56  156.193
10  7  3  168.174  1385.94  262.458
10  7  4  385.602  2989.05  579.315
10  7  5  594.427  4735.06  852.248
For row 10 and col 8, pedestal is 234.217
10  8  1  76.0813  485.995  113.766
10  8  2  121.544  816.343  178.637
10  8  3  204.036  1464.79  292.747
10  8  4  546.168  3850.72  691.023
10  8  5  826.218  6153.05  967.194
For row 10 and col 9, pedestal is 206.633
10  9  1  27.8966  201.168  59.6413
10  9  2  46.1949  338.183  71.912
10  9  3  78.2856  623.168  131.842
10  9  4  259.218  2029.4  329.849
10  9  5  675.201  5403.57  783.172
For row 10 and col 10, pedestal is 230.442
10  10  1  15.7714  100.424  65.7338
10  10  2  29.2716  185.594  65.6551
10  10  3  43.0631  326.587  141.748
10  10  4  138.663  1082.95  406.369
10  10  5  362.096  2919.2  1018.65
For row 10 and col 11, pedestal is 223.547
10  11  1  34.1937  214.152  80.6422
10  11  2  76.7047  546.196  136.968
10  11  3  147.499  1139.58  244.365
10  11  4  337.107  2629.49  475.705
10  11  5  662.274  5328.49  816.428
For row 11 and col 0, pedestal is 230.339
11  0  1  22.0468  105.758  59.1129
11  0  2  60.1892  355.375  119.863
11  0  3  90.3976  597.318  153.23
11  0  4  403.078  2979.6  325.14
11  0  5  654.516  4401.41  530.177
For row 11 and col 1, pedestal is 201.155
11  1  1  16.1675  63.0526  82.8169
11  1  2  25.0603  155.433  127.496
11  1  3  50.8656  340.123  241.604
11  1  4  181.705  1371.13  670.999
11  1  5  160.001  1093.54  742.251
For row 11 and col 2, pedestal is 226.46
11  2  1  21.1234  76.7639  94.7288
11  2  2  48.9649  297.421  219.865
11  2  3  83.9942  577.271  226.458
11  2  4  302.193  2248.95  479.116
11  2  5  367.967  2438.93  637.032
For row 11 and col 3, pedestal is 238.728
11  3  1  34.3009  139.051  182.19
11  3  2  51.2446  263.826  285.831
11  3  3  83.5049  457.186  341.521
11  3  4  182.856  1230.02  628.337
11  3  5  428.474  2977.9  1181.48
For row 11 and col 4, pedestal is 230.507
11  4  1  65.6771  427.468  135.303
11  4  2  140.949  899.348  171.494
11  4  3  282.32  1961.02  408.037
11  4  4  630.99  4746.38  697.927
11  4  5  1584.3  12283.6  1344.86
For row 11 and col 5, pedestal is 229.23
11  5  1  75.4338  336.367  80.1735
11  5  2  201.432  1077.17  186.949
11  5  3  431.15  2527.71  350.333
11  5  4  649.582  4317.56  508.539
11  5  5  2096.21  14299.9  1268.96
For row 11 and col 6, pedestal is 221.798
11  6  1  83.3746  362.624  137.142
11  6  2  96.2266  593.033  200.881
11  6  3  121.416  808.729  209.47
11  6  4  320.689  2353.43  494.652
11  6  5  510.795  3923.34  898.576
For row 11 and col 7, pedestal is 189.507
11  7  1  58.9613  328.664  433.313
11  7  2  76.2938  556.093  196.448
11  7  3  166.063  1334.77  299.182
11  7  4  291.087  2291.54  545.144
11  7  5  502.088  4053.86  961.547
For row 11 and col 8, pedestal is 213.019
11  8  1  67.0842  448.6  103.643
11  8  2  130.859  888.69  210.273
11  8  3  236.393  1720.91  369.43
11  8  4  444.935  3195.7  637.2
11  8  5  868.012  6570.23  1124.88
For row 11 and col 9, pedestal is 194.148
11  9  1  31.095  242.532  68.565
11  9  2  60.6201  464.393  114.61
11  9  3  118.911  946.984  248.13
11  9  4  292.88  2325.44  499.668
11  9  5  785.522  6356.67  1132.68
For row 11 and col 10, pedestal is 196.425
11  10  1  27.7777  234.092  95.6097
11  10  2  57.0022  428.2  112.206
11  10  3  114.156  960.601  257.449
11  10  4  313.826  2524.64  516.231
11  10  5  651.18  5368.08  1046.4
For row 11 and col 11, pedestal is 247.234
11  11  1  27.1422  194.276  68.6645
11  11  2  45.8989  327.179  113.861
11  11  3  78.9073  600.39  188.691
11  11  4  216.508  1684.66  435.451
11  11  5  480.405  3892.59  835.849
