#All information for run 1397.
#Row Col LED <Max> <Int> NPE
For row 12 and col 0, pedestal is 238.443
12  0  1  7.1533  -11.2256  nan
12  0  2  7.0636  -8.26749  107.501
12  0  3  7.78067  -10.2345  324.173
12  0  4  5.80977  -14.1984  nan
12  0  5  5.72652  -12.987  nan
For row 12 and col 1, pedestal is 194.567
12  1  1  4.82482  -13.3623  nan
12  1  2  4.68992  -10.3089  nan
12  1  3  5.10923  -14.6279  nan
12  1  4  5.75747  -15.5456  nan
12  1  5  5.06579  -16.1721  nan
For row 12 and col 2, pedestal is 214.929
12  2  1  4.95301  -6.20241  nan
12  2  2  5.84754  -2.80449  nan
12  2  3  4.71432  -4.07847  nan
12  2  4  4.36378  -4.75195  nan
12  2  5  4.32937  -9.70319  nan
For row 12 and col 3, pedestal is 215.993
12  3  1  5.68316  -0.628929  nan
12  3  2  5.48191  3.93542  nan
12  3  3  5.23718  -1.19185  nan
12  3  4  5.91978  5.03973  nan
12  3  5  6.41206  1.37445  nan
For row 12 and col 4, pedestal is 232.552
12  4  1  54.59  328.33  55.3684
12  4  2  102.991  602.23  117.383
12  4  3  231.467  1578.94  243.957
12  4  4  865.536  5532.03  645.676
12  4  5  2187.28  15871.1  1485
For row 12 and col 5, pedestal is 208.009
12  5  1  19.1363  2.25233  156.296
12  5  2  17.3356  9.4962  nan
12  5  3  18.4481  0.739708  246.476
12  5  4  23.2306  5.3899  2202.05
12  5  5  19.159  -1.93343  nan
For row 12 and col 6, pedestal is 203.821
12  6  1  33.5617  41.5093  85.4557
12  6  2  23.2823  46.9694  574.426
12  6  3  25.5489  9.60428  94.4177
12  6  4  28.481  10.873  568.348
12  6  5  20.4773  1.16534  nan
For row 12 and col 7, pedestal is 196.544
12  7  1  21.7051  8.09764  140.674
12  7  2  18.2954  -8.86867  216.111
12  7  3  14.118  -17.8858  nan
12  7  4  19.6719  -18.8847  82.302
12  7  5  17.4428  -18.4438  nan
For row 12 and col 8, pedestal is 234.503
12  8  1  11.8737  -12.4996  80.7744
12  8  2  9.40599  -16.9006  180.955
12  8  3  9.47543  -15.4206  247.035
12  8  4  12.5664  -14.9331  239.16
12  8  5  9.16438  -19.4351  nan
For row 12 and col 9, pedestal is 230.037
12  9  1  6.07121  -2.59325  nan
12  9  2  6.66824  -1.91475  nan
12  9  3  8.24174  -5.02321  225.944
12  9  4  9.89755  2.70738  1625.15
12  9  5  8.37047  -3.95743  nan
For row 12 and col 10, pedestal is 214.664
12  10  1  7.59379  -1.60097  267.814
12  10  2  8.2246  1.55188  246.429
12  10  3  5.89365  -5.03527  nan
12  10  4  7.90257  -5.29488  nan
12  10  5  6.39764  -6.81678  nan
For row 12 and col 11, pedestal is 183.481
12  11  1  6.33473  -0.801003  nan
12  11  2  6.98738  -2.85207  273.825
12  11  3  5.20644  -5.83652  nan
12  11  4  6.17359  -7.93217  nan
12  11  5  6.6997  -9.22603  nan
For row 13 and col 0, pedestal is 169.28
13  0  1  5.7816  -23.6429  nan
13  0  2  4.81449  -23.489  nan
13  0  3  4.56629  -22.8458  nan
13  0  4  5.97425  -19.1817  nan
13  0  5  5.27818  -20.921  nan
For row 13 and col 1, pedestal is 199.393
13  1  1  6.96478  -22.4239  nan
13  1  2  7.01758  -25.1567  306.874
13  1  3  5.32936  -23.1331  nan
13  1  4  6.22505  -20.9306  nan
13  1  5  6.10564  -21.0778  nan
For row 13 and col 2, pedestal is 214.817
13  2  1  4.703  -18.3379  nan
13  2  2  5.00039  -15.6372  nan
13  2  3  3.67237  -15.4316  nan
13  2  4  3.44408  -18.9171  nan
13  2  5  3.87915  -20.1455  nan
For row 13 and col 3, pedestal is 195.205
13  3  1  5.96969  -7.96121  nan
13  3  2  7.39155  -8.98111  nan
13  3  3  5.54654  -10.2767  nan
13  3  4  5.89943  -2.78857  nan
13  3  5  5.78467  -7.2191  nan
For row 13 and col 4, pedestal is 205.173
13  4  1  12.6811  -3.24286  187.936
13  4  2  9.20537  -8.7473  nan
13  4  3  9.91469  -7.11986  nan
13  4  4  10.4538  -7.3977  nan
13  4  5  10.4676  -9.44603  nan
For row 13 and col 5, pedestal is 203.667
13  5  1  82.0143  478.448  114.15
13  5  2  158.623  931.337  186.304
13  5  3  288.405  1964.95  333.773
13  5  4  752.67  4887.37  799.368
13  5  5  2323.37  17119.6  1798.35
For row 13 and col 6, pedestal is 150.326
13  6  1  15.8575  -24.2494  83.1239
13  6  2  16.6942  -17.7155  7007.61
13  6  3  11.8015  -24.3675  nan
13  6  4  12.4136  -33.4092  nan
13  6  5  13.8661  -36.0493  277.957
For row 13 and col 7, pedestal is 197.042
13  7  1  16.6157  -16.409  383.793
13  7  2  20.4284  -19.329  nan
13  7  3  13.8166  -29.5584  nan
13  7  4  13.9797  -32.424  nan
13  7  5  15.7511  -32.1822  355.254
For row 13 and col 8, pedestal is 225.334
13  8  1  7.43782  -18.6583  nan
13  8  2  6.30744  -21.1677  nan
13  8  3  5.40054  -19.7554  nan
13  8  4  7.15306  -20.7248  nan
13  8  5  5.78045  -20.8789  nan
For row 13 and col 9, pedestal is 214.935
13  9  1  6.26992  1.83469  nan
13  9  2  8.32871  6.23577  92.9962
13  9  3  5.93851  -1.76692  nan
13  9  4  7.90488  4.805  152.789
13  9  5  9.27491  -3.76257  634.364
For row 13 and col 10, pedestal is 196.185
13  10  1  6.29151  -3.39004  nan
13  10  2  7.47834  -2.62602  137.281
13  10  3  5.51735  -7.08728  nan
13  10  4  11.0359  4.54167  239.038
13  10  5  8.39961  -11.168  243.474
For row 13 and col 11, pedestal is 211.501
13  11  1  5.84136  -10.9632  nan
13  11  2  5.36419  -11.7804  nan
13  11  3  4.73064  -10.7401  nan
13  11  4  5.19342  -13.7047  nan
13  11  5  6.73064  -17.592  nan
For row 14 and col 0, pedestal is 202.488
14  0  1  6.45707  -27.0254  nan
14  0  2  6.59553  -22.1437  nan
14  0  3  5.087  -30.106  nan
14  0  4  5.46614  -27.3133  nan
14  0  5  7.53801  -30.0109  nan
For row 14 and col 1, pedestal is 227.617
14  1  1  6.15069  -9.6769  1838.86
14  1  2  7.31174  -6.57282  nan
14  1  3  6.42012  -5.27965  nan
14  1  4  6.85436  -5.8911  nan
14  1  5  6.12497  -8.81054  nan
For row 14 and col 2, pedestal is 189.33
14  2  1  7.01555  -6.68701  nan
14  2  2  6.82653  -7.17137  nan
14  2  3  6.05975  -10.4657  nan
14  2  4  6.92994  -3.73663  nan
14  2  5  5.36191  -3.6312  nan
For row 14 and col 3, pedestal is 212.263
14  3  1  6.27646  -14.4278  nan
14  3  2  5.31528  -17.6743  nan
14  3  3  5.6751  -15.4627  nan
14  3  4  6.27796  -10.4852  nan
14  3  5  5.92475  -18.6917  nan
For row 14 and col 4, pedestal is 186.31
14  4  1  26.2805  12.5412  3267.84
14  4  2  15.4662  -2.00846  nan
14  4  3  13.8342  -6.93754  147.872
14  4  4  16.7329  12.3203  296.96
14  4  5  14.7097  6.45691  8942.82
For row 14 and col 5, pedestal is 217.765
14  5  1  8.53653  -19.4756  nan
14  5  2  14.2953  -25.3943  660.161
14  5  3  11.2015  -23.3317  nan
14  5  4  10.6932  -14.1458  nan
14  5  5  9.30883  -23.1209  nan
For row 14 and col 6, pedestal is 181.223
14  6  1  35.4706  -5.56797  285.682
14  6  2  20.0299  -17.0313  nan
14  6  3  17.4655  -22.128  nan
14  6  4  19.9519  -28.0407  nan
14  6  5  22.7654  -32.5934  nan
For row 14 and col 7, pedestal is 227.874
14  7  1  18.8895  19.8491  563.96
14  7  2  16.6982  17.4156  1654
14  7  3  17.744  -1.39022  1129
14  7  4  22.2111  11.5814  nan
14  7  5  26.7348  -9.88471  654.622
For row 14 and col 8, pedestal is 201.364
14  8  1  7.60581  2.93768  70.52
14  8  2  6.70427  2.66007  nan
14  8  3  4.89739  1.01684  nan
14  8  4  5.62634  5.86788  nan
14  8  5  4.91678  0.041438  nan
For row 14 and col 9, pedestal is 212.939
14  9  1  9.2842  15.589  485.649
14  9  2  7.08112  9.25834  nan
14  9  3  5.86603  7.04145  nan
14  9  4  6.62558  12.9315  nan
14  9  5  5.4198  3.2522  nan
For row 14 and col 10, pedestal is 238.489
14  10  1  7.48585  -0.0575791  nan
14  10  2  6.54661  0.0495134  191.432
14  10  3  5.3044  -4.42879  nan
14  10  4  6.8678  -5.29951  nan
14  10  5  5.23908  -8.65567  nan
For row 14 and col 11, pedestal is 210.269
14  11  1  5.94883  -0.475754  nan
14  11  2  6.96039  -0.982586  nan
14  11  3  5.97912  -2.37606  nan
14  11  4  7.80181  -0.528803  nan
14  11  5  5.056  -4.42529  nan
For row 15 and col 0, pedestal is 232.031
15  0  1  8.31203  -23.6148  138.831
15  0  2  9.04131  -17.5336  nan
15  0  3  8.56208  -22.9846  nan
15  0  4  9.08056  -14.0834  nan
15  0  5  10.5909  -12.2968  nan
For row 15 and col 1, pedestal is 200.43
15  1  1  9.42656  -11.2526  166.83
15  1  2  8.70445  -1.59434  nan
15  1  3  7.58032  -4.02779  nan
15  1  4  7.01416  -3.51202  nan
15  1  5  7.44627  -2.45084  nan
For row 15 and col 2, pedestal is 221.706
15  2  1  5.42883  -15.314  nan
15  2  2  7.93052  -14.2371  nan
15  2  3  7.07389  -13.7542  nan
15  2  4  7.67435  -6.21749  nan
15  2  5  7.25596  -9.50846  nan
For row 15 and col 3, pedestal is 173.808
15  3  1  4.54307  -5.17731  nan
15  3  2  7.07803  -2.88808  nan
15  3  3  4.41653  -4.13977  nan
15  3  4  5.31864  3.41859  nan
15  3  5  6.19021  0.476175  nan
For row 15 and col 4, pedestal is 212.472
15  4  1  22.6658  -22.7347  98.1615
15  4  2  25.7859  -25.9675  104.066
15  4  3  15.9201  -24.3528  294.331
15  4  4  17.1216  -26.7371  nan
15  4  5  14.1147  -29.8425  nan
For row 15 and col 5, pedestal is 180.14
15  5  1  22.3973  11.4952  nan
15  5  2  29.7152  3.13009  213.48
15  5  3  23.9939  -4.41087  280.165
15  5  4  20.8487  5.77399  nan
15  5  5  20.3772  -4.78072  nan
For row 15 and col 6, pedestal is 219.534
15  6  1  23.2472  13.1352  65.0079
15  6  2  18.4189  26.4712  nan
15  6  3  24.5163  17.285  79.1857
15  6  4  26.9441  39.4391  77.6228
15  6  5  17.6493  12.685  180.139
For row 15 and col 7, pedestal is 223.874
15  7  1  35.3349  49.0893  92.0976
15  7  2  45.1963  41.1438  55.4772
15  7  3  38.3929  32.8088  352.165
15  7  4  47.918  47.9215  294.542
15  7  5  47.6077  13.8597  239.567
For row 15 and col 8, pedestal is 175.509
15  8  1  9.0819  -21.6092  nan
15  8  2  6.43295  -19.0879  nan
15  8  3  6.71759  -23.0078  nan
15  8  4  7.56661  -21.1232  nan
15  8  5  7.91012  -21.3147  nan
For row 15 and col 9, pedestal is 189.824
15  9  1  9.97923  -0.270002  120.531
15  9  2  8.55166  -3.05888  270.672
15  9  3  8.02618  -2.41623  nan
15  9  4  10.5142  0.728784  nan
15  9  5  11.4777  -4.36468  578.016
For row 15 and col 10, pedestal is 184.964
15  10  1  10.4703  8.61383  132.771
15  10  2  9.89455  -4.20562  32.9726
15  10  3  6.53849  -5.19732  nan
15  10  4  9.17004  -4.03976  nan
15  10  5  11.2745  -8.65283  nan
For row 15 and col 11, pedestal is 205.836
15  11  1  6.76216  -6.638  nan
15  11  2  7.36257  -8.65777  389.876
15  11  3  6.7825  -10.5153  nan
15  11  4  7.98802  -11.4567  nan
15  11  5  6.47318  -16.3078  nan
For row 16 and col 0, pedestal is 181.693
16  0  1  6.28039  7.69424  nan
16  0  2  5.7184  11.1222  nan
16  0  3  5.4279  4.85063  nan
16  0  4  6.52042  8.60821  nan
16  0  5  4.39879  3.86445  nan
For row 16 and col 1, pedestal is 218.266
16  1  1  7.7699  24.6588  nan
16  1  2  7.77942  30.1494  nan
16  1  3  7.77382  31.5948  nan
16  1  4  8.23641  31.5791  nan
16  1  5  7.59963  25.2232  nan
For row 16 and col 2, pedestal is 209.24
16  2  1  10.1483  -5.88458  nan
16  2  2  7.45192  -3.22158  nan
16  2  3  10.4669  -6.76081  nan
16  2  4  9.1784  -5.34774  nan
16  2  5  8.13129  -6.87876  nan
For row 16 and col 3, pedestal is 203.704
16  3  1  6.61244  -17.3167  nan
16  3  2  6.82665  -16.3993  nan
16  3  3  5.7877  -9.855  nan
16  3  4  5.0711  -20.089  nan
16  3  5  4.88906  -23.7822  nan
For row 16 and col 4, pedestal is 229.958
16  4  1  23.0931  20.5387  nan
16  4  2  27.3979  37.5186  1649.93
16  4  3  19.4409  29.4363  1145.32
16  4  4  21.8791  37.4123  nan
16  4  5  26.1665  31.207  1754.06
For row 16 and col 5, pedestal is 194.125
16  5  1  18.1686  5.38597  2067.62
16  5  2  15.6738  29.3585  40.5863
16  5  3  15.9623  15.6571  437.831
16  5  4  14.2884  19.9767  nan
16  5  5  17.0852  -6.0188  nan
For row 16 and col 6, pedestal is 190.668
16  6  1  46.8681  49.9363  321.856
16  6  2  51.1878  36.3799  243.315
16  6  3  41.6477  35.6422  355.732
16  6  4  58.5865  59.1689  283.891
16  6  5  59.404  22.5018  6236.7
For row 16 and col 7, pedestal is 221.22
16  7  1  49.4315  -68.4417  65.8449
16  7  2  48.547  -76.2201  1519.95
16  7  3  43.4491  -85.8296  1564.68
16  7  4  52.3744  -68.0153  330.203
16  7  5  47.1699  -81.2116  850.089
For row 16 and col 8, pedestal is 190.889
16  8  1  10.3274  10.6568  nan
16  8  2  12.4226  18.4362  nan
16  8  3  10.5  11.6642  nan
16  8  4  14.029  14.0223  nan
16  8  5  10.2354  5.82702  nan
For row 16 and col 9, pedestal is 216.91
16  9  1  14.4672  6.7999  65.7605
16  9  2  11.0937  6.5399  nan
16  9  3  10.0867  3.46305  nan
16  9  4  12.234  5.91389  nan
16  9  5  9.98282  -11.0682  nan
For row 16 and col 10, pedestal is 211.687
16  10  1  10.9581  25.1097  122.426
16  10  2  10.8613  30.9539  65.1938
16  10  3  9.31367  26.6616  232.974
16  10  4  11.2978  27.6247  nan
16  10  5  12.7701  22.904  597.527
For row 16 and col 11, pedestal is 207.897
16  11  1  9.59252  11.9952  992.616
16  11  2  13.6425  6.82259  150.411
16  11  3  10.3494  0.797018  215.424
16  11  4  13.3495  14.2491  245.384
16  11  5  10.6361  -7.12347  nan
For row 17 and col 0, pedestal is 192.952
17  0  1  6.48759  -13.958  nan
17  0  2  5.1381  -10.8926  nan
17  0  3  4.64411  -16.2576  nan
17  0  4  4.49542  -18.0321  nan
17  0  5  4.7894  -15.7655  nan
For row 17 and col 1, pedestal is 201.011
17  1  1  7.47993  32.3599  nan
17  1  2  7.32916  36.4842  nan
17  1  3  7.26152  34.6956  nan
17  1  4  7.20082  30.3505  nan
17  1  5  6.6125  19.2113  nan
For row 17 and col 2, pedestal is 199.507
17  2  1  5.63903  -29.0773  36.3064
17  2  2  5.98687  -24.5217  53.1594
17  2  3  4.06218  -29.1329  nan
17  2  4  4.04738  -32.4972  nan
17  2  5  2.73983  -33.7617  nan
For row 17 and col 3, pedestal is 225.654
17  3  1  5.95305  -3.12698  nan
17  3  2  5.39589  -1.73184  nan
17  3  3  5.51902  -5.93684  nan
17  3  4  5.25443  -3.06259  nan
17  3  5  4.52015  -5.14741  nan
For row 17 and col 4, pedestal is 210.9
17  4  1  36.4935  39.1021  92.1253
17  4  2  37.2824  53.4878  626.555
17  4  3  24.6076  40.0117  nan
17  4  4  29.2414  47.5414  nan
17  4  5  44.6077  21.7794  399.219
For row 17 and col 5, pedestal is 176.173
17  5  1  18.9125  0.869485  220.581
17  5  2  12.6252  2.35299  nan
17  5  3  9.94254  -6.93396  452.12
17  5  4  12.2802  -0.820748  1559.95
17  5  5  13.8007  -6.99679  1689.02
For row 17 and col 6, pedestal is 220.358
17  6  1  32.1031  -54.1358  1004.96
17  6  2  24.0836  -44.2288  nan
17  6  3  25.5818  -50.369  521.901
17  6  4  26.3117  -57.9946  365.74
17  6  5  26.4914  -57.0467  1702.81
For row 17 and col 7, pedestal is 231.145
17  7  1  38.7652  16.3847  170.9
17  7  2  41.8  46.9708  77.6695
17  7  3  33.0662  -1.21644  105.066
17  7  4  46.3233  33.5494  333.599
17  7  5  36.9009  -0.0215665  1671.77
For row 17 and col 8, pedestal is 215.451
17  8  1  8.47907  19.7626  nan
17  8  2  9.90075  27.7224  25204.1
17  8  3  7.42179  22.3951  nan
17  8  4  9.86959  28.9874  nan
17  8  5  9.17949  17.0304  nan
For row 17 and col 9, pedestal is 217.164
17  9  1  17.6319  20.3931  158.271
17  9  2  11.0189  17.9536  nan
17  9  3  11.0454  19.1809  nan
17  9  4  11.2746  21.921  nan
17  9  5  12.225  6.11865  nan
For row 17 and col 10, pedestal is 205.718
17  10  1  8.92449  18.9318  7017.26
17  10  2  9.49823  15.2578  56.1549
17  10  3  6.88671  7.80462  nan
17  10  4  7.81034  13.4445  nan
17  10  5  7.49446  7.97106  nan
For row 17 and col 11, pedestal is 243.63
17  11  1  19.5117  15.5325  73.688
17  11  2  22.9068  10.2642  294.381
17  11  3  19.0037  3.09978  86.7438
17  11  4  17.9514  4.17057  nan
17  11  5  17.4774  -1.10068  401.209
For row 18 and col 0, pedestal is 210.906
18  0  1  7.48086  -13.3033  25.2666
18  0  2  4.1582  -12.6415  nan
18  0  3  4.51577  -13.1468  nan
18  0  4  3.93329  -13.9403  nan
18  0  5  4.10124  -15.6871  nan
For row 18 and col 1, pedestal is 216.44
18  1  1  9.25777  10.4484  122.906
18  1  2  7.0096  12.6848  nan
18  1  3  7.35153  9.12339  nan
18  1  4  8.58476  8.14841  nan
18  1  5  8.67794  3.07953  nan
For row 18 and col 2, pedestal is 210.196
18  2  1  7.26406  5.62702  nan
18  2  2  5.59834  11.6313  nan
18  2  3  7.00563  9.77145  nan
18  2  4  7.17004  7.41002  nan
18  2  5  4.87099  -0.127925  nan
For row 18 and col 3, pedestal is 240.608
18  3  1  6.0822  -16.1958  nan
18  3  2  5.5903  -16.1825  nan
18  3  3  5.14375  -20.6872  nan
18  3  4  6.30409  -16.7731  nan
18  3  5  5.2596  -16.4818  nan
For row 18 and col 4, pedestal is 196.224
18  4  1  15.8248  -8.36335  nan
18  4  2  16.589  -9.65474  199.803
18  4  3  16.2808  -18.109  nan
18  4  4  11.856  -10.8009  nan
18  4  5  19.1724  -10.1905  888.564
For row 18 and col 5, pedestal is 189.706
18  5  1  31.5979  -28.9796  514.153
18  5  2  31.5974  -29.3832  230.535
18  5  3  35.7686  -49.3742  267.356
18  5  4  29.6123  -43.5952  605.396
18  5  5  24.4618  -42.5436  524.182
For row 18 and col 6, pedestal is 209.35
18  6  1  25.5873  -1.247  230.376
18  6  2  14.5503  -5.41871  nan
18  6  3  17.782  -8.06674  92.9046
18  6  4  14.3852  5.62996  nan
18  6  5  14.5339  -9.96944  nan
For row 18 and col 7, pedestal is 230.486
18  7  1  16.3605  -8.07508  nan
18  7  2  17.8866  -9.9501  73.2002
18  7  3  15.1196  -12.2596  nan
18  7  4  23.0406  -3.061  nan
18  7  5  20.4489  -18.8963  642.204
For row 18 and col 8, pedestal is 239.937
18  8  1  6.04739  -4.36057  nan
18  8  2  5.56584  -12.0567  nan
18  8  3  5.17902  -13.4951  nan
18  8  4  5.01321  -14.5034  nan
18  8  5  5.42209  -18.3751  nan
For row 18 and col 9, pedestal is 232.013
18  9  1  7.08335  5.37032  nan
18  9  2  6.41974  8.56088  nan
18  9  3  6.04659  4.74874  nan
18  9  4  6.61625  10.333  nan
18  9  5  6.19083  2.96373  nan
For row 18 and col 10, pedestal is 217.955
18  10  1  6.96505  -20.2264  nan
18  10  2  7.79302  -17.6665  nan
18  10  3  7.55485  -26.2656  nan
18  10  4  8.114  -34.0645  nan
18  10  5  7.71893  -31.847  nan
For row 18 and col 11, pedestal is 183.712
18  11  1  8.28765  -4.91202  105.466
18  11  2  7.70958  -2.16698  154.382
18  11  3  6.22292  -6.63887  nan
18  11  4  8.33599  -3.16714  17608.3
18  11  5  7.53331  -8.74591  nan
For row 19 and col 0, pedestal is 189.905
19  0  1  5.1257  -21.6367  nan
19  0  2  5.98914  -12.3433  nan
19  0  3  4.95026  -16.6611  nan
19  0  4  4.28379  -22.4685  nan
19  0  5  4.03243  -22.6618  nan
For row 19 and col 1, pedestal is 221.398
19  1  1  8.0837  -22.7613  81.8793
19  1  2  7.67241  -17.488  226.814
19  1  3  6.0919  -19.0304  nan
19  1  4  7.05813  -22.7106  nan
19  1  5  7.70451  -23.9337  1267.18
For row 19 and col 2, pedestal is 250.551
19  2  1  4.67595  -13.7919  nan
19  2  2  4.66346  -12.9389  nan
19  2  3  5.9289  -13.9059  nan
19  2  4  5.56335  -15.3731  nan
19  2  5  4.56948  -13.2633  nan
For row 19 and col 3, pedestal is 231.629
19  3  1  7.30378  -4.68655  nan
19  3  2  8.07528  -5.62579  89.4482
19  3  3  7.3959  -3.12568  nan
19  3  4  7.30833  -9.31173  33659.6
19  3  5  6.27533  -12.2464  nan
For row 19 and col 4, pedestal is 204.182
19  4  1  23.5028  -18.5037  53.9842
19  4  2  20.3198  -4.76879  198.551
19  4  3  19.3569  -12.9701  352.744
19  4  4  23.6609  -3.86957  293.587
19  4  5  15.7155  -15.346  nan
For row 19 and col 5, pedestal is 219.599
19  5  1  9.44023  1.55921  nan
19  5  2  9.26257  3.32863  nan
19  5  3  8.9643  -5.80399  nan
19  5  4  8.89358  -1.85915  nan
19  5  5  10.1405  -9.01666  nan
For row 19 and col 6, pedestal is 218.736
19  6  1  16.7144  3.55337  73.4866
19  6  2  10.1859  35.1454  nan
19  6  3  13.0907  -2.52686  724.131
19  6  4  13.035  -5.72758  1065.9
19  6  5  11.1801  -16.5163  1786.25
For row 19 and col 7, pedestal is 237.677
19  7  1  19.4073  4.12596  68.7135
19  7  2  15.7358  10.9187  699.403
19  7  3  17.4271  15.2519  221.903
19  7  4  15.454  7.14188  nan
19  7  5  15.2227  -4.81951  546.861
For row 19 and col 8, pedestal is 208.085
19  8  1  8.02783  -12.4716  nan
19  8  2  6.17961  -12.7431  nan
19  8  3  5.03063  -15.0745  nan
19  8  4  5.50663  -19.1421  nan
19  8  5  4.81879  -23.9114  nan
For row 19 and col 9, pedestal is 183.664
19  9  1  6.34532  1.39632  171.823
19  9  2  4.64016  -3.81451  nan
19  9  3  5.08557  -5.71137  nan
19  9  4  5.02884  -3.88822  nan
19  9  5  5.23094  -9.41446  nan
For row 19 and col 10, pedestal is 199.915
19  10  1  6.76099  8.3106  nan
19  10  2  5.25325  10.0941  nan
19  10  3  6.09515  5.40225  nan
19  10  4  6.80091  13.4476  nan
19  10  5  4.73312  3.18477  nan
For row 19 and col 11, pedestal is 194.915
19  11  1  5.86647  -5.44798  nan
19  11  2  5.93402  -6.12481  nan
19  11  3  6.08872  -11.1037  nan
19  11  4  7.55425  -9.63699  nan
19  11  5  6.23569  -11.5522  nan
For row 20 and col 0, pedestal is 240.95
20  0  1  6.36163  -9.64923  nan
20  0  2  5.71837  -7.11357  nan
20  0  3  5.95561  -13.6997  nan
20  0  4  5.91933  -11.8513  nan
20  0  5  7.01256  -14.3339  nan
For row 20 and col 1, pedestal is 234.887
20  1  1  12.4016  16.8246  95.5655
20  1  2  11.7443  16.5542  176.939
20  1  3  11.2441  11.5836  1814.09
20  1  4  10.2698  15.4118  nan
20  1  5  9.20598  7.72216  nan
For row 20 and col 2, pedestal is 213.241
20  2  1  7.55655  5.37838  nan
20  2  2  6.63215  3.58173  nan
20  2  3  5.08139  2.15961  nan
20  2  4  5.53619  0.0184267  nan
20  2  5  5.25012  -6.60877  nan
For row 20 and col 3, pedestal is 216.331
20  3  1  6.88144  -4.45433  nan
20  3  2  6.39548  2.65708  nan
20  3  3  5.49806  -3.24791  nan
20  3  4  5.73173  -5.60507  nan
20  3  5  6.23579  -5.19483  nan
For row 20 and col 4, pedestal is 172.044
20  4  1  98.2898  522.206  71.0697
20  4  2  25.5415  65.4114  576.115
20  4  3  428.105  2726.5  278.038
20  4  4  731.609  5345.88  443.027
20  4  5  2408.72  18441.3  1043.16
For row 20 and col 5, pedestal is 187.827
20  5  1  13.355  -13.9208  nan
20  5  2  13.5348  -4.95989  nan
20  5  3  12.5279  -9.60159  nan
20  5  4  12.8832  -25.2733  nan
20  5  5  12.6637  -23.5132  nan
For row 20 and col 6, pedestal is 222.283
20  6  1  33.3857  18.6493  2124.37
20  6  2  38.2126  34.5928  58.1038
20  6  3  31.1622  -1.28048  50.8112
20  6  4  37.1483  9.81259  83.4935
20  6  5  19.5647  -30.2366  4591.64
For row 20 and col 7, pedestal is 195.321
20  7  1  15.9697  48.4414  8048.82
20  7  2  16.4017  102.252  831.079
20  7  3  15.5525  53.1235  366.918
20  7  4  15.4122  53.8246  nan
20  7  5  11.845  4.82555  234.22
For row 20 and col 8, pedestal is 214.526
20  8  1  7.15706  10.4488  363.334
20  8  2  6.69759  6.01468  nan
20  8  3  5.77145  3.76641  nan
20  8  4  6.21303  10.1483  nan
20  8  5  5.08318  0.436608  nan
For row 20 and col 9, pedestal is 211.745
20  9  1  6.46364  -12.3569  nan
20  9  2  6.43581  -17.4282  nan
20  9  3  5.86955  -21.0046  nan
20  9  4  7.62839  -20.9547  nan
20  9  5  6.4526  -24.1184  nan
For row 20 and col 10, pedestal is 225.388
20  10  1  7.89601  2.05475  nan
20  10  2  9.14602  3.01045  55.954
20  10  3  7.85533  -1.06761  81.5528
20  10  4  11.4648  4.19421  56.8166
20  10  5  8.91415  -8.16972  nan
For row 20 and col 11, pedestal is 210.445
20  11  1  7.44407  16.128  115.87
20  11  2  5.74275  20.5444  nan
20  11  3  5.86979  14.9645  114.437
20  11  4  6.37644  17.9471  1463.38
20  11  5  4.41797  12.0121  nan
For row 21 and col 0, pedestal is 220.182
21  0  1  8.07427  1.48475  88.4016
21  0  2  7.33513  1.36214  174.204
21  0  3  7.72969  -1.12431  nan
21  0  4  6.65408  -2.82843  nan
21  0  5  5.6804  -5.51957  nan
For row 21 and col 1, pedestal is 293.332
21  1  1  7.20729  0.920465  nan
21  1  2  5.86266  -1.05952  nan
21  1  3  5.04277  -1.32393  nan
21  1  4  4.89468  -1.85976  nan
21  1  5  4.67534  -2.66276  nan
For row 21 and col 2, pedestal is 212.848
21  2  1  9.20607  12.8831  182.984
21  2  2  6.6935  8.18833  nan
21  2  3  5.82473  9.46989  nan
21  2  4  6.32481  12.5044  nan
21  2  5  6.9506  11.3862  nan
For row 21 and col 3, pedestal is 254.025
21  3  1  6.49222  0.878541  nan
21  3  2  5.00832  4.76814  nan
21  3  3  5.84599  1.92463  nan
21  3  4  5.90474  7.46728  nan
21  3  5  6.69787  2.37888  nan
For row 21 and col 4, pedestal is 204.606
21  4  1  25.5234  21.9817  469.582
21  4  2  26.8606  26.9559  171.91
21  4  3  19.3189  26.612  973.113
21  4  4  26.0674  60.7779  1263.83
21  4  5  26.2597  43.3669  278.17
For row 21 and col 5, pedestal is 186.659
21  5  1  13.6425  -0.583878  401.089
21  5  2  11.0932  6.13032  nan
21  5  3  10.9357  -1.27668  nan
21  5  4  14.4223  -0.694162  nan
21  5  5  11.7855  9.61923  nan
For row 21 and col 6, pedestal is 239.3
21  6  1  17.9035  -5.64716  8023.94
21  6  2  15.3551  29.621  40.746
21  6  3  14.6544  5.37138  30.9447
21  6  4  15.5893  -2.18788  nan
21  6  5  15.4267  -13.8582  nan
For row 21 and col 7, pedestal is 247.025
21  7  1  17.6623  13.4596  66.3142
21  7  2  13.2732  -1.53559  nan
21  7  3  11.8349  -2.44058  nan
21  7  4  16.6666  -4.33673  234.762
21  7  5  14.0528  -12.473  587.398
For row 21 and col 8, pedestal is 239.283
21  8  1  7.59912  0.998185  nan
21  8  2  8.22307  4.31813  nan
21  8  3  7.46705  -1.61067  nan
21  8  4  8.41365  3.52325  nan
21  8  5  6.37469  -3.88208  nan
For row 21 and col 9, pedestal is 247.745
21  9  1  7.36212  -5.86321  nan
21  9  2  6.96589  -0.817474  nan
21  9  3  7.05105  -5.76816  nan
21  9  4  7.84789  -0.875051  nan
21  9  5  7.74815  -6.73341  nan
For row 21 and col 10, pedestal is 233.41
21  10  1  7.41898  -15.2547  47.8597
21  10  2  6.23749  -14.4288  330.184
21  10  3  5.26452  -14.6004  208.875
21  10  4  5.54233  -15.7404  nan
21  10  5  4.90915  -17.7079  nan
For row 21 and col 11, pedestal is 218.897
21  11  1  8.76596  4.80114  22.77
21  11  2  6.47078  2.62406  116.302
21  11  3  6.21506  -7.95058  302.142
21  11  4  6.43048  -14.5739  nan
21  11  5  5.56036  -21.852  nan
For row 22 and col 0, pedestal is 266.572
22  0  1  12.8114  22.1099  118.564
22  0  2  10.0501  21.8881  414.255
22  0  3  9.18221  13.0405  nan
22  0  4  11.8785  13.2927  1032.06
22  0  5  13.4346  8.99006  872.734
For row 22 and col 1, pedestal is 223.44
22  1  1  11.1309  11.6314  nan
22  1  2  10.456  16.3753  nan
22  1  3  10.0085  7.77162  643.34
22  1  4  12.2656  3.4549  6135.44
22  1  5  10.4722  5.36057  nan
For row 22 and col 2, pedestal is 244.355
22  2  1  14.7328  5.80054  152.067
22  2  2  13.9735  2.9535  73.7457
22  2  3  10.6329  0.979504  87.6641
22  2  4  12.1001  4.18703  nan
22  2  5  10.7366  -1.76622  nan
For row 22 and col 3, pedestal is 252.527
22  3  1  8.02811  -9.70278  nan
22  3  2  7.11033  -5.80972  nan
22  3  3  6.93696  -7.74479  nan
22  3  4  5.98904  -9.76896  nan
22  3  5  8.26045  -10.831  nan
For row 22 and col 4, pedestal is 217.433
22  4  1  154.42  786.369  86.4703
22  4  2  315.795  1973.63  197.905
22  4  3  761.246  5007.73  404.274
22  4  4  1205.37  9115.51  597.295
22  4  5  3383.92  26002.8  923.333
For row 22 and col 5, pedestal is 230.45
22  5  1  30.7558  12.2845  92.4614
22  5  2  18.0697  23.8176  516.465
22  5  3  20.2122  11.5719  1618.18
22  5  4  21.9889  -5.39705  3178.82
22  5  5  26.4501  -13.0902  831.521
For row 22 and col 6, pedestal is 249.597
22  6  1  25.1964  -13.7825  174.339
22  6  2  25.0094  -25.3506  156.612
22  6  3  20.3642  -28.7147  nan
22  6  4  19.5915  -39.7451  856.838
22  6  5  20.3387  -65.0931  nan
For row 22 and col 7, pedestal is 245.032
22  7  1  27.4345  -1.17098  96.4917
22  7  2  22.3633  -11.3577  158.132
22  7  3  19.5459  -12.2911  328.013
22  7  4  15.7358  -31.1949  nan
22  7  5  20.4576  -44.2109  299.815
For row 22 and col 8, pedestal is 235.695
22  8  1  7.76989  -0.348578  nan
22  8  2  5.64421  4.70033  nan
22  8  3  5.68359  -1.21219  nan
22  8  4  5.6856  3.93923  nan
22  8  5  5.25518  -3.81792  nan
For row 22 and col 9, pedestal is 206.457
22  9  1  10.5176  -0.553341  105.622
22  9  2  6.5381  -1.5668  117.508
22  9  3  5.91193  -3.81264  nan
22  9  4  5.69553  -7.7428  nan
22  9  5  5.21858  -9.76764  nan
For row 22 and col 10, pedestal is 229.067
22  10  1  7.66099  -14.9084  nan
22  10  2  5.07408  -13.0014  nan
22  10  3  4.26247  -17.006  nan
22  10  4  5.07622  -19.2965  nan
22  10  5  5.1271  -28.7413  nan
For row 22 and col 11, pedestal is 222.378
22  11  1  6.14051  -6.38431  nan
22  11  2  5.33436  -1.24919  nan
22  11  3  3.80171  -4.73638  nan
22  11  4  4.01623  -3.62469  nan
22  11  5  6.04183  -5.69633  nan
For row 23 and col 0, pedestal is 232.001
23  0  1  15.6369  -1.3678  380.152
23  0  2  12.1088  4.48506  nan
23  0  3  14.3984  -5.99128  nan
23  0  4  13.2667  -22.9492  nan
23  0  5  11.2588  -20.5162  nan
For row 23 and col 1, pedestal is 203.476
23  1  1  12.1836  7.79485  nan
23  1  2  10.266  9.72306  nan
23  1  3  12.7053  13.9358  nan
23  1  4  9.24048  7.46703  nan
23  1  5  6.68857  -3.19272  nan
For row 23 and col 2, pedestal is 226.574
23  2  1  16.9422  3.76544  229.479
23  2  2  15.0782  -1.39471  463.232
23  2  3  19.0084  5.22309  1745.88
23  2  4  15.8947  4.74809  nan
23  2  5  11.1299  -10.177  nan
For row 23 and col 3, pedestal is 238.623
23  3  1  13.9232  -8.36732  55.9203
23  3  2  12.7028  -16.5384  nan
23  3  3  13.7796  -14.7438  nan
23  3  4  12.7844  -11.082  nan
23  3  5  10.0079  -15.6876  nan
For row 23 and col 4, pedestal is 230.601
23  4  1  29.5374  -4.04734  71.7987
23  4  2  24.188  3.39618  209.844
23  4  3  23.9237  9.91025  nan
23  4  4  27.2978  13.7052  747.756
23  4  5  18.2719  -6.71634  nan
For row 23 and col 5, pedestal is 231.665
23  5  1  34.9575  -54.9388  92.2863
23  5  2  27.012  -59.1427  764.208
23  5  3  34.9947  -50.0807  173.297
23  5  4  29.1212  -50.5221  1017.66
23  5  5  20.2563  -52.259  1362.9
For row 23 and col 6, pedestal is 226.289
23  6  1  38.5265  40.7478  1148.65
23  6  2  26.22  42.8552  366.686
23  6  3  25.5906  8.11872  275.347
23  6  4  31.6502  39.1164  296.617
23  6  5  31.7003  -1.0016  370.026
For row 23 and col 7, pedestal is 191.815
23  7  1  50.2006  50.0986  346.612
23  7  2  17.2448  37.0223  nan
23  7  3  19.4258  6.12826  168.07
23  7  4  19.1616  37.8512  nan
23  7  5  21.0998  4.84831  nan
For row 23 and col 8, pedestal is 213.866
23  8  1  6.09841  -2.85319  nan
23  8  2  5.37044  4.73542  142.518
23  8  3  4.58181  -1.60044  nan
23  8  4  4.78472  0.307571  nan
23  8  5  5.32333  -2.22589  nan
For row 23 and col 9, pedestal is 194.098
23  9  1  10.3085  24.4878  821.158
23  9  2  8.92467  21.7423  460.208
23  9  3  6.7679  12.1161  103.669
23  9  4  6.99524  18.7882  nan
23  9  5  5.92729  4.84454  nan
For row 23 and col 10, pedestal is 196.24
23  10  1  14.6276  13.2427  525.019
23  10  2  7.91026  5.62521  nan
23  10  3  8.42654  9.29421  nan
23  10  4  8.53753  11.0368  nan
23  10  5  7.18414  -1.64424  nan
For row 23 and col 11, pedestal is 247.504
23  11  1  9.40569  12.3149  122.995
23  11  2  7.79613  19.1885  101.302
23  11  3  5.89907  4.9982  nan
23  11  4  5.53617  4.08934  nan
23  11  5  5.17379  -4.10638  nan
