#All information for run 1689.
#Row Col LED <Max> <Int> NPE
For row 0 and col 0, pedestal is 221.809
0  0  1  268.913  1532.58  66.2101
0  0  2  660.127  4040.8  153.934
0  0  3  1297  8357.34  270.674
0  0  4  1956.44  13240.7  397.086
For row 0 and col 1, pedestal is 216.408
0  1  1  203.284  1114.2  42.1917
0  1  2  296.726  1773.38  61.3562
0  1  3  902.685  5642.6  166.872
0  1  4  2652.12  17364.4  346.601
For row 0 and col 2, pedestal is 216.656
0  2  1  204.866  1161.04  58.4739
0  2  2  575.555  3498.07  154.537
0  2  3  688.416  4419.17  181.201
0  2  4  2049.31  13761.2  470.361
For row 0 and col 3, pedestal is 209.488
0  3  1  218.376  1359.01  66.5587
0  3  2  5.89268  -11.1375  nan
0  3  3  1409.51  9449.69  364.404
0  3  4  3021.61  20422.3  448.852
For row 0 and col 4, pedestal is 219.699
0  4  1  63.1909  345.12  60.4776
0  4  2  18.6156  5.01565  172.744
0  4  3  425.794  2970.67  302.019
0  4  4  1062.73  7597.12  568.931
For row 0 and col 5, pedestal is 218.252
0  5  1  76.9605  499.067  62.8941
0  5  2  14.6307  -1.2098  512.784
0  5  3  448.27  3152.47  303.286
0  5  4  1028.3  7372.7  575.01
For row 0 and col 6, pedestal is 217.224
0  6  1  130.243  1000.39  95.5739
0  6  2  221.539  1719.9  147.815
0  6  3  411.736  2569.56  232.131
0  6  4  1007.75  8844.78  573.535
For row 0 and col 7, pedestal is 187.918
0  7  1  128.488  1040.06  139.21
0  7  2  223.907  1858.59  186.728
0  7  3  545.784  3576.49  344.939
0  7  4  1417.4  12843.8  823.541
For row 0 and col 8, pedestal is 190.565
0  8  1  348.697  2609.07  158.503
0  8  2  528.454  4128.89  210.218
0  8  3  1377.5  8369.55  401.816
0  8  4  3298.7  27085.2  689.656
For row 0 and col 9, pedestal is 209.871
0  9  1  502.366  3108.66  86.5625
0  9  2  1181.06  7864  194.343
0  9  3  2057.28  14587.8  310.494
0  9  4  3804.88  26147.7  652.078
For row 0 and col 10, pedestal is 218.686
0  10  1  425.121  2661.7  79.5977
0  10  2  791.846  5309.05  144.898
0  10  3  1910.89  13568.4  286.517
0  10  4  3007.67  20607.5  290.37
For row 0 and col 11, pedestal is 198.776
0  11  1  258.793  1617.62  91.5839
0  11  2  619.744  4120.14  207.825
0  11  3  1041.8  7422.28  319.424
0  11  4  1435.06  10055.2  423.569
For row 1 and col 0, pedestal is 237.216
1  0  1  483.865  2889.18  76.5325
1  0  2  792.774  5172.39  128.674
1  0  3  1702.69  11686.5  243.211
1  0  4  2878.69  20821.6  342.295
For row 1 and col 1, pedestal is 221.471
1  1  1  187.015  1091.06  62.2275
1  1  2  389.656  2451.37  124.919
1  1  3  780.551  5216.47  213.146
1  1  4  2031.77  14322.4  459.231
For row 1 and col 2, pedestal is 222.741
1  2  1  448.63  2501.12  66.9204
1  2  2  985.17  5903.33  147.741
1  2  3  2062.12  13005.6  253.361
1  2  4  3825.53  26525  nan
For row 1 and col 3, pedestal is 223.271
1  3  1  302.867  1836.71  64.3098
1  3  2  6.41585  -18.7152  nan
1  3  3  1641.42  10758.1  288.135
For row 1 and col 4, pedestal is 207.399
1  4  1  39.4731  278.818  61.8621
1  4  2  19.4151  2.12906  nan
1  4  3  255.814  1904.97  236.347
1  4  4  701.996  5072.74  568.359
For row 1 and col 5, pedestal is 207.42
1  5  1  99.6699  642.128  79.7611
1  5  2  15.2393  -1.83187  409.238
1  5  3  636.294  4410.48  335.037
1  5  4  1474.99  10374.8  597.01
For row 1 and col 6, pedestal is 217.288
1  6  1  190.152  1717.2  115.607
1  6  2  401.681  3456.92  191.364
1  6  3  731.092  4978.98  281.262
1  6  4  2599.99  24976.4  817.416
For row 1 and col 7, pedestal is 198.737
1  7  1  181.563  1373.72  117.636
1  7  2  286.303  2237.16  150.13
1  7  3  638.616  3864.09  275.982
1  7  4  1985.61  16626.4  783.984
For row 1 and col 8, pedestal is 229.173
1  8  1  1407.11  10407.2  157.078
1  8  2  1851.27  14215  183.572
For row 1 and col 9, pedestal is 203.829
1  9  1  521.717  3296.14  161.017
1  9  2  61.0233  402.407  22.8124
1  9  3  1553.5  11212.1  414.633
1  9  4  2709.11  19132.6  553.774
For row 1 and col 10, pedestal is 218.496
1  10  1  208.881  1278.16  77.8994
1  10  2  461.409  3054.45  167.748
1  10  3  922.314  6599.71  303.053
1  10  4  79.3518  513.654  31.6243
For row 1 and col 11, pedestal is 224.285
1  11  1  149.806  912.58  80.8167
1  11  2  440.891  2932.49  220.68
1  11  3  664.521  4739.01  310.628
1  11  4  1311.71  9251.48  535.835
For row 2 and col 0, pedestal is 184.999
2  0  1  286.563  1598.53  57.8391
2  0  2  585.125  3524.65  110.131
2  0  3  1234.9  7836.11  212.122
2  0  4  2848.15  18855.5  330.089
For row 2 and col 1, pedestal is 208.26
2  1  1  147.942  836.244  73.6095
2  1  2  183.687  1119.27  91.7884
2  1  3  508.617  3270.29  227.208
2  1  4  1506.05  10147.5  581.251
For row 2 and col 2, pedestal is 201.485
2  2  1  361.521  2081.07  76.8991
2  2  2  436.802  2699.48  91.779
2  2  3  1639.67  10734.8  303.938
2  2  4  5165.27  26460.4  309.418
For row 2 and col 3, pedestal is 220.355
2  3  1  236.19  1459.9  69.617
2  3  2  4.07976  -16.7374  nan
2  3  3  1442.83  9719.8  327.804
2  3  4  3092.16  21179.5  436.403
For row 2 and col 4, pedestal is 227.376
2  4  1  47.9  333.377  54.5008
2  4  2  18.19  33.2915  nan
2  4  3  283.557  2047.52  269.63
2  4  4  817.998  5823.04  556.626
For row 2 and col 5, pedestal is 208.294
2  5  1  102.055  703.018  61.9772
2  5  2  18.0728  -9.9347  nan
2  5  3  645.085  4541.14  312.714
2  5  4  1513.08  10719.4  595.593
For row 2 and col 6, pedestal is 232.715
2  6  1  131.182  1029.63  113.578
2  6  2  238.091  2048.58  189.19
2  6  3  376.792  2597.11  269.676
2  6  4  1585.73  14896.6  915.965
For row 2 and col 7, pedestal is 212.255
2  7  1  106.328  891.462  123.008
2  7  2  203.922  1714.96  178.7
2  7  3  498.084  3296.23  368.313
2  7  4  1117.19  10200  773.879
For row 2 and col 8, pedestal is 228.49
2  8  1  525.286  4067.88  189.441
2  8  2  827.32  6736.68  274.851
2  8  3  1821.15  11676.3  443.086
For row 2 and col 9, pedestal is 198.677
2  9  1  16.8344  97.3571  13.3682
2  9  2  1351.71  9324.73  319.927
2  9  3  1473.63  10895  352.842
2  9  4  2875.02  20751.9  470.205
For row 2 and col 10, pedestal is 204.084
2  10  1  259.496  1609.84  105.623
2  10  2  545.96  3682.91  209.392
2  10  3  1167.82  8425.7  425.287
2  10  4  1841.95  13111.7  581.947
For row 2 and col 11, pedestal is 189.826
2  11  1  424.141  2642.7  104.893
2  11  2  652.84  4391.19  161.431
2  11  3  1649.48  11862.9  373.691
2  11  4  3011.37  21397.6  399.907
For row 3 and col 0, pedestal is 166.66
3  0  1  212.939  1187.45  75.6144
3  0  2  33.9792  191.099  14.5313
3  0  3  817.713  5231.38  272.337
3  0  4  2156.43  14552.3  599.466
For row 3 and col 1, pedestal is 225.95
3  1  1  203.199  1087.2  49.2181
3  1  2  468.642  2725.33  112.219
3  1  3  969.426  5970.58  211.222
3  1  4  1678.65  10890.6  340.279
For row 3 and col 2, pedestal is 206.685
3  2  1  380.638  2145.7  80.8152
3  2  2  761.799  4568.47  165.465
3  2  3  1754.78  11070.2  286.466
3  2  4  3486.01  23033.4  390.756
For row 3 and col 3, pedestal is 189.035
3  3  1  180.666  1119.81  56.6448
3  3  2  5.91563  -7.56925  nan
3  3  3  1099.27  7324.07  276.669
3  3  4  2594.05  17613.4  493.012
For row 3 and col 4, pedestal is 218.685
3  4  1  117.512  696.307  48.8621
3  4  2  8.31032  5.68251  nan
3  4  3  15.8856  101.378  18.2911
3  4  4  1599.83  10298.3  424.846
For row 3 and col 5, pedestal is 190.798
3  5  1  189.535  1109.83  68.8552
3  5  2  10.6488  3.81308  nan
3  5  3  1164.24  7372.9  326.472
3  5  4  2737.5  17494.4  417.325
For row 3 and col 6, pedestal is 229.973
3  6  1  123.328  822.172  72.5932
3  6  2  433.645  3130.68  226.773
3  6  3  556.323  3109.53  249.435
3  6  4  1888.46  14993.2  734.864
For row 3 and col 7, pedestal is 199.133
3  7  1  102.153  812.238  88.3132
3  7  2  185.65  1508.56  157.33
3  7  3  455.428  2964.81  280.449
3  7  4  1376.17  12221  774.77
For row 3 and col 8, pedestal is 240.093
3  8  1  731.117  5528.85  170.664
3  8  2  1014.52  8004.21  210.43
3  8  3  1950.07  11870.1  312.016
For row 3 and col 9, pedestal is 220.599
3  9  1  424.375  2633.27  105.168
3  9  2  850.058  5681.59  195.639
3  9  3  1686.07  12038.7  334.962
3  9  4  3272.81  22727.7  355.009
For row 3 and col 10, pedestal is 218.135
3  10  1  272.022  1699.75  92.1763
3  10  2  668.202  4430.95  206.491
3  10  3  1314.01  9288.91  381.638
3  10  4  2273.74  15724.3  575.205
For row 3 and col 11, pedestal is 197.648
3  11  1  424.172  2576.84  95.0042
3  11  2  917.905  6036.01  190.585
3  11  3  1780.06  12535.4  337.09
3  11  4  3065.12  21078.8  381.626
For row 4 and col 0, pedestal is 214.122
4  0  1  210.46  1238.42  52.9722
4  0  2  337.985  2130.79  85.9859
4  0  3  883.248  5860.48  212.617
4  0  4  2199.38  15482.2  461.335
For row 4 and col 1, pedestal is 190.084
4  1  1  170.077  971.106  58.5978
4  1  2  428.808  2682.98  134.791
4  1  3  738.641  4869.97  217.579
4  1  4  1731.17  12145.8  430.501
For row 4 and col 2, pedestal is 187.997
4  2  1  67.2978  384.687  47.8696
4  2  2  222.643  1413.99  148.707
4  2  3  344.801  2328.19  215.252
4  2  4  913.655  6441.74  513.984
For row 4 and col 3, pedestal is 204.7
4  3  1  182.009  1153.1  68.8524
4  3  2  5.92246  -22.6436  nan
4  3  3  1061.13  7342.48  326.984
4  3  4  2516.99  17789.3  578.541
For row 4 and col 4, pedestal is 176.024
4  4  1  164.735  996.495  63.8561
4  4  2  17.7007  0.0688616  1670.68
4  4  3  819.92  5269.15  276.703
4  4  4  2489.57  16280  528.792
For row 4 and col 5, pedestal is 195.077
4  5  1  128.658  791.797  61.844
4  5  2  11.0639  -5.67197  nan
4  5  3  785.733  5073.72  314.798
4  5  4  2064.52  13521.8  573.372
For row 4 and col 6, pedestal is 236.45
4  6  1  133.179  1031.67  111.082
4  6  2  286.222  2367.3  209.068
4  6  3  540.858  3595.77  298.331
4  6  4  1010.55  9488.67  630.875
For row 4 and col 7, pedestal is 206.367
4  7  1  154.066  1196.37  101.344
4  7  2  250.344  2104.43  175.126
4  7  3  422.987  2885.87  221.675
4  7  4  1293.22  12254.8  658.999
For row 4 and col 8, pedestal is 242.65
4  8  1  511.311  3981.01  153.221
4  8  2  830.761  6728.46  218.065
4  8  3  1590.72  9854.5  313.636
For row 4 and col 9, pedestal is 210.901
4  9  1  250.517  1597.8  94.2526
4  9  2  499.556  3425.78  177.999
4  9  3  1032.67  7614.24  346.549
4  9  4  1964.33  14289.8  562.475
For row 4 and col 10, pedestal is 235.76
4  10  1  283.717  1778.77  81.3828
4  10  2  765.932  5179.91  214.466
4  10  3  1070.67  7703.27  291.892
4  10  4  2715.22  19073.3  527.834
For row 4 and col 11, pedestal is 202.435
4  11  1  123.472  766.871  77.0892
4  11  2  292.927  1956.36  172.597
4  11  3  546.221  3960.08  295.265
4  11  4  1121.77  7993.37  516.431
For row 5 and col 0, pedestal is 231.953
5  0  1  111.773  604.98  31.1681
5  0  2  346.825  2052.88  92.8244
5  0  3  616.244  3871.02  149.784
5  0  4  1471.74  9701.22  330.56
For row 5 and col 1, pedestal is 200.388
5  1  1  306.5  1712.61  62.4354
5  1  2  602.156  3608.44  122.472
5  1  3  1317.65  8418.75  251.692
5  1  4  2472.9  16436.6  394.945
For row 5 and col 2, pedestal is 216.324
5  2  1  158.546  885.386  81.2294
5  2  2  309.896  1896.89  155.573
5  2  3  533.957  3414.41  255.471
5  2  4  483.191  3229.85  238.529
For row 5 and col 3, pedestal is 203.776
5  3  1  212.505  1292.49  72.9594
5  3  2  5.03644  -7.27579  nan
5  3  3  1116.47  7327.48  312.101
5  3  4  3321.95  22136.6  476.29
For row 5 and col 4, pedestal is 226.767
5  4  1  65.2133  448.591  72.1918
5  4  2  12.7639  -5.19456  nan
5  4  3  344.762  2510.56  287.561
5  4  4  970.106  7049.08  623.886
For row 5 and col 5, pedestal is 181.273
5  5  1  118.632  775.3  61.4057
5  5  2  10.6359  -10.8638  nan
5  5  3  606.563  4247.09  267.132
5  5  4  1798.85  12672.1  549.729
For row 5 and col 6, pedestal is 218.647
5  6  1  296.399  2103.94  123.724
5  6  2  589.327  4352.47  222.956
5  6  3  1419.17  8088  384.592
5  6  4  1712.55  13851.1  593.521
For row 5 and col 7, pedestal is 236.847
5  7  1  104.235  819.668  117.691
5  7  2  178.478  1457.12  190.49
5  7  3  313.93  2015.2  259.486
5  7  4  1081.17  9546.84  758.346
For row 5 and col 8, pedestal is 189.324
5  8  1  1.97313  -17.2539  nan
5  8  2  2.05034  -16.2532  nan
5  8  3  2.00513  -16.8191  nan
5  8  4  2.06023  -16.5882  nan
For row 5 and col 9, pedestal is 211.443
5  9  1  359.829  2199.02  77.9707
5  9  2  738.958  4898.8  159.276
5  9  3  1858.87  13097.1  351.367
5  9  4  3324.63  22794.8  354.885
For row 5 and col 10, pedestal is 189.23
5  10  1  332.547  2040.87  94.6439
5  10  2  722.489  4846.27  195.95
5  10  3  1062.22  7639.34  287.748
5  10  4  2410.04  17036  537.401
For row 5 and col 11, pedestal is 213.18
5  11  1  330.438  2004.81  75.9996
5  11  2  744.73  4909.03  152.601
5  11  3  1414.43  9981.24  268.954
5  11  4  2678.78  18565.4  371.722
For row 6 and col 0, pedestal is 208.748
6  0  1  174.834  1209.8  90.3599
6  0  2  315.045  2284.55  162.493
6  0  3  542.33  3282.41  251.171
6  0  4  1990.73  13327.6  788.19
For row 6 and col 1, pedestal is 209.929
6  1  1  291.703  1977.4  97.112
6  1  2  622.014  4415.7  191.376
6  1  3  1089.97  6411.44  271.989
6  1  4  2676.15  17411.7  511.372
For row 6 and col 2, pedestal is 221.351
6  2  1  492.705  3378.11  98.339
6  2  2  898.346  6444.26  173.304
6  2  3  1761.91  10527.4  295.969
6  2  4  4036.1  26691.7  468.11
For row 6 and col 3, pedestal is 207.939
6  3  1  292.556  1550.25  99.7401
6  3  2  656.582  3786.96  205.547
6  3  3  1391.11  8508  392.244
6  3  4  1993.79  12362.2  552.759
For row 6 and col 4, pedestal is 184.814
6  4  1  97.704  506.809  86.4574
6  4  2  276.218  1637.64  213.456
6  4  3  501.521  3152.02  343.001
6  4  4  975.538  6304.81  638.179
For row 6 and col 5, pedestal is 192.959
6  5  1  103.292  361.168  95.6459
6  5  2  209.445  806.322  191.824
6  5  3  293.17  1194.85  285.172
6  5  4  429.489  1727.77  465.277
For row 6 and col 6, pedestal is 210.485
6  6  1  101.486  882.589  108.213
6  6  2  230.085  1888.71  186.176
6  6  3  589.185  3990.44  364.069
6  6  4  1398.01  10439.3  764.04
For row 6 and col 7, pedestal is 214.412
6  7  1  64.8349  608.131  119.86
6  7  2  100.899  885.208  151.125
6  7  3  388.891  2757.63  401.27
6  7  4  852.104  6435.34  777.652
For row 6 and col 8, pedestal is 227.945
6  8  1  384.479  2771.01  68.1908
6  8  2  808.448  6016.86  130.468
6  8  3  1938.09  11795.7  268.65
6  8  4  3908.1  25923.7  381.335
For row 6 and col 9, pedestal is 233.028
6  9  1  463.746  2794.2  129.334
6  9  2  901.877  5318.95  220.878
6  9  3  2387.2  15491.9  474.466
6  9  4  2456.84  17028.4  522.427
For row 6 and col 10, pedestal is 233.829
6  10  1  425.079  2565.1  116.725
6  10  2  760.963  4439.8  199.797
6  10  3  1187.44  7643.79  295.022
6  10  4  3237.54  22079.8  470.548
For row 6 and col 11, pedestal is 213.76
6  11  1  607.385  3680.03  80.3255
6  11  2  1245.75  7201.28  160.099
6  11  3  1995.24  12684.4  231.599
6  11  4  3117.21  21214.1  261.449
For row 7 and col 0, pedestal is 227.647
7  0  1  543.59  3850.5  106.204
7  0  2  993.348  7430.84  191.037
7  0  3  1985.31  12244.4  315.423
For row 7 and col 1, pedestal is 270.154
7  1  1  412.719  3009.6  90.3372
7  1  2  620.024  4813.65  140.43
7  1  3  1577.06  10043.1  280.678
For row 7 and col 2, pedestal is 219.43
7  2  1  343.66  2384.94  85.8826
7  2  2  664.699  4925.79  149.85
7  2  3  1137.5  6917.29  222.311
7  2  4  4613.71  27463.6  458.765
For row 7 and col 3, pedestal is 217.18
7  3  1  659.231  3590.17  116.123
7  3  2  1429.47  8407.82  240.45
7  3  3  2474.46  15488.7  361.155
7  3  4  4015.76  25919.6  254.542
For row 7 and col 4, pedestal is 201.104
7  4  1  213.515  1022.08  92.6794
7  4  2  566.448  2947.32  217.139
7  4  3  982.117  5575.82  341.458
7  4  4  1460.67  8447.15  500.858
For row 7 and col 5, pedestal is 245.272
7  5  1  224.457  1081.08  76.4479
7  5  2  615.476  3248  189.496
7  5  3  955.921  5439.84  275.599
7  5  4  2364.82  13674.8  531.959
For row 7 and col 6, pedestal is 212.746
7  6  1  164.102  1251.9  96.4478
7  6  2  273.46  2311.58  151.348
7  6  3  884.755  6194.97  355.647
7  6  4  1877.22  14579.2  653.63
For row 7 and col 7, pedestal is 226.094
7  7  1  123.081  892.61  95.284
7  7  2  214.66  1694.29  169.751
7  7  3  615.929  4244.41  372.177
7  7  4  1314.81  10060  726.938
For row 7 and col 8, pedestal is 248.695
7  8  1  343.685  2500.45  81.6132
7  8  2  710.346  5396.83  158.441
7  8  3  1825.81  11447.6  329.574
7  8  4  3259.24  22755.5  412.186
For row 7 and col 9, pedestal is 233.289
7  9  1  769.402  4549.5  122.477
7  9  2  1402.47  8061.22  208.164
7  9  3  3401.36  21720.9  308.642
7  9  4  3827.97  25665.5  386.968
For row 7 and col 10, pedestal is 245.206
7  10  1  345.97  2038.55  119.296
7  10  2  763.626  4341.84  249.301
7  10  3  1716.5  10769.4  503.602
7  10  4  1269.6  8495.78  405.558
For row 7 and col 11, pedestal is 234.605
7  11  1  247.345  1437.31  92.326
7  11  2  448.57  2494.91  159.712
7  11  3  1083.33  6673.33  340.642
7  11  4  1852.89  12341.4  524.551
For row 8 and col 0, pedestal is 195.854
8  0  1  232.862  1531.41  100.746
8  0  2  349.267  2431.06  142.733
8  0  3  889.688  5136.34  307.633
8  0  4  2254.79  14542.6  647.325
For row 8 and col 1, pedestal is 211.601
8  1  1  476.774  3231.39  94.2212
8  1  2  992.726  7061.22  184.403
8  1  3  1551.18  9104.04  258.797
For row 8 and col 2, pedestal is 227.253
8  2  1  236.902  1621.06  75.7552
8  2  2  492.877  3559.23  153.575
8  2  3  794.318  4759.46  219.743
8  2  4  2660.35  17503  590.38
For row 8 and col 3, pedestal is 223.938
8  3  1  532.03  2844.77  81.5022
8  3  2  1237.74  7070.6  178.573
8  3  3  2550.39  15438.6  275.633
8  3  4  2776.45  17124.5  320.441
For row 8 and col 4, pedestal is 210.231
8  4  1  74.1517  408.401  95.282
8  4  2  151.821  1026.85  160.53
8  4  3  360.522  2732.71  351.262
8  4  4  541.636  4261.61  489.728
For row 8 and col 5, pedestal is 221.443
8  5  1  152.535  845.322  113.154
8  5  2  339.543  2055.16  206.736
8  5  3  348.529  2245.03  223.348
8  5  4  1258.33  8532.51  603.307
For row 8 and col 6, pedestal is 200.695
8  6  1  154.362  1102.7  91.0223
8  6  2  275.285  2027.43  162.172
8  6  3  830.596  4878.2  365.763
8  6  4  1600.07  10332.9  651.837
For row 8 and col 7, pedestal is 193.345
8  7  1  96.7796  631.779  83.9724
8  7  2  171.773  1353.73  160.935
8  7  3  514.877  3329.33  346.717
8  7  4  1179.75  8531.05  685.173
For row 8 and col 8, pedestal is 197.913
8  8  1  421.722  3011.48  90.6974
8  8  2  739.23  5534.78  148.677
8  8  3  1411.78  8656.77  255.096
8  8  4  3316.03  22507.9  328.053
For row 8 and col 9, pedestal is 229.397
8  9  1  508.479  3012.13  132.581
8  9  2  835.739  4825.96  206.465
8  9  3  2076.07  13202.4  425.656
8  9  4  2872.79  19462.7  493.734
For row 8 and col 10, pedestal is 199.065
8  10  1  296.595  1763.23  117.455
8  10  2  431.675  2536.3  165.542
8  10  3  1026.37  6673.27  342.825
8  10  4  2119.51  14847.2  607.338
For row 8 and col 11, pedestal is 199.363
8  11  1  393.001  2377.81  81.3116
8  11  2  836.812  4932.21  166.744
8  11  3  2022.7  13124.2  367.477
8  11  4  3773.19  26421.3  567.766
For row 9 and col 0, pedestal is 194.444
9  0  1  244.623  1682.56  104.514
9  0  2  450.39  3271.76  187.027
9  0  3  920.159  5537.4  336.063
9  0  4  2558.89  17073  709.203
For row 9 and col 1, pedestal is 200.071
9  1  1  226.957  1546.34  98.6158
9  1  2  462.909  3367.48  193.269
9  1  3  1166.65  6979.67  399.669
9  1  4  2536.15  16806.9  744.113
For row 9 and col 2, pedestal is 239.959
9  2  1  266.882  1759.3  77.9919
9  2  2  555.128  3918.26  156.347
9  2  3  1299.09  7529.42  318.25
9  2  4  3518.39  22859.8  501.939
For row 9 and col 3, pedestal is 221.988
9  3  1  320.752  1672.42  95.4186
9  3  2  569.609  3259.96  163.287
9  3  3  1488.17  8955.11  381.421
9  3  4  2211.49  13458.1  543.108
For row 9 and col 4, pedestal is 216.667
9  4  1  247.422  1235.08  101.626
9  4  2  518.071  2777.96  199.924
9  4  3  878.959  5150.57  308.248
9  4  4  1895.93  11368  562.799
For row 9 and col 5, pedestal is 239.599
9  5  1  248.944  1248.85  107.056
9  5  2  575.996  3216.44  219.445
9  5  3  1054.48  6318.25  359.859
9  5  4  1629.91  9968.01  517.721
For row 9 and col 6, pedestal is 180.746
9  6  1  131.83  986.321  114.239
9  6  2  234.743  1914.55  160.439
9  6  3  628.896  4242.56  337.237
9  6  4  1334.54  9834.43  643.102
For row 9 and col 7, pedestal is 213.969
9  7  1  69.5599  599.401  74.6052
9  7  2  143.457  1205.38  125.307
9  7  3  391.545  2702.52  240.563
9  7  4  957.199  7017.02  569.698
For row 9 and col 8, pedestal is 231.688
9  8  1  716.612  5014.77  92.9548
9  8  2  1116.92  8127.01  138.011
9  8  3  2512.03  14981.3  230.277
For row 9 and col 9, pedestal is 241.562
9  9  1  292.88  1671.68  113.483
9  9  2  435.375  2441.16  167.136
9  9  3  1270.51  7912.82  421.981
9  9  4  1361.3  9051.9  454.746
For row 9 and col 10, pedestal is 243.614
9  10  1  284.231  1712.84  87.6919
9  10  2  563.931  3279.87  165.485
9  10  3  1240.27  7994.74  317.942
9  10  4  2209.44  15340.2  496.915
For row 9 and col 11, pedestal is 184.492
9  11  1  51.8352  308.074  21.7914
9  11  2  372.428  2188.85  127.139
9  11  3  691.187  4473.76  232.965
9  11  4  1620.68  11257.5  493.866
For row 10 and col 0, pedestal is 246.711
10  0  1  267.399  1867.38  86.449
10  0  2  479.496  3589.31  151.931
10  0  3  1139.19  7028.96  313.475
10  0  4  2552.4  17660.9  587.753
For row 10 and col 1, pedestal is 197.665
10  1  1  232.662  1664.24  88.6634
10  1  2  459.931  3453.73  171.735
10  1  3  761.355  4716.89  253.568
10  1  4  2330.51  16056.2  593.706
For row 10 and col 2, pedestal is 218.928
10  2  1  291.167  2016.37  88.6855
10  2  2  639.376  4808.35  179.94
10  2  3  1151.27  6983.3  277.722
10  2  4  2742.88  18629.3  534.249
For row 10 and col 3, pedestal is 216.267
10  3  1  200.108  1092.73  84.8518
10  3  2  419.795  2473.37  173.484
10  3  3  615.594  3904.68  249.179
10  3  4  1149.88  7374.85  426.868
For row 10 and col 4, pedestal is 225.622
10  4  1  263.268  1379.15  101.46
10  4  2  510.353  2874.36  180.409
10  4  3  1191.96  7239.29  361.116
10  4  4  2390.48  14751.2  605.436
For row 10 and col 5, pedestal is 192.84
10  5  1  154.764  973.924  95.3341
10  5  2  391.964  2510.49  228.322
10  5  3  722.153  5071.64  385.221
10  5  4  1401.29  9866.14  675.554
For row 10 and col 6, pedestal is 219.886
10  6  1  126.617  974.251  85.0809
10  6  2  147.546  1191.52  82.9755
10  6  3  503.771  3386.74  213.735
10  6  4  1445.83  11020  532.36
For row 10 and col 7, pedestal is 232.345
10  7  1  112.081  791.691  71.8412
10  7  2  298.581  2303.18  144.939
10  7  3  902.708  5851.12  333.78
10  7  4  1444.93  10627.4  566.423
For row 10 and col 8, pedestal is 202.737
10  8  1  519.363  3805.26  86.3559
10  8  2  908.423  6853.93  150.535
10  8  3  2889.23  17797.9  272.205
For row 10 and col 9, pedestal is 199.344
10  9  1  926.254  5484.56  123.292
10  9  2  1392.32  8006.12  180.366
10  9  3  3472.19  22190.5  259.842
For row 10 and col 10, pedestal is 238.03
10  10  1  601.644  3672.85  97.9137
10  10  2  1005.25  5934.94  159.427
10  10  3  2562.25  16664.1  324.471
10  10  4  3083.43  21520.2  351.594
For row 10 and col 11, pedestal is 231.481
10  11  1  481.815  2911.68  102.921
10  11  2  845.524  4919.02  175.19
10  11  3  1792.94  11540.7  336.035
10  11  4  3465.55  23923.4  435.492
For row 11 and col 0, pedestal is 207.622
11  0  1  195.03  1306.01  104.273
11  0  2  439.286  3172.33  197.587
11  0  3  392.313  2292.47  183.315
11  0  4  2169.22  14095.4  583.851
For row 11 and col 1, pedestal is 195.209
11  1  1  451.907  3076.53  79.2494
11  1  2  832.823  6066.27  138.68
11  1  3  2413.89  14211.9  286.199
11  1  4  3844.38  27450  10518.6
For row 11 and col 2, pedestal is 238.693
11  2  1  405.626  2798.65  108.641
11  2  2  733.847  5350.54  195.131
11  2  3  1534.99  9258.03  343.22
11  2  4  2595.18  17222.4  516.794
For row 11 and col 3, pedestal is 193.406
11  3  1  409.77  2199.03  95.7655
11  3  2  949.576  5450.54  192.774
11  3  3  1977.4  11996.4  346.121
11  3  4  3644.86  22606.7  448.513
For row 11 and col 4, pedestal is 224.64
11  4  1  120.315  742.5  66.6703
11  4  2  274.587  1674.59  148.552
11  4  3  651.676  4272.59  318.357
11  4  4  1231.03  8063.78  557.833
For row 11 and col 5, pedestal is 224.054
11  5  1  132.952  788.879  85.9922
11  5  2  328.577  2013.67  204.39
11  5  3  581.937  3861.76  331.972
11  5  4  1218.8  8165.99  658.504
For row 11 and col 6, pedestal is 197.431
11  6  1  141.273  1037.87  124.696
11  6  2  226.855  1856.81  221.599
11  6  3  629.912  3960.5  391.996
11  6  4  1360.86  9586.83  696.831
For row 11 and col 7, pedestal is 215.49
11  7  1  103.045  756.582  150.706
11  7  2  151.649  1163.1  212.641
11  7  3  378.084  2470.78  260.959
11  7  4  1010.56  7293.57  592.315
For row 11 and col 8, pedestal is 196.268
11  8  1  224.755  1565.94  51.687
11  8  2  630.074  4594.33  128.329
11  8  3  2003.07  11944.7  283.528
11  8  4  3538.29  23881.4  319.878
For row 11 and col 9, pedestal is 197.817
11  9  1  336.962  2000.26  87.6601
11  9  2  745.398  4216.11  183.993
11  9  3  49.8331  325.512  18.9203
11  9  4  153.086  1031.07  42.5146
For row 11 and col 10, pedestal is 228.53
11  10  1  316.998  1871  102.307
11  10  2  457.304  2584.81  146.089
11  10  3  1248.63  7719.54  353.826
11  10  4  2401.31  15935.8  524.294
For row 11 and col 11, pedestal is 188.637
11  11  1  497.057  2889.67  101.33
11  11  2  778.321  4374.14  155.147
11  11  3  1426.48  8829.91  272.214
11  11  4  3488.44  23477.1  378.454
For row 12 and col 0, pedestal is 239.34
12  0  1  2.53186  -14.0874  nan
12  0  2  2.56752  -15.1898  nan
12  0  3  2.62947  -14.1007  nan
12  0  4  2.31018  -15.2  nan
For row 12 and col 1, pedestal is 194.955
12  1  1  2.52684  -14.18  nan
12  1  2  2.51909  -14.092  nan
12  1  3  2.62601  -13.9379  nan
12  1  4  2.49187  -14.2416  nan
For row 12 and col 2, pedestal is 215.842
12  2  1  2.70424  -13.687  nan
12  2  2  2.79195  -15.5245  nan
12  2  3  2.81298  -15.0276  nan
12  2  4  2.66123  -14.4258  nan
For row 12 and col 3, pedestal is 217.255
12  3  1  2.16102  -15.4268  nan
12  3  2  2.09886  -15.0402  nan
12  3  3  2.3212  -15.9118  nan
12  3  4  2.08238  -15.3287  nan
For row 12 and col 4, pedestal is 233.14
12  4  1  3.91387  -13.9469  nan
12  4  2  4.54115  -16.3317  nan
12  4  3  4.20838  -13.1243  nan
12  4  4  3.47617  -12.5442  nan
For row 12 and col 5, pedestal is 208.746
12  5  1  5.17599  -17.1684  nan
12  5  2  4.68293  -19.6621  nan
12  5  3  4.51347  -17.5445  nan
12  5  4  4.66401  -18.592  nan
For row 12 and col 6, pedestal is 205.208
12  6  1  5.22508  -10.4074  nan
12  6  2  5.74297  -11.5658  nan
12  6  3  4.78482  -8.60758  nan
12  6  4  4.54263  -11.2028  nan
For row 12 and col 7, pedestal is 197.645
12  7  1  3.32032  -12.8165  nan
12  7  2  4.1579  -12.6428  nan
12  7  3  3.47654  -11.4329  nan
12  7  4  2.96277  -12.8263  nan
For row 12 and col 8, pedestal is 235.451
12  8  1  2.78053  -15.6189  nan
12  8  2  2.93051  -15.368  nan
12  8  3  2.71933  -14.5471  nan
12  8  4  2.53587  -14.8163  nan
For row 12 and col 9, pedestal is 231.596
12  9  1  3.05308  -13.4211  nan
12  9  2  2.99021  -15.1064  nan
12  9  3  3.18226  -13.0662  nan
12  9  4  2.93648  -14.9135  nan
For row 12 and col 10, pedestal is 216.052
12  10  1  2.57033  -12.7954  nan
12  10  2  2.61068  -13.9003  nan
12  10  3  2.61523  -13.417  nan
12  10  4  2.5255  -14.4087  nan
For row 12 and col 11, pedestal is 185.057
12  11  1  2.50633  -11.799  nan
12  11  2  2.62106  -12.4916  nan
12  11  3  2.42138  -13.4725  nan
12  11  4  2.35816  -12.8418  nan
For row 13 and col 0, pedestal is 169.698
13  0  1  3.16055  -15.6408  nan
13  0  2  3.23703  -15.6701  nan
13  0  3  3.03272  -16.5938  nan
13  0  4  3.07956  -16.6526  nan
For row 13 and col 1, pedestal is 199.739
13  1  1  2.24554  -14.6603  nan
13  1  2  2.26245  -14.6638  nan
13  1  3  2.07162  -15.0543  nan
13  1  4  2.13551  -15.6488  nan
For row 13 and col 2, pedestal is 215.388
13  2  1  2.66846  -16.4292  nan
13  2  2  3.2807  -14.0749  nan
13  2  3  2.95541  -14.4853  nan
13  2  4  2.69544  -15.2546  nan
For row 13 and col 3, pedestal is 196.364
13  3  1  3.01221  -16.5521  nan
13  3  2  2.84907  -16.8607  nan
13  3  3  3.0162  -16.2952  nan
13  3  4  2.89027  -15.8378  nan
For row 13 and col 4, pedestal is 205.307
13  4  1  2.73779  -15.1008  nan
13  4  2  3.37174  -15.6525  nan
13  4  3  2.94001  -16.0873  nan
13  4  4  2.67872  -16.0917  nan
For row 13 and col 5, pedestal is 204.358
13  5  1  3.68077  -12.6868  nan
13  5  2  3.91352  -12.6147  nan
13  5  3  4.16592  -14.1215  nan
13  5  4  3.8365  -13.3889  nan
For row 13 and col 6, pedestal is 150.808
13  6  1  3.04926  -14.7908  nan
13  6  2  4.39336  -12.2708  nan
13  6  3  3.1823  -14.733  nan
13  6  4  3.17058  -13.5203  nan
For row 13 and col 7, pedestal is 197.538
13  7  1  3.74664  -10.3052  nan
13  7  2  6.15799  -6.48036  nan
13  7  3  3.58287  -6.32018  nan
13  7  4  3.3252  -8.83  nan
For row 13 and col 8, pedestal is 226.097
13  8  1  2.54134  -12.7401  nan
13  8  2  2.68813  -12.8358  nan
13  8  3  2.57858  -12.5886  nan
13  8  4  2.62996  -12.265  nan
For row 13 and col 9, pedestal is 215.356
13  9  1  3.05977  -13.1151  nan
13  9  2  3.13088  -12.6762  nan
13  9  3  3.03844  -13.0918  nan
13  9  4  2.88774  -13.0225  nan
For row 13 and col 10, pedestal is 197.073
13  10  1  2.6944  -14.7523  nan
13  10  2  3.2635  -13.8005  nan
13  10  3  2.6301  -15.6468  nan
13  10  4  2.60773  -14.5553  nan
For row 13 and col 11, pedestal is 212.05
13  11  1  2.51255  -10.825  nan
13  11  2  2.77779  -10.7543  nan
13  11  3  2.55738  -12.866  nan
13  11  4  2.54922  -11.4455  nan
For row 14 and col 0, pedestal is 203.389
14  0  1  2.73704  -13.7169  nan
14  0  2  2.71629  -15.2544  nan
14  0  3  2.72211  -14.9552  nan
14  0  4  2.59284  -14.5389  nan
For row 14 and col 1, pedestal is 227.568
14  1  1  2.52221  -15.0527  nan
14  1  2  2.4124  -13.5821  nan
14  1  3  2.37037  -13.6762  nan
14  1  4  2.31536  -14.0928  nan
For row 14 and col 2, pedestal is 189.836
14  2  1  2.57839  -15.0442  nan
14  2  2  2.76003  -15.8894  nan
14  2  3  2.69283  -14.9429  nan
14  2  4  2.65206  -15.3526  nan
For row 14 and col 3, pedestal is 212.939
14  3  1  2.73959  -14.2926  nan
14  3  2  2.49686  -14.1716  nan
14  3  3  2.73304  -14.7182  nan
14  3  4  2.82561  -14.7269  nan
For row 14 and col 4, pedestal is 186.576
14  4  1  4.28487  -13.5508  nan
14  4  2  7.10866  -12.9795  nan
14  4  3  4.82944  -11.092  nan
14  4  4  4.00492  -12.2505  nan
For row 14 and col 5, pedestal is 218.648
14  5  1  2.73512  -16.2302  nan
14  5  2  2.53776  -15.414  nan
14  5  3  2.77295  -16.0962  nan
14  5  4  2.62288  -15.423  nan
For row 14 and col 6, pedestal is 181.822
14  6  1  4.34146  -15.1186  nan
14  6  2  5.05447  -13.6711  nan
14  6  3  4.93955  -14.6946  nan
14  6  4  4.19194  -16.4817  nan
For row 14 and col 7, pedestal is 228.584
14  7  1  4.15278  -14.3649  nan
14  7  2  5.94955  -10.7882  nan
14  7  3  5.09346  -12.3087  nan
14  7  4  4.35473  -14.3358  nan
For row 14 and col 8, pedestal is 201.829
14  8  1  2.5192  -10.8501  nan
14  8  2  2.67868  -10.8756  nan
14  8  3  2.66204  -10.6118  nan
14  8  4  2.55208  -10.1412  nan
For row 14 and col 9, pedestal is 213.684
14  9  1  2.83344  -14.5587  nan
14  9  2  2.88545  -11.4755  nan
14  9  3  2.89859  -11.9264  nan
14  9  4  2.80594  -12.7312  nan
For row 14 and col 10, pedestal is 239.491
14  10  1  2.39606  -13.817  nan
14  10  2  2.70192  -14.4875  nan
14  10  3  2.55101  -13.335  nan
14  10  4  2.34799  -13.5413  nan
For row 14 and col 11, pedestal is 210.579
14  11  1  2.93834  -12.3325  nan
14  11  2  3.59098  -11.2857  nan
14  11  3  2.86978  -12.5336  nan
14  11  4  2.59848  -12.4623  nan
For row 15 and col 0, pedestal is 232.204
15  0  1  2.75479  -16.9605  nan
15  0  2  2.95625  -14.7128  nan
15  0  3  3.07282  -15.0963  nan
15  0  4  2.82058  -15.294  nan
For row 15 and col 1, pedestal is 201.097
15  1  1  2.6851  -13.265  nan
15  1  2  2.65878  -14.0603  nan
15  1  3  3.00807  -11.7776  nan
15  1  4  2.6769  -12.4769  nan
For row 15 and col 2, pedestal is 221.91
15  2  1  2.38311  -13.2215  nan
15  2  2  2.393  -15.2739  nan
15  2  3  2.38436  -16.1536  nan
15  2  4  2.23847  -14.6593  nan
For row 15 and col 3, pedestal is 175.285
15  3  1  2.08259  -14.2591  nan
15  3  2  2.21584  -16.0152  nan
15  3  3  2.16256  -15.8175  nan
15  3  4  2.09579  -14.4385  nan
For row 15 and col 4, pedestal is 213.154
15  4  1  4.73301  -15.1598  nan
15  4  2  3.73308  -14.8922  nan
15  4  3  4.90017  -14.8035  nan
15  4  4  4.20837  -13.6392  nan
For row 15 and col 5, pedestal is 181.565
15  5  1  4.24565  -13.4361  nan
15  5  2  3.64992  -10.8077  nan
15  5  3  3.93228  -11.8143  nan
15  5  4  3.60113  -12.7558  nan
For row 15 and col 6, pedestal is 220.987
15  6  1  3.16014  -14.06  nan
15  6  2  3.3269  -14.5019  nan
15  6  3  3.2345  -13.5818  nan
15  6  4  3.02937  -10.9193  nan
For row 15 and col 7, pedestal is 224.283
15  7  1  4.2628  -6.42997  nan
15  7  2  5.37442  -6.35094  nan
15  7  3  4.5665  0.626382  nan
15  7  4  5.23726  -0.10927  nan
For row 15 and col 8, pedestal is 176.448
15  8  1  2.43033  -15.0959  nan
15  8  2  2.5051  -15.4784  nan
15  8  3  2.52998  -15.1243  nan
15  8  4  2.48758  -14.3085  nan
For row 15 and col 9, pedestal is 190.37
15  9  1  2.61668  -12.6166  nan
15  9  2  2.879  -12.0603  nan
15  9  3  2.55712  -11.7505  nan
15  9  4  2.50427  -12.1234  nan
For row 15 and col 10, pedestal is 185.657
15  10  1  2.46222  -14.1912  nan
15  10  2  2.68022  -12.4905  nan
15  10  3  2.48173  -13.7773  nan
15  10  4  2.37829  -13.2691  nan
For row 15 and col 11, pedestal is 206.712
15  11  1  2.51905  -14.8001  nan
15  11  2  3.27836  -13.657  nan
15  11  3  2.55875  -14.5697  nan
15  11  4  2.64748  -15.6697  nan
For row 16 and col 0, pedestal is 182.657
16  0  1  2.38651  -13.8062  nan
16  0  2  2.44534  -13.7347  nan
16  0  3  2.49553  -13.3679  nan
16  0  4  2.3042  -12.575  nan
For row 16 and col 1, pedestal is 218.71
16  1  1  2.31757  -13.1691  nan
16  1  2  2.48103  -12.7628  nan
16  1  3  2.35644  -12.9425  nan
16  1  4  2.32535  -12.979  nan
For row 16 and col 2, pedestal is 210.364
16  2  1  2.42389  -15.2773  nan
16  2  2  2.54047  -14.4684  nan
16  2  3  2.70446  -15.3511  nan
16  2  4  2.46678  -14.6965  nan
For row 16 and col 3, pedestal is 203.769
16  3  1  2.62762  -14.9662  nan
16  3  2  2.91648  -13.9987  nan
16  3  3  2.77963  -15.1718  nan
16  3  4  2.66575  -14.4672  nan
For row 16 and col 4, pedestal is 229.991
16  4  1  4.74227  -7.67545  nan
16  4  2  6.24769  -8.62626  nan
16  4  3  4.34387  -3.20927  nan
16  4  4  3.42788  -8.0836  nan
For row 16 and col 5, pedestal is 194.668
16  5  1  3.75662  -11.7924  nan
16  5  2  3.58196  -13.1833  nan
16  5  3  3.99187  -9.93975  nan
16  5  4  3.66076  -12.328  nan
For row 16 and col 6, pedestal is 191.627
16  6  1  8.3432  -7.96069  nan
16  6  2  9.55574  -5.18254  nan
16  6  3  8.31154  2.02097  nan
16  6  4  8.0567  -0.402972  nan
For row 16 and col 7, pedestal is 222.047
16  7  1  7.86873  -4.22431  nan
16  7  2  9.45945  -4.77822  2150.97
16  7  3  8.58916  0.37137  nan
16  7  4  6.85882  -6.10494  nan
For row 16 and col 8, pedestal is 191.462
16  8  1  3.2112  -15.6833  nan
16  8  2  3.19419  -11.4314  nan
16  8  3  3.40945  -11.9202  nan
16  8  4  3.22213  -12.2349  nan
For row 16 and col 9, pedestal is 217.156
16  9  1  2.97624  -15.3814  nan
16  9  2  3.85071  -14.3013  nan
16  9  3  2.95658  -16.0815  nan
16  9  4  2.86996  -15.4172  nan
For row 16 and col 10, pedestal is 211.942
16  10  1  2.95695  -14.7172  nan
16  10  2  3.13562  -12.4388  nan
16  10  3  3.00355  -10.9561  nan
16  10  4  2.69361  -12.0384  nan
For row 16 and col 11, pedestal is 208.148
16  11  1  3.82245  -11.2935  nan
16  11  2  3.2559  -6.8931  nan
16  11  3  3.92686  -5.95446  nan
16  11  4  3.91177  -6.70613  nan
For row 17 and col 0, pedestal is 193.293
17  0  1  2.87351  -14.9865  nan
17  0  2  2.5481  -15.2203  nan
17  0  3  2.89887  -13.2594  nan
17  0  4  2.6334  -14.0937  nan
For row 17 and col 1, pedestal is 201.885
17  1  1  2.42006  -16.5312  nan
17  1  2  2.92333  -16.6523  nan
17  1  3  2.59106  -17.0761  nan
17  1  4  2.46359  -15.4777  nan
For row 17 and col 2, pedestal is 200.387
17  2  1  2.80119  -15.1714  nan
17  2  2  2.93939  -14.9247  nan
17  2  3  2.73872  -13.686  nan
17  2  4  2.64243  -14.8526  nan
For row 17 and col 3, pedestal is 226.956
17  3  1  2.89411  -14.1818  nan
17  3  2  2.73873  -13.4407  nan
17  3  3  2.70007  -14.0972  nan
17  3  4  2.50296  -14.1682  nan
For row 17 and col 4, pedestal is 211.215
17  4  1  4.79572  -11.2418  nan
17  4  2  4.80831  -11.0729  nan
17  4  3  5.29553  -5.86112  nan
17  4  4  4.52375  -8.13362  nan
For row 17 and col 5, pedestal is 176.552
17  5  1  3.58389  -13.0397  nan
17  5  2  4.35649  -14.8331  nan
17  5  3  3.59759  -12.8509  nan
17  5  4  3.32653  -12.8118  nan
For row 17 and col 6, pedestal is 221.538
17  6  1  4.16836  -8.98116  nan
17  6  2  5.43543  -9.81136  nan
17  6  3  4.38184  -7.02568  nan
17  6  4  3.36564  -8.67949  nan
For row 17 and col 7, pedestal is 231.843
17  7  1  5.27477  -17.6571  nan
17  7  2  6.70659  -10.1917  nan
17  7  3  6.05554  -5.64805  nan
17  7  4  4.87057  -9.92884  nan
For row 17 and col 8, pedestal is 215.618
17  8  1  3.5455  -10.3699  nan
17  8  2  3.22776  -10.6437  nan
17  8  3  3.66891  -9.09133  nan
17  8  4  3.17708  -10.6495  nan
For row 17 and col 9, pedestal is 218.505
17  9  1  3.98779  -20.4585  nan
17  9  2  3.88226  -18.3926  nan
17  9  3  4.20716  -19.8492  nan
17  9  4  3.58396  -19.3421  nan
For row 17 and col 10, pedestal is 206.44
17  10  1  2.71392  -12.6417  nan
17  10  2  3.36514  -13.1054  nan
17  10  3  2.80847  -10.9644  nan
17  10  4  2.69325  -12.8723  nan
For row 17 and col 11, pedestal is 244.431
17  11  1  4.45593  -9.32041  nan
17  11  2  7.61699  -6.56879  nan
17  11  3  5.13842  -8.98011  nan
17  11  4  4.31612  -9.82398  nan
For row 18 and col 0, pedestal is 211.188
18  0  1  2.37717  -15.2478  nan
18  0  2  2.52691  -15.3796  nan
18  0  3  2.3719  -15.0629  nan
18  0  4  2.23441  -15.6477  nan
For row 18 and col 1, pedestal is 217.055
18  1  1  2.61693  -12.594  nan
18  1  2  2.52  -12.556  nan
18  1  3  2.45799  -12.4084  nan
18  1  4  2.53738  -12.3459  nan
For row 18 and col 2, pedestal is 211.452
18  2  1  3.15437  -13.0235  nan
18  2  2  3.25085  -13.9645  nan
18  2  3  3.34657  -13.3356  nan
18  2  4  3.24631  -13.1492  nan
For row 18 and col 3, pedestal is 241.28
18  3  1  2.76387  -15.0572  nan
18  3  2  2.66108  -14.062  nan
18  3  3  2.66469  -15.5107  nan
18  3  4  2.61327  -14.6501  nan
For row 18 and col 4, pedestal is 196.116
18  4  1  4.04374  -12.7531  nan
18  4  2  4.08854  -11.7808  nan
18  4  3  4.76755  -11.6739  nan
18  4  4  3.79491  -13.6809  nan
For row 18 and col 5, pedestal is 189.704
18  5  1  4.76125  -12.6162  nan
18  5  2  4.74147  -10.7193  nan
18  5  3  5.92206  -10.9989  nan
18  5  4  4.68865  -10.2339  nan
For row 18 and col 6, pedestal is 209.701
18  6  1  4.67816  -13.0313  nan
18  6  2  4.13726  -12.346  nan
18  6  3  4.26172  -8.36909  nan
18  6  4  3.51457  -11.9837  nan
For row 18 and col 7, pedestal is 231.168
18  7  1  4.08186  -13.0402  nan
18  7  2  4.75687  -10.221  nan
18  7  3  4.78652  -12.5718  nan
18  7  4  3.70693  -13.0529  nan
For row 18 and col 8, pedestal is 240.747
18  8  1  3.06552  -13.7318  nan
18  8  2  3.27142  -13.292  nan
18  8  3  3.13062  -12.9065  nan
18  8  4  3.06831  -11.6661  nan
For row 18 and col 9, pedestal is 232.647
18  9  1  2.89122  -11.2525  nan
18  9  2  2.85393  -11.1521  nan
18  9  3  3.20316  -10.7691  nan
18  9  4  2.91467  -11.4278  nan
For row 18 and col 10, pedestal is 217.972
18  10  1  2.82079  -13.53  nan
18  10  2  2.74399  -11.6846  nan
18  10  3  2.63616  -14.004  nan
18  10  4  2.6572  -14.0266  nan
For row 18 and col 11, pedestal is 183.793
18  11  1  3.305  -12.2213  nan
18  11  2  3.85634  -12.0164  nan
18  11  3  3.31329  -11.708  nan
18  11  4  3.48338  -12.2821  nan
For row 19 and col 0, pedestal is 190.376
19  0  1  2.7481  -16.719  nan
19  0  2  2.43919  -16.9219  nan
19  0  3  2.78271  -16.7824  nan
19  0  4  2.65879  -16.4111  nan
For row 19 and col 1, pedestal is 221.693
19  1  1  2.39468  -14.7255  nan
19  1  2  2.53796  -15.3032  nan
19  1  3  2.42071  -14.4109  nan
19  1  4  2.15956  -14.4991  nan
For row 19 and col 2, pedestal is 251.351
19  2  1  2.23967  -15.1511  nan
19  2  2  2.57668  -14.8952  nan
19  2  3  2.37027  -13.4304  nan
19  2  4  2.26898  -13.0143  nan
For row 19 and col 3, pedestal is 232.359
19  3  1  2.49134  -15.9684  nan
19  3  2  2.66966  -14.5641  nan
19  3  3  2.71881  -15.3503  nan
19  3  4  2.27238  -14.6246  nan
For row 19 and col 4, pedestal is 204.397
19  4  1  4.20449  -14.4035  nan
19  4  2  4.96729  -15.9118  nan
19  4  3  4.08698  -17.0474  nan
19  4  4  4.02961  -14.7703  nan
For row 19 and col 5, pedestal is 219.69
19  5  1  2.96423  -17.1978  nan
19  5  2  3.31302  -17.7102  nan
19  5  3  2.87583  -16.1329  nan
19  5  4  2.56538  -15.9969  nan
For row 19 and col 6, pedestal is 220.302
19  6  1  2.66779  -11.9287  nan
19  6  2  3.84452  -12.2406  nan
19  6  3  2.83994  -10.693  nan
19  6  4  2.57217  -10.17  nan
For row 19 and col 7, pedestal is 238.285
19  7  1  4.2312  -17.8987  nan
19  7  2  4.50285  -14.4047  nan
19  7  3  6.09659  -13.737  nan
19  7  4  4.19146  -12.2255  nan
For row 19 and col 8, pedestal is 208.889
19  8  1  2.24612  -14.2957  nan
19  8  2  2.29739  -14.212  nan
19  8  3  2.34556  -15.0942  nan
19  8  4  2.2516  -14.5634  nan
For row 19 and col 9, pedestal is 184.313
19  9  1  2.1697  -14.2002  nan
19  9  2  2.06387  -15.1622  nan
19  9  3  2.22242  -13.169  nan
19  9  4  2.0997  -13.2603  nan
For row 19 and col 10, pedestal is 200.985
19  10  1  2.37604  -16.3994  nan
19  10  2  2.60755  -16.0181  nan
19  10  3  2.39668  -15.4054  nan
19  10  4  2.38168  -15.5041  nan
For row 19 and col 11, pedestal is 196.198
19  11  1  2.52224  -13.0751  nan
19  11  2  2.77581  -11.8007  nan
19  11  3  2.76612  -13.0387  nan
19  11  4  2.52207  -12.424  nan
For row 20 and col 0, pedestal is 238.463
20  0  1  2.51178  -13.0199  nan
20  0  2  2.66912  -11.9551  nan
20  0  3  2.58379  -13.0281  nan
20  0  4  2.39262  -11.826  nan
For row 20 and col 1, pedestal is 233.438
20  1  1  2.57489  -14.3016  nan
20  1  2  2.653  -15.4762  nan
20  1  3  2.63028  -14.8577  nan
20  1  4  2.45827  -14.5768  nan
For row 20 and col 2, pedestal is 211.513
20  2  1  2.72693  -14.3986  nan
20  2  2  2.76301  -15.2679  nan
20  2  3  2.98611  -13.3303  nan
20  2  4  2.68743  -14.1317  nan
For row 20 and col 3, pedestal is 214.283
20  3  1  3.07664  -13.3254  nan
20  3  2  2.90976  -14.161  nan
20  3  3  3.48664  -12.9709  nan
20  3  4  2.88944  -12.3882  nan
For row 20 and col 4, pedestal is 170.095
20  4  1  5.3983  -4.74446  nan
20  4  2  6.34694  -6.34354  nan
20  4  3  5.08732  -1.77919  nan
20  4  4  3.76735  -5.90894  nan
For row 20 and col 5, pedestal is 186.205
20  5  1  4.61514  -7.85731  nan
20  5  2  4.37434  -8.26917  nan
20  5  3  4.74774  -8.48592  nan
20  5  4  4.17042  -9.16716  nan
For row 20 and col 6, pedestal is 220.46
20  6  1  4.68695  -6.19974  nan
20  6  2  6.02829  -5.78939  nan
20  6  3  4.72863  3.17444  nan
20  6  4  4.0067  -0.428987  nan
For row 20 and col 7, pedestal is 193.599
20  7  1  5.16553  -9.62128  nan
20  7  2  4.60457  -6.37768  nan
20  7  3  5.46675  -6.37107  nan
20  7  4  4.99328  -6.87115  nan
For row 20 and col 8, pedestal is 212.296
20  8  1  2.33181  -12.1487  nan
20  8  2  2.55386  -10.8524  nan
20  8  3  2.56016  -10.2166  nan
20  8  4  2.3827  -11.954  nan
For row 20 and col 9, pedestal is 209.404
20  9  1  2.59972  -12.5356  nan
20  9  2  2.57213  -13.2501  nan
20  9  3  2.76206  -10.6523  nan
20  9  4  2.71833  -12.7258  nan
For row 20 and col 10, pedestal is 223.006
20  10  1  2.64533  -13.4573  nan
20  10  2  2.60067  -11.637  nan
20  10  3  2.85878  -10.7452  nan
20  10  4  2.52826  -11.8308  nan
For row 20 and col 11, pedestal is 209.033
20  11  1  2.82021  -12.4043  nan
20  11  2  2.75343  -11.9615  nan
20  11  3  2.93921  -9.32198  nan
20  11  4  2.73735  -12.0452  nan
For row 21 and col 0, pedestal is 220.285
21  0  1  2.54805  -17.0127  nan
21  0  2  2.62849  -16.0461  nan
21  0  3  2.54726  -17.1681  nan
21  0  4  2.41304  -16.303  nan
For row 21 and col 1, pedestal is 293.193
21  1  1  2.88221  -15.401  nan
21  1  2  3.06884  -15.1021  nan
21  1  3  3.34381  -15.1157  nan
21  1  4  2.56013  -15.6598  nan
For row 21 and col 2, pedestal is 214.123
21  2  1  3.04551  -14.7689  nan
21  2  2  2.96209  -15.1214  nan
21  2  3  2.80026  -14.0517  nan
21  2  4  2.67031  -14.5938  nan
For row 21 and col 3, pedestal is 255.555
21  3  1  3.37193  -14.8137  nan
21  3  2  2.9197  -14.8879  nan
21  3  3  3.31259  -14.1739  nan
21  3  4  2.83628  -14.8018  nan
For row 21 and col 4, pedestal is 205.064
21  4  1  6.96272  -9.34502  nan
21  4  2  7.01608  -9.63053  nan
21  4  3  7.24963  -7.39465  nan
21  4  4  5.54755  -11.1064  nan
For row 21 and col 5, pedestal is 187.607
21  5  1  4.44552  -12.09  nan
21  5  2  4.24108  -13.4802  nan
21  5  3  5.27999  -13.1533  nan
21  5  4  4.35877  -14.2706  nan
For row 21 and col 6, pedestal is 239.704
21  6  1  5.11978  -13.4931  nan
21  6  2  4.80548  -14.4577  nan
21  6  3  4.42151  -12.7867  nan
21  6  4  3.61018  -14.2229  nan
For row 21 and col 7, pedestal is 247.942
21  7  1  3.82911  -9.73226  nan
21  7  2  4.84756  -7.02554  nan
21  7  3  4.33817  -4.19703  nan
21  7  4  3.97959  -3.2708  nan
For row 21 and col 8, pedestal is 239.971
21  8  1  3.53542  -12.7699  nan
21  8  2  3.28409  -12.2675  nan
21  8  3  3.33332  -10.4553  nan
21  8  4  3.05723  -10.9633  nan
For row 21 and col 9, pedestal is 248.234
21  9  1  3.12424  -14.5833  nan
21  9  2  3.03387  -17.0469  nan
21  9  3  3.03484  -15.0626  nan
21  9  4  2.64214  -15.7081  nan
For row 21 and col 10, pedestal is 233.823
21  10  1  3.06424  -12.9592  nan
21  10  2  2.8709  -11.8123  nan
21  10  3  3.05238  -11.8414  nan
21  10  4  3.03862  -11.4076  nan
For row 21 and col 11, pedestal is 220.03
21  11  1  2.61043  -10.4771  nan
21  11  2  2.87481  -7.81315  nan
21  11  3  3.22938  -6.40449  nan
21  11  4  2.78977  -7.97957  nan
For row 22 and col 0, pedestal is 267.129
22  0  1  3.45142  -13.3525  nan
22  0  2  3.05185  -14.6114  nan
22  0  3  3.5528  -14.3203  nan
22  0  4  3.01538  -13.2897  nan
For row 22 and col 1, pedestal is 224.988
22  1  1  3.4684  -13.2999  nan
22  1  2  5.0203  -10.7939  nan
22  1  3  3.83616  -12.7162  nan
22  1  4  3.27605  -14.2268  nan
For row 22 and col 2, pedestal is 245.657
22  2  1  3.31441  -18.2828  nan
22  2  2  2.88182  -17.1299  nan
22  2  3  3.34958  -17.4243  nan
22  2  4  2.91687  -16.6794  nan
For row 22 and col 3, pedestal is 253.879
22  3  1  2.7414  -16.8389  nan
22  3  2  3.06881  -16.0619  nan
22  3  3  3.27723  -17.3723  nan
22  3  4  2.92329  -17.0273  nan
For row 22 and col 4, pedestal is 217.615
22  4  1  5.22735  -18.2007  nan
22  4  2  6.66932  -17.9355  nan
22  4  3  5.20429  -22.1762  nan
22  4  4  4.42144  -20.2146  nan
For row 22 and col 5, pedestal is 231.71
22  5  1  5.35687  -18.1179  nan
22  5  2  5.17584  -13.0013  nan
22  5  3  5.81038  -18.1404  nan
22  5  4  4.14641  -16.689  nan
For row 22 and col 6, pedestal is 250.447
22  6  1  3.88599  -15.03  nan
22  6  2  6.10017  -11.9304  nan
22  6  3  3.8978  -14.0365  nan
22  6  4  3.40614  -14.1286  nan
For row 22 and col 7, pedestal is 246.172
22  7  1  5.47729  -13.2655  nan
22  7  2  7.2389  -13.0114  nan
22  7  3  5.78234  -11.835  nan
22  7  4  6.42963  -14.7089  nan
For row 22 and col 8, pedestal is 236.646
22  8  1  3.02394  -14.0408  nan
22  8  2  2.80877  -12.5328  nan
22  8  3  2.96286  -13.1826  nan
22  8  4  2.86554  -12.7394  nan
For row 22 and col 9, pedestal is 207.403
22  9  1  2.83064  -9.92012  nan
22  9  2  2.92819  -11.6524  nan
22  9  3  2.85111  -11.4483  nan
22  9  4  2.67279  -10.3122  nan
For row 22 and col 10, pedestal is 229.953
22  10  1  3.1351  -15.9252  nan
22  10  2  3.40534  -14.7361  nan
22  10  3  3.11863  -16.0513  nan
22  10  4  2.99414  -14.66  nan
For row 22 and col 11, pedestal is 223.779
22  11  1  2.86815  -13.976  nan
22  11  2  3.10688  -15.6325  nan
22  11  3  2.7727  -14.261  nan
22  11  4  2.93626  -15.0332  nan
For row 23 and col 0, pedestal is 229.914
23  0  1  3.20811  -16.62  nan
23  0  2  2.73714  -16.4401  nan
23  0  3  3.77671  -17.2037  nan
23  0  4  2.99186  -17.5251  nan
For row 23 and col 1, pedestal is 201.582
23  1  1  2.55957  -15.9613  nan
23  1  2  2.5584  -16.6654  nan
23  1  3  2.65428  -16.1939  nan
23  1  4  2.20413  -15.4274  nan
For row 23 and col 2, pedestal is 226.905
23  2  1  2.64634  -15.8509  nan
23  2  2  3.08941  -12.5807  nan
23  2  3  3.00548  -15.4812  nan
23  2  4  2.76978  -13.2662  nan
For row 23 and col 3, pedestal is 239.431
23  3  1  2.17717  -14.0271  nan
23  3  2  2.23625  -15.43  nan
23  3  3  2.26612  -15.2387  nan
23  3  4  2.09066  -14.9896  nan
For row 23 and col 4, pedestal is 231.783
23  4  1  4.70115  -11.7151  nan
23  4  2  5.11158  -11.3825  nan
23  4  3  5.96303  -11.6467  nan
23  4  4  4.24634  -11.7966  nan
For row 23 and col 5, pedestal is 233.042
23  5  1  2.97729  -17.349  nan
23  5  2  2.88156  -16.3095  nan
23  5  3  3.16948  -17.8903  nan
23  5  4  2.93813  -15.9076  nan
For row 23 and col 6, pedestal is 224.483
23  6  1  5.74191  -16.9359  nan
23  6  2  10.3442  -15.754  192.203
23  6  3  6.55883  -13.7463  nan
23  6  4  5.63322  -13.5544  nan
For row 23 and col 7, pedestal is 189.657
23  7  1  5.04357  -12.3253  nan
23  7  2  5.18646  -12.8949  nan
23  7  3  5.76958  -14.7628  nan
23  7  4  5.2794  -15.5595  nan
For row 23 and col 8, pedestal is 214.968
23  8  1  2.52401  -16.928  nan
23  8  2  3.05409  -16.1724  nan
23  8  3  2.67119  -15.8855  nan
23  8  4  2.52304  -16.9392  nan
For row 23 and col 9, pedestal is 195.183
23  9  1  2.8225  -16.5314  nan
23  9  2  3.00485  -18.4394  nan
23  9  3  2.88997  -15.9381  nan
23  9  4  2.61012  -14.5512  nan
For row 23 and col 10, pedestal is 197.952
23  10  1  2.24803  -16.6709  nan
23  10  2  2.30068  -13.6544  nan
23  10  3  2.42906  -12.1889  nan
23  10  4  2.33947  -13.1093  nan
For row 23 and col 11, pedestal is 249.472
23  11  1  2.82238  -15.4025  nan
23  11  2  3.43067  -11.7205  nan
23  11  3  2.99328  -10.8181  nan
23  11  4  2.60627  -14.2895  nan
