#Alpha parameter obtained from integrated pulse data.
Data taken from runs 1286, 1288, 1289, 1290, 1291, 1292, and 1293.
#Fit to [0]*pow(x-[1],[2])+[3]. Data represents average over all LED settings.
#Row  Column <intAlpha> intsigma <maxAlpha> maxsigma
12  0  9.09446  3.49784  7.64156  2.60547
12  1  9.67665  3.99967  10.1955  2.79654
12  2  9.43021  1.94261  9.40101  1.85796
12  3  9.40427  3.28794  11.2746  1.83216
12  4  6.20069  1.91004  6.10864  1.44206
12  5  5.9781  1.72734  6.17931  2.2152
12  6  6.15893  1.61004  5.76793  2.36546
12  7  6.45493  1.8699  6.27438  1.9556
12  8  8.37855  2.70561  10.0006  3.17994
12  9  8.68055  3.84572  11.5652  4.59546
12  10  7.74035  2.82186  9.63406  3.63888
12  11  10.8522  4.3767  6.35987  2.94924
13  0  10.1127  3.26396  7.61185  4.67199
13  1  8.65412  4.70116  10.069  4.87715
13  2  10.5468  4.33755  10.3181  3.68685
13  3  9.34879  2.4947  10.2159  5.42596
13  4  6.36293  1.91291  5.83928  1.37484
13  5  5.93517  1.69131  6.04221  1.96065
13  6  5.95233  1.04305  6.10082  0.967199
13  7  6.20051  2.01672  6.23468  1.86537
13  8  8.66812  3.80322  11.42  3.88653
13  9  9.18082  2.01365  9.36437  1.80629
13  10  9.26009  4.045  9.26401  3.9519
13  11  8.89677  1.83426  9.20525  1.505
14  0  8.5749  2.55972  9.24509  2.79963
14  1  9.57924  3.45744  11.3925  2.29881
14  2  9.24992  5.14785  8.91172  4.22147
14  3  7.27504  1.07268  8.66654  2.88091
14  4  5.953  1.69414  6.13028  2.03874
14  5  6.36403  1.45947  6.39873  1.42963
14  6  6.17264  1.99725  5.99396  2.04092
14  7  6.3356  1.88454  6.29817  1.9696
14  8  9.00386  2.61912  9.71963  2.85683
14  9  9.69335  2.07106  9.45889  1.91104
14  10  8.01848  4.32349  7.35089  4.84803
14  11  10.4164  4.64617  7.95879  3.20904
15  0  10.3014  5.62967  8.24108  4.54863
15  1  13.235  2.06188  10.8161  2.64854
15  2  9.92208  3.74573  8.88112  3.80909
15  3  9.63378  2.78227  9.23403  3.12897
15  4  6.09191  2.15911  6.79346  3.41152
15  5  6.22733  2.33533  6.2983  2.0788
15  6  5.72257  1.14396  5.77218  1.12304
15  7  5.72137  1.69313  6.06987  1.45685
15  8  8.00972  1.62223  8.84369  2.38781
15  9  8.40902  2.29272  8.19108  1.88546
15  10  8.27598  3.63423  7.15714  2.10633
15  11  8.69604  2.018  8.87015  1.37314
16  0  8.31682  2.56409  8.49467  2.81159
16  1  13.0276  1.94656  11.2942  1.7171
16  2  8.82345  2.91382  8.52324  2.06026
16  3  7.64865  0.843189  8.19956  2.00686
16  4  6.30021  2.0258  6.56409  2.05518
16  5  5.93927  1.03112  6.09078  0.958241
16  6  6.01413  1.69795  6.08579  2.17764
16  7  5.61633  1.72418  5.53335  1.36298
16  8  7.45516  2.14367  13.643  3.92184
16  9  7.27268  1.7325  7.83477  1.49078
16  10  8.90957  3.74137  10.3451  4.0662
16  11  7.76005  1.88475  8.36288  1.90286
17  0  9.59265  2.77579  10.6288  2.58648
17  1  8.23012  2.53929  6.82704  2.76316
17  2  9.50833  4.8089  9.65277  5.07238
17  3  6.56944  1.75362  7.65622  2.79876
17  4  6.11677  1.89313  6.0341  2.01746
17  5  6.52728  1.06008  5.29673  2.29519
17  6  6.14377  2.09559  6.10649  2.23063
17  7  5.98512  1.6998  5.95327  1.77315
17  8  6.31481  2.49885  7.61171  2.76788
17  9  9.2799  2.6447  9.94448  2.67193
17  10  8.40246  2.64514  11.383  1.8564
17  11  8.74244  2.12467  8.99151  1.94639
18  0  10.5239  2.65033  10.4725  2.99325
18  1  13.0173  3.53356  11.3123  4.33052
18  2  9.63444  3.83473  12.4831  3.17204
18  3  9.54787  2.49235  9.79142  2.70049
18  4  5.85793  1.42494  6.20727  1.89181
18  5  6.33839  2.07905  6.48221  2.03579
18  6  6.09855  2.12076  6.27275  1.97845
18  7  6.2128  1.64249  6.31133  1.86288
18  8  10.318  4.59563  8.4109  4.80238
18  9  8.01985  2.95503  8.08074  2.05953
18  10  8.18612  2.76046  10.2144  2.42554
18  11  7.87627  2.32249  7.64968  2.08005
19  0  7.32256  2.3671  6.93079  2.94222
19  1  8.97932  2.65845  7.31534  3.56388
19  2  8.21974  2.92491  8.20521  1.91469
19  3  7.66217  2.70789  7.98134  2.28523
19  4  6.11449  1.98081  5.93102  1.72741
19  5  6.2286  1.90507  6.32802  1.83757
19  6  6.13719  1.88704  6.30721  1.98007
19  7  5.89485  1.91613  5.82935  2.03061
19  8  7.27024  3.54484  7.83067  2.71864
19  9  7.47045  2.38925  9.5787  2.97677
19  10  8.16311  2.33486  8.45738  2.45787
19  11  7.69226  2.12548  7.64753  1.94872
20  0  8.46033  2.1782  7.84916  2.19438
20  1  7.6299  2.57636  7.96815  2.33381
20  2  11.0952  4.59029  12.1902  3.92222
20  3  5.63887  3.59988  6.05872  3.23803
20  4  5.90172  1.70127  6.75259  2.38551
20  5  7.06404  1.71247  6.94453  1.63573
20  6  6.23179  1.89861  6.20868  1.92714
20  7  6.18521  1.93165  6.33475  1.89697
20  8  8.82793  3.65886  10.1767  3.04869
20  9  7.49345  2.349  7.62731  2.16677
20  10  9.29652  2.46538  9.28468  2.17658
20  11  7.90586  2.17924  8.45363  2.25874
21  0  7.68581  1.93293  7.48541  2.34991
21  1  8.73954  3.09611  12.2256  1.0336
21  2  7.84083  2.75665  5.69391  3.53524
21  3  11.0234  4.18092  7.60894  2.84874
21  4  6.09581  1.68917  6.16943  2.25881
21  5  6.37488  2.09665  6.47071  2.10919
21  6  6.12529  1.9448  6.22412  2.13451
21  7  5.7446  2.19602  5.81847  2.10932
21  8  7.98945  2.74114  10.3033  3.39753
21  9  7.96236  2.54844  8.51507  2.47731
21  10  7.43504  2.35598  7.63541  1.94806
21  11  7.59834  3.30543  8.98325  3.78762
22  0  7.10622  2.27714  6.36084  2.61446
22  1  7.84361  2.00021  7.54776  2.0559
22  2  10.1271  4.97625  9.91129  4.89434
22  3  9.57286  4.61252  10.0988  4.40279
22  4  6.16248  2.08212  6.11263  2.15639
22  5  8.46818  6.06179  6.59215  2.03835
22  6  6.23582  2.08564  5.99893  1.702
22  7  6.33829  2.09843  6.18552  1.94618
22  8  10.2559  3.9862  10.8347  3.90191
22  9  7.18593  2.62038  7.33976  2.40817
22  10  8.23253  1.89863  8.61015  1.88699
22  11  7.65234  2.46491  8.30734  2.16717
23  0  7.94702  1.90155  8.51724  1.9997
23  1  8.51463  2.19011  8.06246  2.37248
23  2  7.66702  1.83114  7.46421  2.59299
23  3  7.559  1.95464  7.11719  2.41451
23  4  5.78283  2.0431  6.47179  2.14492
23  5  5.86277  1.16365  6.14005  1.6798
23  6  6.19315  1.97627  6.13374  1.91501
23  7  6.05193  2.01861  6.19905  2.08763
23  8  7.31192  2.44883  6.88791  2.6145
23  9  7.87466  2.4411  8.30326  1.94211
23  10  8.53314  1.94582  9.28256  1.79138
23  11  7.67013  2.39721  7.81092  1.9319
