0
0.00215309
0.00080649
0.00031073
0.00027174
0.00037234
0.00064497
0.00134033
0.00199755
0.00047833
0.00032917
0.00049516
0
7.917e-05
0.00171678
0.00010233
0.00011419
8.924e-05
1.661e-05
0.00028061
5.075e-05
0.00078329
0.00113648
0.00026604
0
0.00028531
0.00081982
7.856e-05
0.00019571
0.00020689
4.8483e-05
3.1008e-05
0.00020538
0.00067897
0.00082913
0.00224203
0.999618
0.00145036
0.00049548
0.00030241
0.00021673
9.478e-05
0.00027247
0.00021713
1.197e-05
0.00055023
0.00047749
0.0032468
0
0.00183122
0.0001029
0.00041615
8.151e-05
7.025e-05
3.115e-05
3.758e-05
9.291e-05
0.00031131
0.00077581
0.00299058
0
0.00288641
0.00061625
0.00045643
3.5e-06
9.956e-05
8.318e-05
9.19e-06
5.131e-05
0.00016538
0.00141204
0.00190125
0.00100441
0.000457684
0.00055087
4.24e-05
5.1686e-05
1.249e-05
7.108e-05
5.985e-05
2.801e-05
2.988e-05
0.00023446
0.00054477
0.997935
0.00031689
0.00061132
0.00035645
0.00030976
9.997e-05
7.952e-05
3.88e-06
0.00022069
0.00029303
0.00038567
0.00176992
0
0.00061932
0.00200605
0.00020792
0.00017087
0.00019432
0.00031989
4.071e-05
0.00010087
0.0003703
0.00069139
0.00068218
0.00057943
0.00188622
0.00080028
0.00071062
0.00021432
9.309e-05
2.782e-05
8.273e-05
2.483e-05
0.00025151
0.00124765
0.00141104
0
0.00205535
0.00178133
6.63e-06
5.448e-05
3.681e-05
6.06e-06
4.092e-05
0.00018726
0.00012676
0.00180189
0.00015129
0.99537
0.00254297
0.00026082
0.00174904
0.00059446
2.902e-05
0.00011303
0.00026803
9.684e-05
0.00039727
0.00031851
0.00245631
0.00024838
0.00105343
0.00014352
7.633e-05
0.00046001
0.00040151
7.555e-05
0.00012877
0.00013842
0.00041315
0.00101301
9.759e-05
0.996682
0.00200756
0.00097999
0.00083734
0.00031789
0.00122224
0.0005111
0.00079292
0.00021648
0.0002363
0.00101992
0.00096757
0.00729093
0.00096679
0.00166146
0.00110779
0.00095655
3.867e-05
0.00018788
0.0001313
0.00034702
0.00041559
0.00026043
0.0001551
0.99238
0.00300142
2.495e-05
0.00186845
4.58e-06
0.00016049
7.764e-05
0.00032302
0.00102394
0.00018704
0.00084981
0.0003347
0
0.0026523
0.00195124
9.943e-05
0.00071638
0.0005025
0.00047844
0.00036342
0.00065577
0.00013485
0.0028089
0.00029045
0
0.00023885
0.0015146
5.642e-05
0.00069886
0.00040934
0.00025418
0.00053041
0.00046691
0.00040712
0.00056161
0.00131308
0.00454162
0.00400483
0.00196108
0.00057673
0.00115844
0.00029714
0.00018477
2.492e-05
0.00099442
0.00068113
0.00012237
0.00318096
0.990788
0.0010109
0.00458366
0.00060204
0.00049344
0.00024665
0.00047293
0.00102004
0.00126291
0.00056712
0.00225008
0.00207837
0.00569771
0.00161894
0.994302
0.00037855
0.0004572
0.00113785
0.0001787
0.00010976
0.00028375
0.0007897
0.00028372
0.00195336
0.987466
0.00015857
0.00164656
0.0008561
0.00076636
0.00027392
0.00011423
0.00082292
0.00139207
0.00017592
0.00069236
0.00190413
0
5.152e-05
0.00071329
0.0020253
9.334e-05
0.00057631
0.00029013
0.00010811
0.00061732
0.0004339
0.00072797
0.0007271
0.989728
0.991622
0.00808554
0.00247021
0.00237009
0.00330665
0.00523347
0.00101208
0.997354
0.00253321
0.00823638
0.00167281
