#Averaged int pulse and pulse max data for run 988.
#Total number of pulse events is 1055786.
#Row  Column  pmtIntValue  pmtMaxValue EvTotal
0  0  -106072  12848.4  19988
0  1  812.421  145.544  21717
0  2  896.004  126.266  21067
0  3  22276  319.503  22476
0  4  1031.71  136.57  4645
0  5  1301.97  168.226  13228
0  6  982.632  121.142  9762
0  7  1243.74  156.427  12683
0  8  33518.3  647.108  22498
0  9  9252.94  337.146  20041
0  10  3339.02  206.866  16772
0  11  112798  906.652  14385
1  0  18901.7  345.567  17337
1  1  40179.4  809.816  18408
1  2  5787.78  202.393  17805
1  3  52729.7  610.683  18666
1  4  2193.25  312.119  15272
1  5  911.295  119.22  6683
1  6  2455.74  349.161  15139
1  7  1368.45  175.937  12016
1  8  2260.94  275.87  16823
1  9  716.831  256.475  14874
1  10  3553.7  269.445  12167
1  11  1178.94  157.358  9731
2  0  885.658  124.301  12456
2  1  1871.98  326.126  14282
2  2  8053.18  435.485  14899
2  3  15208.1  287.695  14128
2  4  3189.29  226.243  10633
2  5  2245.9  280.892  12998
2  6  18970  452.278  10446
2  7  1413.27  182.662  10441
2  8  1090.2  233.436  12770
2  9  747.918  104.948  8915
2  10  12728.9  562.261  9895
2  11  17762.6  474.394  8667
3  0  44130.4  772.561  11424
3  1  49268.2  544.462  11121
3  2  5256.27  414.154  12459
3  3  1762.37  256.916  11731
3  4  2932.42  476.806  9650
3  5  1577.01  188.008  8617
3  6  2036.92  286.601  9962
3  7  1560.68  200.193  8700
3  8  14676.5  328.176  9057
3  9  1758.91  164.282  8791
3  10  1377.99  188.243  7326
3  11  12938.9  422.412  6926
4  0  1270.04  169.724  8644
4  1  5411.97  326.825  9590
4  2  5362.43  303.431  9335
4  3  1812.26  213.065  9697
4  4  1070.54  144.977  5864
4  5  2157.4  311.07  8593
4  6  1222.28  157.275  5500
4  7  1260.87  167.279  4866
4  8  3511.88  445.684  8456
4  9  1254.37  172.025  6731
4  10  83014.3  719.731  6292
4  11  567.961  80.4099  3841
5  0  2366.82  463.298  7715
5  1  716.252  102.103  6816
5  2  14719.5  695.491  8589
5  3  3902.08  236.932  7784
5  4  1647.07  211.129  6584
5  5  2720.1  396.786  7432
5  6  2254.69  348.39  6878
5  7  729.405  121.049  4833
5  8  10519.1  502.439  6859
5  9  2328.71  243.86  5911
5  10  10278.3  1257.43  5327
5  11  822.946  133.099  4246
6  0  2729.24  2721.77  6692
6  1  328.637  43.799  4186
6  2  33436.9  1126.11  7204
6  3  62362.2  793.259  6631
6  4  2479.67  343.261  5978
6  5  25392.1  633.125  4927
6  6  1912.45  239.99  5309
6  7  1901.24  273.452  4919
6  8  5053.3  680.036  5564
6  9  1606.35  239.878  4842
6  10  47318.4  1127.76  4413
6  11  2.64948e+06  141588  3882
7  0  6733.64  348.989  5406
7  1  6477.51  728.325  5879
7  2  17437  406.657  5537
7  3  1299.31  184.339  5375
7  4  1145.99  154.237  3845
7  5  4546.55  4184.76  4442
7  6  1549.29  224.462  4142
7  7  953.643  129.73  2316
7  8  1677.06  232.742  4227
7  9  19075.3  494.512  4182
7  10  6466.41  537.998  3540
7  11  1256.59  204.839  3280
8  0  679.155  97.3409  3862
8  1  39841.4  393.767  4642
8  2  18965.6  687.199  5244
8  3  12563.5  404.603  4488
8  4  1198.13  162.624  3152
8  5  2962.12  423.739  4097
8  6  -1147.95  172.04  3060
8  7  1031.71  132.143  2526
8  8  2269.9  332.024  3714
8  9  1327.26  206.365  3224
8  10  1444.09  281.992  3136
8  11  50319.7  369.939  2832
9  0  -165.218  125.059  3355
9  1  26146.9  2923.16  4106
9  2  6648.55  963.879  4346
9  3  5120.17  607.498  4097
9  4  1898.87  237.015  2957
9  5  4392.7  595.884  3419
9  6  2962.59  401.319  2929
9  7  1665.19  210.471  2817
9  8  704.266  327.006  3031
9  9  2716.37  503.829  2918
9  10  3011.21  394.726  2692
9  11  83260.9  1305.1  2883
10  0  2895.03  602.974  2430
10  1  31266.2  556.6  3377
10  2  7841.85  602.635  3467
10  3  33413.6  762.541  3403
10  4  1843.91  236.629  2568
10  5  4319.44  7260.09  2782
10  6  1470.74  197.449  2166
10  7  1261.09  173.616  1855
10  8  132143  6021.9  2885
10  9  3655.98  480.258  2689
10  10  1941.48  288.662  2197
10  11  85258.8  1695.02  2458
11  0  9112.22  581.745  2869
11  1  786.417  104.947  2376
11  2  1724.43  237.203  2574
11  3  1596.06  217.992  2593
11  4  2030.42  250.644  2146
11  5  2852.82  405.904  2302
11  6  2655.27  197.865  2021
11  7  1537.02  194.968  961
11  8  2614.22  381.667  2372
11  9  7614.77  492.786  2233
11  10  2582.46  360.501  2012
11  11  8817.57  236.245  1945
