#Averaged int pulse and pulse max data for run 1205.
#Total number of pulse events is 4196304.
#Row  Column  pmtIntValue  pmtMaxValue  EvTotal
0  0  9506.3  -2.2088e+06  29141
0  1  6073.06  -1.43238e+06  29141
0  2  5878.74  -1.74748e+06  29141
0  3  18709.2  -808523  29141
0  4  2059.58  -6.75869e+06  29141
0  5  4633.93  -2.9167e+06  29141
0  6  2110.75  -7.46082e+06  29141
0  7  1250.49  -6.37566e+06  29141
0  8  7185.66  -1.81855e+06  29141
0  9  5608.09  -157156  29141
0  10  4549.46  -111079  29141
0  11  5653.63  -1.1587e+07  29141
1  0  16119  -2.8488e+06  29141
1  1  9660.69  -2.67022e+06  29141
1  2  6872.5  -2.56869e+06  29141
1  3  9101.78  -4.97082e+06  29141
1  4  9775.07  -4.81709e+06  29141
1  5  2208.51  -3.40013e+07  29141
1  6  7343.6  -1.23809e+07  29141
1  7  4076.92  -3.91417e+06  29141
1  8  11650.2  -8.23281e+07  29141
1  9  4905.5  -1.62833e+07  29141
1  10  5588.4  -1.52557e+07  29141
1  11  4165.07  -1.77477e+06  29141
2  0  6206.5  -158162  29141
2  1  6337.8  -537419  29141
2  2  8799.19  -306143  29141
2  3  5335.39  -290321  29141
2  4  4163.66  -1.6625e+06  29141
2  5  5594.87  -2.29351e+06  29141
2  6  3511.88  -3.0185e+06  29141
2  7  3037.18  -82733.8  29141
2  8  7480.41  -1.17424e+06  29141
2  9  3284.44  -7.33234e+06  29141
2  10  7622.75  -4.05537e+06  29141
2  11  9677.32  -3.41456e+06  29141
3  0  12296.5  -383850  29141
3  1  5990.81  -10929.5  29141
3  2  8921.42  -50246.3  29141
3  3  13222.3  -1.44152e+07  29141
3  4  5446.94  -3.83937e+06  29141
3  5  5455.94  -9.43749e+06  29141
3  6  5460.68  -1.4396e+07  29141
3  7  2766.02  -1.52273e+07  29141
3  8  4572.7  -1.36726e+06  29141
3  9  3835.01  -2.726e+06  29141
3  10  3096.85  -3.72772e+06  29141
3  11  4058.24  -187059  29141
4  0  5893.53  -5.0262e+06  29141
4  1  12140.9  -5.80207e+06  29141
4  2  3291.8  -2.05526e+06  29141
4  3  6182.76  -2.5646e+06  29141
4  4  3561.58  -771230  29141
4  5  4920.51  -1.24904e+06  29141
4  6  3151.91  -1.3648e+07  29141
4  7  2974.76  -1.32828e+07  29141
4  8  15141.7  -3.04754e+06  29141
4  9  3983.92  -2.22001e+08  29141
4  10  7013.64  -966576  29141
4  11  1623.61  -1.50743e+08  29141
5  0  5694.38  -5.55794e+06  29141
5  1  2083.9  -5.89252e+06  29141
5  2  19044.7  -3.68667e+06  29141
5  3  8661.2  -1.4407e+06  29141
5  4  4946.84  -4.4442e+06  29141
5  5  16990.8  -2.89491e+06  29141
5  6  3658.17  -1.9709e+07  29141
5  7  1163.16  -2.63432e+07  29141
5  8  18449.3  -1.22122e+07  29141
5  9  5592.02  -1.05806e+07  29141
5  10  5918.15  -7.50177e+06  29141
5  11  2004.62  -6.81869e+06  29141
6  0  5822.48  -632707  29141
6  1  266.082  -252673  29141
6  2  9742.19  -175873  29141
6  3  5354.35  -2.46931e+06  29141
6  4  4049.07  -523039  29141
6  5  3071.13  -278564  29141
6  6  888.498  -1.19883e+08  29141
6  7  1035.19  -1.58028e+08  29141
6  8  23891.4  -1.56859e+07  29141
6  9  5233.72  -2.30592e+07  29141
6  10  6693.33  -1.50527e+07  29141
6  11  3942.98  -1.36522e+07  29141
7  0  5938.41  -210533  29141
7  1  26008.7  -707.504  29141
7  2  6362.7  -111940  29141
7  3  3525.79  -558151  29141
7  4  2595.32  -469112  29141
7  5  4314.45  -465378  29141
7  6  1535.94  -2.30781e+07  29141
7  7  535.576  -1.21182e+08  29141
7  8  4804.96  -2.87274e+06  29141
7  9  9569.79  -1.71128e+06  29141
7  10  4878.13  -1.55951e+06  29141
7  11  3597.41  -194471  29141
8  0  2670.86  -5.02199e+07  29141
8  1  6405.98  -175473  29141
8  2  10703.3  -715272  29141
8  3  2689.77  -114061  29141
8  4  2585.43  -921280  29141
8  5  7663.8  -177.531  29141
8  6  613.628  -4.60007e+07  29141
8  7  900.498  -2.27077e+08  29141
8  8  5841.35  -4.28602e+07  29141
8  9  3640.9  -5.01355e+07  29141
8  10  3329.96  -5.04918e+07  29141
8  11  4220.81  -3.92239e+07  29141
9  0  2897.05  -5.66924e+06  29141
9  1  9220.46  -664386  29141
9  2  16848  -866704  29141
9  3  13755.8  -16644.7  29141
9  4  4167.24  -5267.2  29141
9  5  4480.27  -2756.17  29141
9  6  2809.64  -1.30338e+07  29141
9  7  2262.48  -9.54567e+06  29141
9  8  3544.95  -342813  29141
9  9  6266.92  -1.0528e+07  29141
9  10  4563.56  -9.28406e+06  29141
9  11  9565.4  -1.25379e+07  29141
10  0  1091.14  -116042  29141
10  1  4413.82  -6.7135e+06  29141
10  2  7362.29  -4.16332e+06  29141
10  3  12619.4  -498717  29141
10  4  3676.46  -29615.8  29141
10  5  5493.12  -13197.3  29141
10  6  2054.69  -4.61371e+06  29141
10  7  1953.02  -3.2924e+06  29141
10  8  7877.95  -7.89308e+06  29141
10  9  5343.42  -1.34739e+07  29141
10  10  2898.9  -1.43413e+07  29141
10  11  6140.79  -1.25925e+07  29141
11  0  5192.14  -7.97788e+06  29141
11  1  1733.22  -168650  29141
11  2  3557.58  -130883  29141
11  3  3072.21  -751637  29141
11  4  4905.59  -693.453  29141
11  5  5303.74  -202.961  29141
11  6  725.897  -1.11527e+08  29141
11  7  1013.79  -8.92348e+07  29141
11  8  7500.53  -8.81465e+07  29141
11  9  6298.08  -9.1722e+07  29141
11  10  6009.12  -9.45792e+07  29141
11  11  3818.26  -638252  29141
