#Averaged int pulse and pulse max data for run 1204.
#Total number of pulse events is 4205952.
#Row  Column  pmtIntValue  pmtMaxValue  EvTotal
0  0  18127.2  -1.89263e+06  29208
0  1  9300.73  -1.19342e+06  29208
0  2  9502.6  -882768  29208
0  3  29905.4  -174158  29208
0  4  2281.32  -9.89885e+06  29208
0  5  5113.24  -4.41736e+06  29208
0  6  2292.65  -7.0847e+08  29208
0  7  1349.21  -7.266e+08  29208
0  8  14082.5  -1.51157e+07  29208
0  9  9036.1  -23291.6  29208
0  10  6815.38  -762651  29208
0  11  8585.43  -7.78817e+06  29208
1  0  27117.1  -1.05847e+06  29208
1  1  18206  -1.42032e+07  29208
1  2  11406.3  -9.9741e+06  29208
1  3  17083.6  -1.24077e+07  29208
1  4  11634  -1.34726e+07  29208
1  5  2438.45  -8.66612e+06  29208
1  6  8792.08  -1.03808e+06  29208
1  7  4488.82  -2.07879e+06  29208
1  8  20143.8  -612802  29208
1  9  7323.8  -1.60707e+06  29208
1  10  8481.91  -1.69931e+07  29208
1  11  6234.63  -1.00682e+06  29208
2  0  10661.3  -631.741  29208
2  1  10161.2  -629.854  29208
2  2  16299.9  -101525  29208
2  3  11502.2  -897080  29208
2  4  4617.95  -2.95086e+06  29208
2  5  6381.98  -4.27308e+06  29208
2  6  3842.95  -4.23869e+06  29208
2  7  3338.47  -89649.3  29208
2  8  13575.5  -77001  29208
2  9  5028  -3.4382e+06  29208
2  10  14649.2  -1.91474e+06  29208
2  11  18344  -2.41712e+06  29208
3  0  21049.1  -303597  29208
3  1  9091.04  -56289  29208
3  2  16500.9  -75050.5  29208
3  3  22405  -71273.2  29208
3  4  6031.37  -588185  29208
3  5  6012.55  -5.1766e+06  29208
3  6  6249.79  -329524  29208
3  7  3058.83  -1.74223e+06  29208
3  8  6875.67  -156030  29208
3  9  5702.63  -2.7072e+06  29208
3  10  4728.72  -1.9608e+07  29208
3  11  6106.34  -1.60167e+06  29208
4  0  8757.26  -1.41784e+06  29208
4  1  20581.4  -2.29194e+08  29208
4  2  4933.68  -1.80212e+09  29208
4  3  12945  -1.95406e+09  29208
4  4  3936.02  -2.22306e+09  29208
4  5  6227.97  -1.87802e+07  29208
4  6  3465.28  -4.39947e+07  29208
4  7  3269.25  -2.18154e+07  29208
4  8  25619.3  -5.91299e+06  29208
4  9  5964.52  -6.53398e+06  29208
4  10  11909.9  -2.2347e+06  29208
4  11  2425.17  -8.15893e+06  29208
5  0  8723.29  -1.56935e+06  29208
5  1  3126.95  -740007  29208
5  2  28960.8  -369854  29208
5  3  16389.8  -369055  29208
5  4  5479.19  -3.64028e+07  29208
5  5  19223.4  -6.6458e+06  29208
5  6  4027.45  -6.22118e+07  29208
5  7  1304.58  -3.6979e+07  29208
5  8  27905  -2.10645e+07  29208
5  9  9593.1  -1.35282e+07  29208
5  10  10817.5  -1.22609e+07  29208
5  11  3005.32  -1.078e+07  29208
6  0  8946.39  -1.01311e+06  29208
6  1  513.353  -1.8628e+06  29208
6  2  21302.4  -2.76813e+06  29208
6  3  8375.56  -1.61579e+06  29208
6  4  4461.72  -102.769  29208
6  5  3392.01  -84.7831  29208
6  6  832.596  -6.74088e+07  29208
6  7  938.588  -2.72605e+08  29208
6  8  39044.5  -9.70817e+07  29208
6  9  7615.64  -1.06923e+08  29208
6  10  12694.8  -1.14976e+08  29208
6  11  5820.08  -2.75185e+07  29208
7  0  10261.5  -168875  29208
7  1  42288.5  -55501.9  29208
7  2  12299.7  -179244  29208
7  3  5107.83  -384081  29208
7  4  2861.85  -167305  29208
7  5  4752.36  -1.07059e+06  29208
7  6  1560.29  -4.55241e+06  29208
7  7  501.642  -4.8204e+06  29208
7  8  6929.24  -672173  29208
7  9  16904.6  -1.39521e+06  29208
7  10  7206.82  -7.36074e+06  29208
7  11  5264.55  -7.62818e+06  29208
8  0  4053.3  -396180  29208
8  1  11135.4  -474348  29208
8  2  23746.4  -1.79704e+07  29208
8  3  4433.05  -7.6961e+06  29208
8  4  2836.44  -36.6403  29208
8  5  8622.48  -146.816  29208
8  6  512.033  -1.181e+08  29208
8  7  882.766  -1.0115e+08  29208
8  8  8650.46  -3.34007e+07  29208
8  9  5224.83  -4.45531e+07  29208
8  10  4897.53  -5.53795e+07  29208
8  11  6177.48  -4.16618e+07  29208
9  0  4313.47  -1.15212e+07  29208
9  1  20277.9  -4.34841e+06  29208
9  2  28659.5  -2.4945e+06  29208
9  3  21941.9  -82883.1  29208
9  4  4601.06  -16840.6  29208
9  5  4965.6  -19505.3  29208
9  6  2966.47  -2.91372e+06  29208
9  7  2443.68  -9.14971e+06  29208
9  8  5305.27  -9.48299e+06  29208
9  9  10914.2  -1.85893e+07  29208
9  10  6820.31  -2.16778e+06  29208
9  11  16858.9  -8.52311e+06  29208
10  0  1626.8  -63807.7  29208
10  1  6700.29  -52873.1  29208
10  2  14759.7  -91243.9  29208
10  3  21386.5  -5766.93  29208
10  4  4065.8  -28.021  29208
10  5  6081.88  -10619.4  29208
10  6  2183.61  -9.23612e+07  29208
10  7  2129.93  -5.52924e+07  29208
10  8  14747.5  -1.58578e+07  29208
10  9  8646.28  -1.22082e+07  29208
10  10  4392.17  -5.04056e+06  29208
10  11  9786.24  -5.29194e+06  29208
11  0  8129.89  -4.87404e+07  29208
11  1  2654.01  -267161  29208
11  2  5372.96  -132497  29208
11  3  4603.44  -339250  29208
11  4  5416.4  -3996.35  29208
11  5  5910.54  -4516.93  29208
11  6  696.937  -6.08042e+07  29208
11  7  1046.48  -5.83806e+07  29208
11  8  13305.4  -1.59439e+06  29208
11  9  11122.1  -2.32653e+06  29208
11  10  10197.1  -3.4332e+06  29208
11  11  5663.69  -1.61713e+06  29208
