HCal_gainCoeff = 
0.00175
0.00175
0.00175
0.00175
0.00175
0.00175
0.00175
0.00175
0.00175
0.00175
0.00175
0.00175
0.00175
0.00175
0.00175
0.00175
0.00175
0.00175
0.00175
0.00175
0.00175
0.00175
0.00175
0.00175
0.00175
0.00175
0.000103535
0.000113053
7.68671e-05
0.000193923
1.87664e-05
9.38126e-05
0.000102348
5.76854e-05
7.77203e-05
0.00175
0.00175
0.00175
0.000250351
0.000206063
6.91278e-05
5.48675e-05
0.000170071
0.000180627
6.19359e-05
7.67142e-05
4.21653e-05
0.00175
0.00175
0.00175
0.000155387
0.000101399
9.79166e-05
6.80426e-05
0.000145317
0.00010144
0.000146931
0.000113454
5.79871e-05
0.00175
0.00175
0.00175
0.00010489
0.000148974
0.000126358
0.000139793
0.000117972
4.72888e-05
8.42907e-05
0.000140443
0.000133257
0.00175
0.00175
0.00175
5.05149e-05
0.000126337
0.000110457
7.03167e-05
0.000122252
7.39204e-05
0.000103297
0.000100676
0.000153263
0.00175
0.00175
0.00175
0.000136295
0.000152263
0.000140457
0.000120018
7.95808e-05
0.000158996
0.000110529
9.15078e-05
0.000104503
0.00175
0.00175
0.00175
0.00020628
0.000115103
9.11971e-05
0.000114385
0.000174667
3.71502e-05
0.000106617
7.38692e-05
6.3692e-05
0.00175
0.00175
0.00175
0.000178445
0.000194531
6.86915e-05
7.19772e-05
0.000104317
8.79346e-05
9.52049e-05
7.49931e-05
9.51354e-05
0.00175
0.00175
0.00175
3.23406e-05
0.000127445
6.19282e-05
3.63889e-05
4.12078e-05
7.60837e-05
5.36475e-05
5.68403e-05
9.90547e-05
0.00175
0.00175
0.00175
0.000100853
0.000105987
0.000114773
1.6332e-05
4.93388e-05
3.82053e-05
3.39848e-05
4.30781e-05
6.95548e-05
0.00175
0.00175
0.00175
0.00011717
1.81002e-05
3.20812e-05
4.95969e-05
3.75395e-05
5.19613e-05
6.97186e-05
3.54593e-05
7.51566e-05
0.00175
0.00175
0.00175
0.000111231
7.66821e-05
4.64394e-05
4.30524e-05
3.90332e-05
7.039e-05
4.72767e-05
6.35799e-05
6.89656e-05
0.00175
0.00175
0.00175
7.30825e-05
8.55938e-05
6.11598e-05
4.80792e-05
4.72979e-05
4.92368e-05
4.49949e-05
1.3972e-05
6.76964e-05
0.00175
0.00175
0.00175
0.000155038
6.15888e-05
4.37535e-05
4.93906e-05
4.86326e-05
5.89084e-05
3.82884e-05
4.02505e-05
9.10731e-05
0.00175
0.00175
0.00175
6.48509e-05
6.3288e-05
4.24906e-05
5.09884e-05
4.17591e-05
4.03271e-05
5.81869e-05
5.84614e-05
8.7795e-05
0.00175
0.00175
0.00175
9.61397e-05
2.29267e-05
4.34897e-05
5.95105e-05
3.8369e-05
5.50001e-05
5.2082e-05
6.72993e-05
6.68153e-05
0.00175
0.00175
0.00175
6.27522e-05
5.43871e-05
3.80786e-05
5.7271e-05
3.93315e-05
5.76679e-05
3.83685e-05
7.09847e-05
7.1978e-05
0.00175
0.00175
0.00175
8.37272e-05
5.48727e-05
2.64963e-05
5.46857e-05
6.0178e-05
4.90521e-05
5.75955e-05
7.4223e-05
5.85438e-05
0.00175
0.00175
0.00175
0.000166068
3.81856e-05
4.72774e-05
4.85417e-05
5.67977e-05
3.48064e-05
6.23996e-05
5.01821e-05
7.12708e-05
0.00175
0.00175
0.00175
5.81949e-05
6.02144e-05
5.10668e-05
4.97079e-05
4.34508e-05
5.85272e-05
5.96131e-05
5.33388e-05
6.4554e-05
0.00175
0.00175
0.00175
7.43926e-05
6.55927e-05
4.45078e-05
5.578e-05
3.99347e-05
5.06676e-05
4.59095e-05
4.62108e-05
8.08763e-05
0.00175
0.00175
0.00175
0.00175
0.00175
0.00175
0.00175
0.00175
0.00175
0.00175
0.00175
0.00175
0.00175
