-1470
-1494
-1471
-1521
-1956
-1730
-1710
-1763
-1500
-1474
-1450
-1440
-1450
-1450
-1450
-1450
-1865
-1708
-1668
-1700
-1450
-1552
-1487
-1494
-1450
-1450
-1450
-1450
-1865
-1631
-1700
-1865
-1450
-1450
-1450
-1398
-1560
-1450
-1480
-1518
-1707
-1731
-1736
-1765
-1505
-1506
-1491
-1536
-1519
-1579
-1551
-1486
-1650
-1772
-1780
-1865
-1503
-1519
-1528
-1499
-1450
-1450
-1498
-1540
-1977
-1757
-1665
-1809
-1492
-1504
-1488
-1536
-1700
-1654
-1672
-1700
-2000
-1800
-1788
-1991
-1455
-1522
-1532
-1520
-1478
-1532
-1502
-1507
-1741
-1670
-1636
-1743
-1482
-1478
-1507
-1521
-1492
-1498
-1523
-1507
-1930
-1746
-1963
-1961
-1464
-1492
-1512
-1467
-1700
-1481
-1526
-1502
-1634
-1679
-1744
-1818
-1453
-1450
-1521
-1496
-1499
-1573
-1576
-1574
-1486
-1649
-1694
-1582
-1514
-1468
-1500
-1500
-1550
-1500
-1539
-1545
-1831
-1866
-1870
-1905
-1552
-1610
-1564
-1550
-1591
-1593
-1537
-1583
-1990
-1844
-1939
-1880
-1450
-1505
-1506
-1504
-1450
-1451
-1496
-1450
-1656
-1988
-1626
-1774
-1464
-1450
-1493
-1531
-1628
-1600
-1450
-1531
-1825
-1643
-1695
-1832
-1476
-1600
-1475
-1475
-1450
-1450
-1450
-1492
-1819
-1873
-1636
-1727
-1567
-1562
-1450
-1450
-1509
-1474
-1478
-1461
-1980
-1630
-1910
-1953
-1450
-1483
-1450
-1550
-1497
-1523
-1450
-1555
-1772
-1605
-1581
-1918
-1450
-1461
-1465
-1596
-1508
-1525
-1479
-1531
-1700
-1755
-1700
-1700
-1450
-1516
-1494
-1569
-1506
-1450
-1474
-1518
-1723
-1707
-1676
-1717
-1458
-1493
-1541
-1571
-1556
-1466
-1450
-1450
-1736
-1700
-1736
-1746
-1450
-1450
-1536
-1525
-1530
-1450
-1450
-1450
-1650
-1650
-1650
-1650
-1472
-1450
-1450
-1450
-1603
-1450
-1450
-1450
-1587
-1600
-1689
-1573
-1450
-1450
-1520
-1450
-1450
-1463
-1452
-1450
-1563
-1600
-1677
-1581
-1450
-1450
-1450
-1462
