-1480
-1480
-1481
-1455
-2063
-1784
-1781
-1839
-1470
-1439
-1422
-1475
-1444
-1454
-1451
-1429
-2002
-1730
-1990
-2200
-1424
-1475
-1535
-1612
-1451
-1594
-1482
-1442
-2118
-1863
-2200
-2200
-1506
-1474
-1585
-1457
-1480
-1465
-1432
-1509
-1767
-1759
-1777
-1880
-1450
-1462
-1478
-1492
-1484
-1498
-1572
-1489
-1660
-1813
-1866
-1940
-1473
-1485
-1472
-1552
-1487
-1464
-1510
-1475
-2072
-1755
-1711
-2016
-1780
-1509
-1535
-1466
-1773
-1706
-1640
-1707
-2200
-2200
-1833
-2138
-1434
-1455
-1466
-1471
-1447
-1464
-1500
-1437
-1796
-1737
-1665
-1840
-1454
-1484
-1491
-1486
-1520
-1439
-1528
-1453
-2004
-1829
-2169
-2068
-1431
-1435
-1473
-1480
-1690
-1520
-1470
-1454
-1639
-1677
-1788
-1857
-1404
-1485
-1452
-1474
-1453
-1470
-1510
-1485
-1523
-1718
-1740
-1663
-1422
-1395
-1530
-1560
-1524
-1437
-1482
-1454
-1951
-1956
-1941
-2043
-1471
-1471
-1472
-1475
-1619
-1584
-1542
-1564
-2200
-2070
-2090
-1965
-1438
-1489
-1498
-1497
-1448
-1462
-1485
-1459
-1725
-2191
-1641
-1869
-1465
-1463
-1477
-1516
-1585
-1474
-1485
-1505
-1945
-1708
-1944
-1892
-1475
-1706
-1450
-1450
-1474
-1523
-1432
-1495
-1923
-1997
-1694
-1809
-1534
-1515
-1493
-1452
-1514
-1500
-1490
-1487
-2200
-1749
-2121
-2200
-1444
-1508
-1454
-1695
-1520
-1565
-1454
-1522
-1879
-1704
-1611
-2041
-1424
-1466
-1428
-1542
-1457
-1590
-1427
-1496
-1644
-1966
-1755
-1745
-1395
-1490
-1500
-1610
-1469
-1406
-1482
-1506
-2041
-1966
-1890
-2200
-1498
-1453
-1497
-1600
-1602
-1511
-1404
-1565
-2159
-1637
-2101
-2067
-1446
-1470
-1483
-1550
-1586
-1498
-1398
-1409
-1770
-1469
-1569
-1869
-1440
-1435
-1455
-1415
-1610
-1422
-1422
-1423
-1725
-1460
-2036
-2023
-1408
-1418
-1464
-1410
-1493
-1568
-1479
-1478
-1720
-1614
-1856
-1924
-1450
-1475
-1480
-1510
