#All information for run 1687.
#Row Col LED <Max> <Int> NPE
For row 0 and col 0, pedestal is 222.544
0  0  1  122.903  704.088  64.1236
0  0  2  306.068  1872.16  154.789
0  0  3  598.444  3876.45  281.83
0  0  4  902.896  6153.42  400.97
For row 0 and col 1, pedestal is 216.309
0  1  1  94.4888  514.563  42.5502
0  1  2  137.404  825.463  58.9076
0  1  3  418.603  2622.93  161.275
0  1  4  1214.75  8039.83  370.336
For row 0 and col 2, pedestal is 216.703
0  2  1  101.622  569.39  60.9947
0  2  2  282.447  1720.52  162.088
0  2  3  336.035  2174.61  184.417
0  2  4  1008.34  6815.39  482.257
For row 0 and col 3, pedestal is 209.573
0  3  1  106.406  661.728  68.0583
0  3  2  5.87644  -11.1308  nan
0  3  3  678.433  4579.17  360.44
0  3  4  1425.74  9796.59  603.641
For row 0 and col 4, pedestal is 220.179
0  4  1  46.3614  238.382  65.7147
0  4  2  18.6262  5.37172  210.103
0  4  3  296.627  2089.51  301.007
0  4  4  739.068  5294.4  576.289
For row 0 and col 5, pedestal is 218.185
0  5  1  53.272  351.88  61.0622
0  5  2  14.4199  0.606793  547.071
0  5  3  313.929  2210.67  301.196
0  5  4  716.62  5155.49  580.221
For row 0 and col 6, pedestal is 217.255
0  6  1  88.6043  696.872  101.077
0  6  2  156.121  1205.35  140.842
0  6  3  282.398  1786.17  223.406
0  6  4  693.174  6131.75  556.84
For row 0 and col 7, pedestal is 187.518
0  7  1  93.7413  730.587  134.065
0  7  2  155.519  1301.38  186.413
0  7  3  377.351  2494.73  344.11
0  7  4  984.349  8924.87  832.174
For row 0 and col 8, pedestal is 190.492
0  8  1  164.128  1225.78  159.528
0  8  2  246.188  1930.3  216.749
0  8  3  637.205  3912.48  407.548
0  8  4  1533.69  12728.4  811.087
For row 0 and col 9, pedestal is 209.381
0  9  1  244.863  1520.58  84.7301
0  9  2  571.896  3832.89  195.526
0  9  3  996.964  7143.33  300.002
0  9  4  1777.06  12528.6  435.787
For row 0 and col 10, pedestal is 218.506
0  10  1  200.932  1280.95  82.7177
0  10  2  375.525  2558.46  154.532
0  10  3  906.954  6527.54  327.808
0  10  4  1407.5  9828.93  457.577
For row 0 and col 11, pedestal is 198.824
0  11  1  124.689  790.102  90.2865
0  11  2  296.922  1982.51  209.503
0  11  3  497.412  3581.1  327.243
0  11  4  685.081  4853.91  431.952
For row 1 and col 0, pedestal is 237.133
1  0  1  226.273  1344.62  76.2626
1  0  2  365.925  2408.63  120.356
1  0  3  790.052  5453.23  242.744
1  0  4  1332.22  9741.85  387.312
For row 1 and col 1, pedestal is 221.551
1  1  1  89.84  517.457  62.3968
1  1  2  187.206  1174.44  123.319
1  1  3  369.403  2480.91  216.081
1  1  4  964.497  6831.89  420.73
For row 1 and col 2, pedestal is 222.752
1  2  1  218.007  1207.03  71.7294
1  2  2  474.297  2845.42  143.958
1  2  3  986.501  6266.38  254.251
1  2  4  2032.42  13537.5  391.68
For row 1 and col 3, pedestal is 223.291
1  3  1  141.606  861.626  59.9383
1  3  2  6.32555  -17.3598  nan
1  3  3  775.319  5109.25  278.578
1  3  4  2072.85  13891  556.293
For row 1 and col 4, pedestal is 207.891
1  4  1  28.8164  196.945  67.4866
1  4  2  19.7634  1.07735  nan
1  4  3  176.896  1352  302.299
1  4  4  492.645  3577.82  576.137
For row 1 and col 5, pedestal is 207.609
1  5  1  71.7107  450.65  86.5976
1  5  2  14.9546  -0.00135427  544.983
1  5  3  446.258  3091.27  358.787
1  5  4  1030.26  7261.7  629.413
For row 1 and col 6, pedestal is 217.329
1  6  1  133.141  1222.13  118.967
1  6  2  285.027  2452.37  177.32
1  6  3  513.691  3536.8  284.669
1  6  4  1828.01  17572.9  862.818
For row 1 and col 7, pedestal is 198.504
1  7  1  127.813  975.919  132.616
1  7  2  199.506  1583.77  150.462
1  7  3  446.216  2738.86  278.551
1  7  4  1401.54  11792.2  803.44
For row 1 and col 8, pedestal is 229.246
1  8  1  661.012  4900.55  154.186
1  8  2  869.49  6703.12  182.247
1  8  3  2373.59  14263.1  319.733
For row 1 and col 9, pedestal is 203.39
1  9  1  249.191  1587.87  160.188
1  9  2  29.1112  191.223  23.5807
1  9  3  739.349  5379.03  409.536
1  9  4  1281.88  9148.07  600.936
For row 1 and col 10, pedestal is 218.479
1  10  1  102.847  615.493  80.9774
1  10  2  223.946  1464.43  172.054
1  10  3  441.848  3158.99  319.867
1  10  4  39.5336  243.519  34.0681
For row 1 and col 11, pedestal is 223.898
1  11  1  71.5576  422.972  84.3127
1  11  2  205.585  1360.16  215.328
1  11  3  308.721  2190.75  309.896
1  11  4  605.606  4282.55  500.233
For row 2 and col 0, pedestal is 184.99
2  0  1  132.611  738.352  54.032
2  0  2  270.882  1637.76  113.577
2  0  3  570.166  3630.95  206.632
2  0  4  1304.24  8731.45  386.42
For row 2 and col 1, pedestal is 208.643
2  1  1  67.1706  380.517  70.2925
2  1  2  83.0013  509.477  92.3264
2  1  3  230.922  1492.99  236.041
2  1  4  687.94  4663.22  569.286
For row 2 and col 2, pedestal is 201.865
2  2  1  172.185  987.414  76.7083
2  2  2  206.64  1279.67  93.6791
2  2  3  770.339  5079.25  305.073
2  2  4  1849.03  12709.6  614.062
For row 2 and col 3, pedestal is 220.253
2  3  1  112.806  684.751  71.2217
2  3  2  3.96146  -15.7511  nan
2  3  3  675.652  4575.47  320.098
2  3  4  1418.39  9827.06  558.511
For row 2 and col 4, pedestal is 227.753
2  4  1  33.7213  235.683  53.0635
2  4  2  18.3411  34.9511  nan
2  4  3  199.959  1446.83  281.358
2  4  4  574.511  4102.91  567.079
For row 2 and col 5, pedestal is 208.431
2  5  1  69.7624  496.08  73.2073
2  5  2  18.0936  -10.3099  nan
2  5  3  449.35  3207.43  318.724
2  5  4  1058.91  7516.45  607.268
For row 2 and col 6, pedestal is 232.725
2  6  1  92.3043  723.766  109.492
2  6  2  164.886  1436.94  188.425
2  6  3  258.208  1819.48  288.561
2  6  4  1101.55  10355.3  925.488
For row 2 and col 7, pedestal is 212.475
2  7  1  76.4813  634.938  131.925
2  7  2  143.983  1222.04  187.763
2  7  3  352.19  2339.76  380.331
2  7  4  790.048  7210.61  769.524
For row 2 and col 8, pedestal is 228.435
2  8  1  251.371  1948.03  188.731
2  8  2  394.738  3230.04  275.882
2  8  3  864.269  5589.14  442.66
2  8  4  2458.57  21154.3  980.923
For row 2 and col 9, pedestal is 199.157
2  9  1  9.154  40.7916  49.2247
2  9  2  628.632  4368.31  299.953
2  9  3  682.886  5101.87  312.25
2  9  4  1320.18  9646.64  542.545
For row 2 and col 10, pedestal is 204.395
2  10  1  125.23  771.998  101.654
2  10  2  260.31  1760.68  209.368
2  10  3  557.393  4032.87  407.154
2  10  4  874.407  6277.14  554.727
For row 2 and col 11, pedestal is 189.648
2  11  1  193.554  1208.03  105.758
2  11  2  294.813  1993.38  154.42
2  11  3  743.85  5372.19  342.937
2  11  4  1334.25  9460.25  545.99
For row 3 and col 0, pedestal is 166.524
3  0  1  99.6213  552.054  74.1798
3  0  2  15.5986  81.9489  17.8962
3  0  3  383.046  2452.39  261.594
3  0  4  1006.26  6840.63  599.233
For row 3 and col 1, pedestal is 226.455
3  1  1  92.1304  490.186  50.7519
3  1  2  214.101  1240.48  113.501
3  1  3  441.42  2728.42  206.06
3  1  4  768.055  4992.3  340.223
For row 3 and col 2, pedestal is 206.635
3  2  1  185.174  1053.5  84.464
3  2  2  372.019  2242.23  158.699
3  2  3  839.323  5351.73  307.972
3  2  4  1604.36  10725.2  476.662
For row 3 and col 3, pedestal is 189.06
3  3  1  83.2977  520.024  54.0653
3  3  2  5.73852  -5.31179  nan
3  3  3  507.291  3408.75  259.983
3  3  4  1191.96  8192.79  469.436
For row 3 and col 4, pedestal is 218.345
3  4  1  83.3689  496.927  46.1314
3  4  2  8.59032  5.22633  nan
3  4  3  12.1099  74.2571  38.0646
3  4  4  1130.8  7312.32  443.693
For row 3 and col 5, pedestal is 190.924
3  5  1  135.68  794.825  66.2559
3  5  2  9.19461  2.45182  nan
3  5  3  828.211  5267.97  337.894
3  5  4  1899.41  12228.8  575.628
For row 3 and col 6, pedestal is 229.982
3  6  1  88.1393  580.475  76.4653
3  6  2  305.223  2194.05  232.69
3  6  3  391.307  2183.18  242.41
3  6  4  1318.78  10486.9  753.837
For row 3 and col 7, pedestal is 198.389
3  7  1  71.6467  578.791  96.1668
3  7  2  131.032  1067.91  150.829
3  7  3  316.42  2091.14  281.065
3  7  4  958.77  8527.62  793.755
For row 3 and col 8, pedestal is 239.429
3  8  1  339.46  2566.08  174.722
3  8  2  471.052  3714.19  214.745
3  8  3  896.67  5506.16  322.508
3  8  4  3442.86  28554.4  685.184
For row 3 and col 9, pedestal is 221.154
3  9  1  205.199  1251.26  112.293
3  9  2  403.158  2702.72  186.74
3  9  3  802.938  5764.54  350.171
3  9  4  1516.1  10732.4  528.96
For row 3 and col 10, pedestal is 218.035
3  10  1  127.85  787.79  101.847
3  10  2  306.426  2043.8  217.057
3  10  3  602.493  4276.93  363.167
3  10  4  1039.16  7226.74  516.652
For row 3 and col 11, pedestal is 197.991
3  11  1  200.795  1199.84  100.66
3  11  2  425.614  2795.02  191.266
3  11  3  823.13  5807.16  348.482
3  11  4  1375.79  9604.55  493.685
For row 4 and col 0, pedestal is 214.501
4  0  1  97.3126  566.961  57.165
4  0  2  156.956  986.54  88.8192
4  0  3  406.771  2715.79  210.557
4  0  4  1015.56  7189.63  468.41
For row 4 and col 1, pedestal is 189.748
4  1  1  82.3903  460.481  61.7416
4  1  2  204.771  1281.35  135.786
4  1  3  353.175  2337.16  221.026
4  1  4  825.912  5832.61  451.45
For row 4 and col 2, pedestal is 187.988
4  2  1  32.6023  181.059  50.4189
4  2  2  105.858  670.661  147.348
4  2  3  161.303  1110.3  216.523
4  2  4  432.486  3069.06  494.475
For row 4 and col 3, pedestal is 204.692
4  3  1  86.137  540.218  67.5958
4  3  2  5.89128  -19.7279  nan
4  3  3  498.853  3470.31  307.247
4  3  4  1182.09  8423.95  599.255
For row 4 and col 4, pedestal is 176.419
4  4  1  115.518  702.924  65.0141
4  4  2  18.1529  -0.760016  685.241
4  4  3  574.374  3711.35  269.084
4  4  4  1726.52  11361.3  641.718
For row 4 and col 5, pedestal is 195.304
4  5  1  89.0027  557.941  60.3824
4  5  2  11.2254  -4.76458  nan
4  5  3  550.426  3575.14  311.525
4  5  4  1438.05  9475.83  623.498
For row 4 and col 6, pedestal is 236.056
4  6  1  96.8228  730.009  110.244
4  6  2  205.222  1679.56  197.592
4  6  3  375.825  2546.03  285.914
4  6  4  708.981  6706.23  632.934
For row 4 and col 7, pedestal is 206.332
4  7  1  109.828  852.034  121.063
4  7  2  175.817  1492.9  208.774
4  7  3  288.983  2049.26  209.416
4  7  4  909.433  8692.32  674.348
For row 4 and col 8, pedestal is 242.822
4  8  1  236.217  1854.27  139.672
4  8  2  383.901  3136.44  197.34
4  8  3  735.825  4588.13  286.493
4  8  4  2160.67  18586.9  571.383
For row 4 and col 9, pedestal is 210.709
4  9  1  119.193  752.29  106.255
4  9  2  234.758  1613.71  183.493
4  9  3  484.259  3591.23  348.094
4  9  4  928.034  6773.71  547.677
For row 4 and col 10, pedestal is 235.977
4  10  1  133.437  832.237  83.1953
4  10  2  356.765  2428.93  208.247
4  10  3  500.822  3616.45  285.115
4  10  4  1255.12  8908.17  569.225
For row 4 and col 11, pedestal is 202.584
4  11  1  59.4217  357.537  80.774
4  11  2  140.383  924.749  165.765
4  11  3  259.726  1878.83  284.959
4  11  4  533.478  3806.61  472.379
For row 5 and col 0, pedestal is 232.002
5  0  1  50.8714  274.215  31.546
5  0  2  160.948  952.003  93.6345
5  0  3  282.957  1786.61  155.548
5  0  4  679.738  4502.43  345.238
For row 5 and col 1, pedestal is 200.393
5  1  1  143.134  800.327  62.4045
5  1  2  282.771  1685.45  122.733
5  1  3  613.459  3940.83  242.651
5  1  4  1153.05  7712.93  423.695
For row 5 and col 2, pedestal is 215.035
5  2  1  76.101  424.123  80.8286
5  2  2  149.643  920.941  147.881
5  2  3  258.51  1661.51  250.131
5  2  4  234.641  1576.37  240.871
For row 5 and col 3, pedestal is 204.319
5  3  1  104.606  634.825  71.1267
5  3  2  4.61776  -6.12778  nan
5  3  3  543.098  3571.5  319.059
5  3  4  1544.83  10480.8  720.746
For row 5 and col 4, pedestal is 226.412
5  4  1  46.4191  316.269  67.354
5  4  2  13.3304  -5.27707  nan
5  4  3  240.58  1778.69  302.32
5  4  4  681.149  4975.56  648.403
For row 5 and col 5, pedestal is 181.35
5  5  1  82.366  541.99  59.3061
5  5  2  11.3543  -8.15552  nan
5  5  3  419.97  2969.26  270.736
5  5  4  1250.04  8835.39  581.594
For row 5 and col 6, pedestal is 218.293
5  6  1  207.868  1471.4  125.747
5  6  2  412.553  3041.98  224.373
5  6  3  986.556  5642.95  400.372
5  6  4  1194.68  9680.11  591.222
For row 5 and col 7, pedestal is 236.915
5  7  1  74.8392  581.807  162.972
5  7  2  126.553  1032.76  196.502
5  7  3  220.253  1431.96  249.801
5  7  4  768.665  6788.07  784.045
For row 5 and col 8, pedestal is 189.372
5  8  1  2.01778  -17.488  nan
5  8  2  2.03217  -16.1025  nan
5  8  3  2.00908  -17.4707  nan
5  8  4  2.0136  -15.9394  nan
For row 5 and col 9, pedestal is 210.978
5  9  1  172.799  1056.08  80.8412
5  9  2  353.503  2357.35  154.267
5  9  3  883.152  6275.91  354.301
5  9  4  1522.09  10628.6  542.227
For row 5 and col 10, pedestal is 189.016
5  10  1  160.949  967.821  96.4369
5  10  2  346.637  2320.71  195.722
5  10  3  509.202  3661.75  286.577
5  10  4  1144.38  8152.75  519.161
For row 5 and col 11, pedestal is 213.269
5  11  1  153.92  915.418  78.0971
5  11  2  340.884  2244.26  151.727
5  11  3  646.135  4568.04  263.551
5  11  4  1216.03  8488.22  441.004
For row 6 and col 0, pedestal is 208.617
6  0  1  85.7909  593.051  90.8618
6  0  2  154.167  1124.2  159.412
6  0  3  264.297  1614.13  246.166
6  0  4  984.417  6635.4  708.416
For row 6 and col 1, pedestal is 209.968
6  1  1  136.244  931.853  94.4614
6  1  2  293.981  2094.29  196.019
6  1  3  512.567  3036.47  279.568
6  1  4  1261.23  8282.67  521.747
For row 6 and col 2, pedestal is 221.674
6  2  1  225.298  1547.84  102.261
6  2  2  412.84  2964.47  181.667
6  2  3  806.11  4842.97  304.888
6  2  4  1871.4  12453.9  620.405
For row 6 and col 3, pedestal is 207.584
6  3  1  145.812  763.602  100.784
6  3  2  321.627  1863.62  209.274
6  3  3  683.293  4193.66  395.269
6  3  4  976.847  6091.19  544.545
For row 6 and col 4, pedestal is 184.838
6  4  1  70.1779  355.693  88.549
6  4  2  197.405  1162.65  212.258
6  4  3  356.667  2238.3  350.962
6  4  4  688.499  4450.81  641.466
For row 6 and col 5, pedestal is 192.548
6  5  1  74.415  257.921  90.8835
6  5  2  149.357  582.89  190.211
6  5  3  211.438  884.877  265.703
6  5  4  313.846  1296.29  420.02
For row 6 and col 6, pedestal is 210.581
6  6  1  72.6153  618.9  110.017
6  6  2  165.863  1323.06  189.493
6  6  3  408.826  2785.06  358.831
6  6  4  974.016  7274.14  754.109
For row 6 and col 7, pedestal is 214.815
6  7  1  48.9657  458.135  141.557
6  7  2  76.3242  652.576  150.491
6  7  3  280.721  2026.38  413.932
6  7  4  615.042  4658.3  776.004
For row 6 and col 8, pedestal is 227.871
6  8  1  173.403  1265.89  72.6931
6  8  2  365.782  2743.61  136.404
6  8  3  873.492  5366.77  268.745
6  8  4  1703.7  11625.3  449.272
For row 6 and col 9, pedestal is 233.197
6  9  1  217.494  1314.32  126.729
6  9  2  422.698  2499.02  229.43
6  9  3  1109.32  7279.96  500.316
6  9  4  1144.45  8003.11  545.821
For row 6 and col 10, pedestal is 233.451
6  10  1  194.718  1201.86  119.269
6  10  2  350.684  2067.8  200.846
6  10  3  546.16  3559.78  301.649
6  10  4  1454.12  10019.2  657.714
For row 6 and col 11, pedestal is 213.616
6  11  1  285.974  1754.5  78.5994
6  11  2  589.781  3426.96  156.284
6  11  3  945.653  6048.56  241.503
6  11  4  1449.01  9984.34  348.981
For row 7 and col 0, pedestal is 227.693
7  0  1  257.526  1820.21  106.199
7  0  2  466.041  3522.39  180.6
7  0  3  931.618  5778.82  314.607
7  0  4  2253.88  15691.1  595.274
For row 7 and col 1, pedestal is 269.805
7  1  1  197.074  1423.56  89.9669
7  1  2  295.643  2280.97  138.059
7  1  3  746.5  4767.58  294.797
7  1  4  2029.33  14526.8  663.306
For row 7 and col 2, pedestal is 219.379
7  2  1  158.279  1091.21  81.5335
7  2  2  304.529  2260.57  149.867
7  2  3  520.145  3167.08  232.962
7  2  4  1852.16  12654.8  616.544
For row 7 and col 3, pedestal is 216.875
7  3  1  304.86  1664.62  115.75
7  3  2  661.609  3912.87  242.406
7  3  3  1141.39  7205.36  379.014
7  3  4  1921.48  12306.2  577.222
For row 7 and col 4, pedestal is 201.136
7  4  1  150.293  720.707  89.2586
7  4  2  396.846  2072.98  217.659
7  4  3  687.612  3925.14  357.797
7  4  4  1023.24  5938.05  507.206
For row 7 and col 5, pedestal is 245.226
7  5  1  157.65  757.214  77.0743
7  5  2  428.741  2270.71  190.684
7  5  3  666.346  3807.89  279.723
7  5  4  1638.52  9522.04  586.956
For row 7 and col 6, pedestal is 213.105
7  6  1  122.963  874.508  89.5919
7  6  2  196.858  1616.72  156.625
7  6  3  616.408  4341.54  357.49
7  6  4  1306.12  10163.4  685.885
For row 7 and col 7, pedestal is 226.215
7  7  1  91.5142  633.832  87.6469
7  7  2  156.663  1203.72  166.238
7  7  3  436.363  3014.43  387.425
7  7  4  928.804  7102.26  731.895
For row 7 and col 8, pedestal is 248.308
7  8  1  164.606  1174.72  82.506
7  8  2  337.884  2549.46  159.687
7  8  3  858.969  5400.76  333.564
7  8  4  1513.58  10633.2  560.157
For row 7 and col 9, pedestal is 233.582
7  9  1  365.423  2186.05  119.98
7  9  2  667.175  3872.84  198.014
7  9  3  1562.04  10013.8  382.343
7  9  4  1745.27  11959.1  429.356
For row 7 and col 10, pedestal is 245.644
7  10  1  161.845  973.569  117.066
7  10  2  360.709  2068.95  238.707
7  10  3  810.043  5136.77  501.785
7  10  4  599.608  4053.86  405.096
For row 7 and col 11, pedestal is 234.529
7  11  1  111.08  638.858  92.7071
7  11  2  201.653  1110.96  163.993
7  11  3  483.61  2978.71  339.666
7  11  4  828.525  5531.8  548.479
For row 8 and col 0, pedestal is 195.413
8  0  1  112.591  728.221  99.1462
8  0  2  166.148  1163.14  142.69
8  0  3  425.097  2453.81  296.237
8  0  4  1073.76  6944.36  619.975
For row 8 and col 1, pedestal is 211.533
8  1  1  230.76  1570.72  92.7069
8  1  2  477.709  3421.8  179.182
8  1  3  742.939  4407.73  247.723
8  1  4  2154.7  14201.4  544.425
For row 8 and col 2, pedestal is 227.339
8  2  1  109.88  756.541  77.5321
8  2  2  227.93  1660.99  153.335
8  2  3  367.679  2221.59  223.06
8  2  4  1235.43  8177.58  632.721
For row 8 and col 3, pedestal is 223.543
8  3  1  236.846  1280.22  81.5102
8  3  2  557.441  3192.88  182.066
8  3  3  1139.24  6964.65  319.847
8  3  4  1243.62  7727.11  383.796
For row 8 and col 4, pedestal is 210.247
8  4  1  56.7148  286.713  101.279
8  4  2  108.889  721.007  159.495
8  4  3  256.242  1923.88  333.23
8  4  4  377.802  2984.92  475.044
For row 8 and col 5, pedestal is 221.359
8  5  1  112.849  609.532  118.054
8  5  2  245.738  1466.73  203.648
8  5  3  252.866  1618.1  225.102
8  5  4  888.671  6057.16  603.353
For row 8 and col 6, pedestal is 200.655
8  6  1  107.661  779.197  106.184
8  6  2  192.545  1433.28  161.746
8  6  3  575.793  3441.36  368.99
8  6  4  1116.47  7261.99  661.797
For row 8 and col 7, pedestal is 193.431
8  7  1  72.5554  443.106  88.5731
8  7  2  127.137  957.279  164.532
8  7  3  361.64  2338.79  320.395
8  7  4  821.948  5939.3  701.746
For row 8 and col 8, pedestal is 197.617
8  8  1  199.067  1425.55  97.2617
8  8  2  345.845  2616.87  149.683
8  8  3  659.918  4085.3  247.132
8  8  4  1513.02  10376.2  482.703
For row 8 and col 9, pedestal is 229.465
8  9  1  242.549  1452.32  128.889
8  9  2  397.262  2320.77  195.681
8  9  3  985.175  6351.82  415.86
8  9  4  1360.83  9318.35  562.291
For row 8 and col 10, pedestal is 198.957
8  10  1  141.233  826.921  126.292
8  10  2  204.826  1192.93  162.796
8  10  3  486.001  3150.29  347.706
8  10  4  998.709  7021.36  595.145
For row 8 and col 11, pedestal is 199.773
8  11  1  184.437  1109.67  84.4275
8  11  2  391.432  2317.1  168.968
8  11  3  941.763  6148.96  367.831
8  11  4  1695.01  11947.9  586.734
For row 9 and col 0, pedestal is 194.711
9  0  1  117.256  803.02  104.367
9  0  2  217.267  1573.46  188.927
9  0  3  441.32  2657.86  305.564
9  0  4  1224.23  8227.22  698.558
For row 9 and col 1, pedestal is 200.456
9  1  1  109.836  745.692  93.3988
9  1  2  222.394  1625.37  185.746
9  1  3  560.496  3366.26  376.502
9  1  4  1220.35  8143.5  735.513
For row 9 and col 2, pedestal is 239.515
9  2  1  122.707  808.015  79.244
9  2  2  250.282  1789.97  160.078
9  2  3  589.108  3433.85  309.493
9  2  4  1550.69  10064  691.126
For row 9 and col 3, pedestal is 222.011
9  3  1  151.671  785.464  97.8162
9  3  2  263.012  1539.43  164.547
9  3  3  701.183  4237.06  382.573
9  3  4  1044.36  6384.56  545.453
For row 9 and col 4, pedestal is 216.968
9  4  1  173.72  863.423  107.677
9  4  2  364.24  1937.75  194.59
9  4  3  616.79  3603.25  309.09
9  4  4  1321.77  7937.58  577.379
For row 9 and col 5, pedestal is 239.99
9  5  1  179.085  885.286  106.717
9  5  2  404.868  2274.61  226.739
9  5  3  742.969  4471.08  373.217
9  5  4  1145.69  7036.07  526.774
For row 9 and col 6, pedestal is 180.319
9  6  1  97.2729  697.495  141.779
9  6  2  169.775  1353.75  161.102
9  6  3  436.833  2995.37  323.243
9  6  4  937.137  6912.35  639.465
For row 9 and col 7, pedestal is 214.043
9  7  1  51.3019  424.176  102.57
9  7  2  103.497  868.613  125.964
9  7  3  273.195  1932.06  236.245
9  7  4  677.501  4993.38  588.899
For row 9 and col 8, pedestal is 231.73
9  8  1  338.011  2364.56  91.6693
9  8  2  525.912  3828.42  134.225
9  8  3  1161.35  6999.27  252.497
9  8  4  3021.52  20233.8  438.732
For row 9 and col 9, pedestal is 241.404
9  9  1  136.636  764.891  118.715
9  9  2  200.913  1113.97  172.75
9  9  3  581.17  3623.6  414.337
9  9  4  624.282  4148.48  457.518
For row 9 and col 10, pedestal is 243.733
9  10  1  126.801  774.014  88.6037
9  10  2  251.977  1475.7  162.604
9  10  3  554.419  3585.85  313.89
9  10  4  987.073  6883.96  499.341
For row 9 and col 11, pedestal is 184.569
9  11  1  26.0656  148.835  26.3092
9  11  2  175.784  1048.99  123.513
9  11  3  327.631  2148.02  231.788
9  11  4  772.106  5387.01  475.387
For row 10 and col 0, pedestal is 246.667
10  0  1  129.086  895.729  85.2992
10  0  2  226.44  1715.6  139.866
10  0  3  544.362  3367.89  295.927
10  0  4  1220.62  8501.99  565.432
For row 10 and col 1, pedestal is 197.754
10  1  1  109.076  781.11  91.4463
10  1  2  215.047  1617.55  168.635
10  1  3  354.917  2211.95  250.708
10  1  4  1094.81  7579.44  624.127
For row 10 and col 2, pedestal is 219.543
10  2  1  143.095  988.415  89.073
10  2  2  310.456  2362.73  181.027
10  2  3  564.149  3433.35  285.848
10  2  4  1341.02  9185.45  589.36
For row 10 and col 3, pedestal is 216.277
10  3  1  90.9887  502.176  80.3095
10  3  2  195.933  1145.38  176.41
10  3  3  281.25  1802.64  225.606
10  3  4  529.724  3425.85  396.283
For row 10 and col 4, pedestal is 225.655
10  4  1  184.395  969.08  98.7663
10  4  2  356.658  2017.01  175.614
10  4  3  835.989  5092.73  376.171
10  4  4  1669.27  10358.1  645.561
For row 10 and col 5, pedestal is 193.412
10  5  1  109.655  676.38  89.1945
10  5  2  278.511  1753.12  225.801
10  5  3  500.032  3543.6  377.631
10  5  4  971.922  6864.39  671.655
For row 10 and col 6, pedestal is 219.17
10  6  1  94.0139  688.675  98.6691
10  6  2  104.401  835.448  88.4464
10  6  3  352.029  2383.78  201.083
10  6  4  1005.66  7707.04  551.117
For row 10 and col 7, pedestal is 231.954
10  7  1  86.2396  595.477  82.2605
10  7  2  215.076  1634.29  146.346
10  7  3  638.132  4158.25  330.402
10  7  4  1021.19  7520.76  552.979
For row 10 and col 8, pedestal is 202.467
10  8  1  239.062  1752.72  97.6912
10  8  2  415.347  3146.49  151.994
10  8  3  1300.42  8112.71  364.746
10  8  4  2127.45  14842.8  567.54
For row 10 and col 9, pedestal is 199.315
10  9  1  423.646  2519.44  124.927
10  9  2  637.009  3683.25  174.365
10  9  3  1523.25  9733.25  371.409
10  9  4  2056.17  14157.9  484.878
For row 10 and col 10, pedestal is 237.763
10  10  1  288.693  1789.75  100.04
10  10  2  482.685  2884.29  158.325
10  10  3  1223.39  8065.98  345.199
10  10  4  1468.86  10383.9  414.035
For row 10 and col 11, pedestal is 231.891
10  11  1  227.278  1397.59  102.758
10  11  2  401.236  2345.44  175.268
10  11  3  844.555  5480.04  335.112
10  11  4  1603.5  11170.5  576.928
For row 11 and col 0, pedestal is 207.686
11  0  1  92.5252  623.57  103.822
11  0  2  211.075  1529.55  229.519
11  0  3  186.343  1109.24  191.671
11  0  4  1030.64  6753.11  647.056
For row 11 and col 1, pedestal is 195.22
11  1  1  215.768  1477.65  82.0526
11  1  2  393.085  2911.56  142.676
11  1  3  1131.06  6765.49  337.575
11  1  4  2078.12  13742.5  534.794
For row 11 and col 2, pedestal is 238.753
11  2  1  186.996  1299.46  107.443
11  2  2  339.403  2480.42  186.261
11  2  3  703.733  4287.18  336.002
11  2  4  1187.89  7945.45  542.11
For row 11 and col 3, pedestal is 193.826
11  3  1  190.902  1036.83  96.5444
11  3  2  439.935  2542.38  199.669
11  3  3  913.957  5601.64  339.924
11  3  4  1614.34  9960.59  540.705
For row 11 and col 4, pedestal is 224.363
11  4  1  83.2086  531.829  60.8777
11  4  2  192.042  1182.43  142.018
11  4  3  456.212  3029.57  341.294
11  4  4  863.238  5704.47  567.233
For row 11 and col 5, pedestal is 224.044
11  5  1  91.1809  561.649  78.4883
11  5  2  232.493  1426.9  204.545
11  5  3  406.811  2744.58  321.969
11  5  4  855.933  5775.89  643.508
For row 11 and col 6, pedestal is 197.14
11  6  1  104.596  749.592  158.019
11  6  2  173.556  1339.38  229.708
11  6  3  451.312  2844.05  408.651
11  6  4  976.733  6876.53  726.515
For row 11 and col 7, pedestal is 215.523
11  7  1  81.5174  548.387  178.452
11  7  2  120.162  833.484  209.494
11  7  3  266.767  1776.23  268.656
11  7  4  718.533  5183.8  619.001
For row 11 and col 8, pedestal is 196.334
11  8  1  108.461  751.539  54.9945
11  8  2  304.046  2205.41  133.345
11  8  3  952.409  5737.61  303.274
11  8  4  1619.25  10958.4  456.581
For row 11 and col 9, pedestal is 197.513
11  9  1  159.633  960.72  93.0161
11  9  2  347.811  2001.85  188.252
11  9  3  25.2612  164.556  20.4483
11  9  4  72.6463  494.127  42.7052
For row 11 and col 10, pedestal is 228.453
11  10  1  147.319  884.829  102.756
11  10  2  214.499  1219.44  147.667
11  10  3  582.024  3628.93  357.192
11  10  4  1115.4  7463.08  573.003
For row 11 and col 11, pedestal is 188.659
11  11  1  234.264  1369.03  101.567
11  11  2  366.418  2067.53  153.662
11  11  3  669.736  4163.25  266.502
11  11  4  1566.37  10545.3  519.949
For row 12 and col 0, pedestal is 238.835
12  0  1  2.62974  -13.4722  nan
12  0  2  2.54563  -14.6655  nan
12  0  3  2.6041  -13.0568  nan
12  0  4  2.3674  -13.4177  nan
For row 12 and col 1, pedestal is 194.529
12  1  1  2.54226  -13.2843  nan
12  1  2  2.47702  -13.9103  nan
12  1  3  2.64015  -13.4997  nan
12  1  4  2.47288  -13.7406  nan
For row 12 and col 2, pedestal is 215.484
12  2  1  2.66886  -13.3189  nan
12  2  2  2.76505  -14.9078  nan
12  2  3  2.86605  -13.178  nan
12  2  4  2.70512  -13.2042  nan
For row 12 and col 3, pedestal is 217.251
12  3  1  2.28794  -14.8533  nan
12  3  2  2.13012  -13.756  nan
12  3  3  2.29888  -15.0944  nan
12  3  4  2.09284  -14.4308  nan
For row 12 and col 4, pedestal is 233.089
12  4  1  4.14648  -13.0531  nan
12  4  2  4.68495  -14.3113  nan
12  4  3  4.44257  -10.486  nan
12  4  4  3.47008  -11.4011  nan
For row 12 and col 5, pedestal is 208.785
12  5  1  5.1844  -17.2359  nan
12  5  2  4.67585  -20.0146  nan
12  5  3  4.50094  -17.1108  nan
12  5  4  4.71258  -18.5706  nan
For row 12 and col 6, pedestal is 204.856
12  6  1  5.17841  -9.96751  nan
12  6  2  5.7459  -10.7926  nan
12  6  3  4.82596  -8.04657  nan
12  6  4  4.58664  -11.8165  nan
For row 12 and col 7, pedestal is 197.195
12  7  1  3.30329  -13.1378  nan
12  7  2  4.31692  -10.6552  nan
12  7  3  3.62904  -9.44156  nan
12  7  4  3.08053  -11.1175  nan
For row 12 and col 8, pedestal is 235.356
12  8  1  2.84987  -14.7669  nan
12  8  2  2.98185  -14.1886  nan
12  8  3  2.78634  -14.4222  nan
12  8  4  2.52356  -14.6968  nan
For row 12 and col 9, pedestal is 231.388
12  9  1  2.98163  -13.737  nan
12  9  2  2.95945  -14.0887  nan
12  9  3  3.17995  -12.3886  nan
12  9  4  3.00659  -14.3094  nan
For row 12 and col 10, pedestal is 215.9
12  10  1  2.55978  -12.8887  nan
12  10  2  2.59866  -13.7886  nan
12  10  3  2.58458  -13.6677  nan
12  10  4  2.50531  -14.6023  nan
For row 12 and col 11, pedestal is 184.975
12  11  1  2.61006  -12.9068  nan
12  11  2  2.7227  -13.2273  nan
12  11  3  2.48712  -11.9555  nan
12  11  4  2.39621  -13.4983  nan
For row 13 and col 0, pedestal is 169.718
13  0  1  3.0798  -16.7057  nan
13  0  2  3.15624  -16.6993  nan
13  0  3  3.19447  -15.963  nan
13  0  4  2.98319  -16.1338  nan
For row 13 and col 1, pedestal is 199.201
13  1  1  2.13949  -15.2696  nan
13  1  2  2.16296  -15.2016  nan
13  1  3  2.08666  -15.5493  nan
13  1  4  2.11787  -14.8429  nan
For row 13 and col 2, pedestal is 215.348
13  2  1  2.76616  -15.5113  nan
13  2  2  3.31421  -14.5718  nan
13  2  3  2.77935  -16.7045  nan
13  2  4  2.62967  -15.9607  nan
For row 13 and col 3, pedestal is 196.445
13  3  1  3.07654  -17.8574  nan
13  3  2  2.86234  -16.9607  nan
13  3  3  3.04522  -16.2854  nan
13  3  4  2.88026  -15.986  nan
For row 13 and col 4, pedestal is 205.04
13  4  1  2.85237  -15.6169  nan
13  4  2  3.498  -15.0263  nan
13  4  3  2.91589  -16.6832  nan
13  4  4  2.78338  -16.3746  nan
For row 13 and col 5, pedestal is 204.64
13  5  1  3.5927  -13.1659  nan
13  5  2  3.71207  -13.3728  nan
13  5  3  4.00915  -14.459  nan
13  5  4  3.84339  -16.8673  nan
For row 13 and col 6, pedestal is 151.07
13  6  1  3.07723  -14.1481  nan
13  6  2  4.60383  -11.8113  nan
13  6  3  3.3275  -14.4275  nan
13  6  4  3.33548  -13.5326  nan
For row 13 and col 7, pedestal is 197.597
13  7  1  3.85059  -10.203  nan
13  7  2  6.23834  -6.34193  nan
13  7  3  3.70417  -5.91776  nan
13  7  4  3.28044  -8.64497  nan
For row 13 and col 8, pedestal is 225.834
13  8  1  2.42666  -13.2355  nan
13  8  2  2.56888  -14.3972  nan
13  8  3  2.49111  -13.4042  nan
13  8  4  2.39361  -13.8089  nan
For row 13 and col 9, pedestal is 215.363
13  9  1  3.02622  -12.4895  nan
13  9  2  3.06296  -11.9252  nan
13  9  3  2.95852  -12.6303  nan
13  9  4  2.91209  -12.5815  nan
For row 13 and col 10, pedestal is 197.059
13  10  1  2.77537  -15.683  nan
13  10  2  3.12601  -15.0514  nan
13  10  3  2.63098  -16.7093  nan
13  10  4  2.5483  -15.6348  nan
For row 13 and col 11, pedestal is 211.753
13  11  1  2.44844  -10.4257  nan
13  11  2  2.76877  -9.78733  nan
13  11  3  2.46604  -10.9869  nan
13  11  4  2.4818  -9.97386  nan
For row 14 and col 0, pedestal is 203.386
14  0  1  2.75807  -13.2937  nan
14  0  2  2.82906  -13.3733  nan
14  0  3  2.74683  -12.9866  nan
14  0  4  2.70578  -12.1823  nan
For row 14 and col 1, pedestal is 227.749
14  1  1  2.43633  -13.3581  nan
14  1  2  2.43585  -12.3304  nan
14  1  3  2.53851  -12.7651  nan
14  1  4  2.30232  -12.8796  nan
For row 14 and col 2, pedestal is 189.896
14  2  1  2.64092  -14.3671  nan
14  2  2  2.77051  -14.559  nan
14  2  3  2.78864  -13.6516  nan
14  2  4  2.74064  -13.4748  nan
For row 14 and col 3, pedestal is 212.796
14  3  1  2.77156  -13.9535  nan
14  3  2  2.42234  -14.2356  nan
14  3  3  2.6622  -14.5634  nan
14  3  4  2.69902  -14.6494  nan
For row 14 and col 4, pedestal is 186.596
14  4  1  4.49407  -11.8651  nan
14  4  2  7.17761  -11.4791  nan
14  4  3  4.81779  -9.55725  nan
14  4  4  4.01753  -10.8834  nan
For row 14 and col 5, pedestal is 218.851
14  5  1  2.63145  -15.1098  nan
14  5  2  2.55938  -14.6284  nan
14  5  3  2.80531  -15.7201  nan
14  5  4  2.59492  -15.6549  nan
For row 14 and col 6, pedestal is 181.557
14  6  1  4.36375  -15.1371  nan
14  6  2  5.09296  -13.0999  nan
14  6  3  5.03088  -15.3633  nan
14  6  4  4.26421  -16.0407  nan
For row 14 and col 7, pedestal is 227.979
14  7  1  4.09622  -13.3013  nan
14  7  2  5.92221  -7.88007  nan
14  7  3  5.07591  -9.64548  nan
14  7  4  4.34258  -12.4639  nan
For row 14 and col 8, pedestal is 201.896
14  8  1  2.60722  -10.695  nan
14  8  2  2.62103  -11.3547  nan
14  8  3  2.73578  -11.0657  nan
14  8  4  2.61945  -10.0655  nan
For row 14 and col 9, pedestal is 213.707
14  9  1  2.71097  -14.9436  nan
14  9  2  2.8759  -12.0994  nan
14  9  3  2.87508  -12.3632  nan
14  9  4  2.7146  -12.4566  nan
For row 14 and col 10, pedestal is 238.608
14  10  1  2.43154  -13.8892  nan
14  10  2  2.74946  -13.8132  nan
14  10  3  2.6055  -13.3009  nan
14  10  4  2.37239  -13.4594  nan
For row 14 and col 11, pedestal is 210.558
14  11  1  2.90541  -11.9201  nan
14  11  2  3.5661  -11.6214  nan
14  11  3  2.81308  -12.8926  nan
14  11  4  2.58406  -12.5437  nan
For row 15 and col 0, pedestal is 232.929
15  0  1  2.78375  -17.49  nan
15  0  2  2.88395  -15.3342  nan
15  0  3  2.91651  -16.3379  nan
15  0  4  2.80606  -15.1376  nan
For row 15 and col 1, pedestal is 201.003
15  1  1  2.71676  -12.7788  nan
15  1  2  2.66235  -13.9395  nan
15  1  3  2.82271  -11.8173  nan
15  1  4  2.65862  -13.4083  nan
For row 15 and col 2, pedestal is 221.789
15  2  1  2.3624  -13.6377  nan
15  2  2  2.38877  -13.6584  nan
15  2  3  2.30268  -13.231  nan
15  2  4  2.14832  -12.4907  nan
For row 15 and col 3, pedestal is 175.358
15  3  1  2.21025  -14.6924  nan
15  3  2  2.26185  -14.6505  nan
15  3  3  2.23281  -14.9564  nan
15  3  4  2.18435  -14.9133  nan
For row 15 and col 4, pedestal is 213.211
15  4  1  4.76871  -17.2458  nan
15  4  2  3.82658  -15.9572  nan
15  4  3  4.78624  -16.3105  nan
15  4  4  4.25615  -14.4255  nan
For row 15 and col 5, pedestal is 181.759
15  5  1  4.16962  -14.089  nan
15  5  2  3.61973  -12.3199  nan
15  5  3  3.87942  -12.4968  nan
15  5  4  3.51333  -12.788  nan
For row 15 and col 6, pedestal is 220.816
15  6  1  3.01265  -14.5512  nan
15  6  2  3.28402  -13.3823  nan
15  6  3  3.18809  -12.8458  nan
15  6  4  2.89106  -10.5712  nan
For row 15 and col 7, pedestal is 224.438
15  7  1  4.46517  -7.17287  nan
15  7  2  5.305  -7.06635  nan
15  7  3  4.6536  0.062319  nan
15  7  4  5.43032  -0.534099  nan
For row 15 and col 8, pedestal is 176.29
15  8  1  2.31918  -15.6209  nan
15  8  2  2.4391  -14.4105  nan
15  8  3  2.39315  -15.5397  nan
15  8  4  2.3485  -15.9117  nan
For row 15 and col 9, pedestal is 190.566
15  9  1  2.54233  -12.7942  nan
15  9  2  2.85295  -11.1176  nan
15  9  3  2.56761  -12.6058  nan
15  9  4  2.55038  -10.876  nan
For row 15 and col 10, pedestal is 185.767
15  10  1  2.45794  -12.4899  nan
15  10  2  2.70492  -10.8568  nan
15  10  3  2.53534  -11.1492  nan
15  10  4  2.35335  -12.322  nan
For row 15 and col 11, pedestal is 206.577
15  11  1  2.5862  -14.0577  nan
15  11  2  3.39644  -12.4055  nan
15  11  3  2.71455  -14.281  nan
15  11  4  2.65719  -14.9064  nan
For row 16 and col 0, pedestal is 183.08
16  0  1  2.39401  -14.6568  nan
16  0  2  2.47455  -14.2483  nan
16  0  3  2.44426  -15.3637  nan
16  0  4  2.32457  -14.8899  nan
For row 16 and col 1, pedestal is 218.693
16  1  1  2.39957  -12.4922  nan
16  1  2  2.43045  -12.4646  nan
16  1  3  2.46265  -11.5357  nan
16  1  4  2.40575  -11.9439  nan
For row 16 and col 2, pedestal is 210.143
16  2  1  2.45319  -14.5877  nan
16  2  2  2.68927  -14.0147  nan
16  2  3  2.74511  -15.9229  nan
16  2  4  2.36712  -16.1254  nan
For row 16 and col 3, pedestal is 203.818
16  3  1  2.66485  -14.1143  nan
16  3  2  2.84239  -12.8633  nan
16  3  3  2.79199  -14.6948  nan
16  3  4  2.58182  -13.7711  nan
For row 16 and col 4, pedestal is 229.982
16  4  1  4.79874  -7.62968  nan
16  4  2  6.31087  -7.25744  nan
16  4  3  4.3811  -3.33107  nan
16  4  4  3.42351  -8.85982  nan
For row 16 and col 5, pedestal is 194.872
16  5  1  3.74055  -12.8306  nan
16  5  2  3.62112  -13.0299  nan
16  5  3  4.15091  -10.6661  nan
16  5  4  3.65988  -10.9801  nan
For row 16 and col 6, pedestal is 191.158
16  6  1  8.44051  -6.77681  nan
16  6  2  9.52267  -4.6942  nan
16  6  3  8.45674  1.91278  nan
16  6  4  8.00574  -1.68772  nan
For row 16 and col 7, pedestal is 221.803
16  7  1  7.77285  -4.94046  nan
16  7  2  9.55522  -5.44111  421.377
16  7  3  8.59028  -1.71962  nan
16  7  4  6.84243  -6.16741  nan
For row 16 and col 8, pedestal is 191.839
16  8  1  3.16329  -16.4411  nan
16  8  2  3.26516  -11.9714  nan
16  8  3  3.41531  -13.8408  nan
16  8  4  3.19545  -13.4155  nan
For row 16 and col 9, pedestal is 217.189
16  9  1  3.08199  -16.9397  nan
16  9  2  3.75424  -15.5328  nan
16  9  3  2.95943  -17.6386  nan
16  9  4  2.96349  -14.9203  nan
For row 16 and col 10, pedestal is 212.279
16  10  1  2.80789  -15.4469  nan
16  10  2  3.13508  -12.1472  nan
16  10  3  2.9582  -11.3381  nan
16  10  4  2.73904  -13.0333  nan
For row 16 and col 11, pedestal is 208.593
16  11  1  4.03975  -11.1642  nan
16  11  2  3.15867  -7.12756  nan
16  11  3  3.89431  -5.20739  nan
16  11  4  3.94825  -5.15972  nan
For row 17 and col 0, pedestal is 193.228
17  0  1  2.79645  -14.1245  nan
17  0  2  2.64153  -12.9934  nan
17  0  3  2.93121  -13.34  nan
17  0  4  2.76497  -13.4159  nan
For row 17 and col 1, pedestal is 201.469
17  1  1  2.40022  -16.4931  nan
17  1  2  2.99707  -16.6332  nan
17  1  3  2.59239  -16.7115  nan
17  1  4  2.43658  -16.1413  nan
For row 17 and col 2, pedestal is 200.727
17  2  1  2.70153  -14.9502  nan
17  2  2  2.79591  -15.3492  nan
17  2  3  2.69084  -14.1288  nan
17  2  4  2.6625  -14.5506  nan
For row 17 and col 3, pedestal is 226.888
17  3  1  2.8322  -15.3414  nan
17  3  2  2.62014  -14.3951  nan
17  3  3  2.69834  -15.5189  nan
17  3  4  2.50943  -14.9839  nan
For row 17 and col 4, pedestal is 211.717
17  4  1  4.71551  -11.7244  nan
17  4  2  4.79884  -12.1724  nan
17  4  3  5.31444  -7.86985  nan
17  4  4  4.48031  -9.13832  nan
For row 17 and col 5, pedestal is 176.425
17  5  1  3.50045  -12.2758  nan
17  5  2  4.25589  -12.0887  nan
17  5  3  3.43493  -13.408  nan
17  5  4  3.24449  -13.2128  nan
For row 17 and col 6, pedestal is 221.157
17  6  1  4.28403  -8.61059  nan
17  6  2  5.36169  -9.95336  nan
17  6  3  4.40105  -7.55518  nan
17  6  4  3.29137  -8.12546  nan
For row 17 and col 7, pedestal is 232.182
17  7  1  5.41687  -18.8457  nan
17  7  2  6.68208  -11.3506  nan
17  7  3  6.13896  -6.54813  nan
17  7  4  4.94734  -10.748  nan
For row 17 and col 8, pedestal is 215.973
17  8  1  3.52087  -10.89  nan
17  8  2  3.28309  -10.5976  nan
17  8  3  3.58415  -9.30498  nan
17  8  4  3.28386  -10.4349  nan
For row 17 and col 9, pedestal is 217.947
17  9  1  4.06681  -19.9009  nan
17  9  2  3.84906  -18.9815  nan
17  9  3  4.21423  -19.9263  nan
17  9  4  3.60919  -18.7544  nan
For row 17 and col 10, pedestal is 206.417
17  10  1  2.71771  -12.8496  nan
17  10  2  3.35181  -12.963  nan
17  10  3  2.72303  -12.3888  nan
17  10  4  2.63404  -13.3296  nan
For row 17 and col 11, pedestal is 244.443
17  11  1  4.48618  -9.89934  nan
17  11  2  7.71172  -5.31743  nan
17  11  3  5.07802  -9.05014  nan
17  11  4  4.30694  -10.6325  nan
For row 18 and col 0, pedestal is 211.113
18  0  1  2.44177  -14.9293  nan
18  0  2  2.49793  -15.3808  nan
18  0  3  2.44107  -14.6067  nan
18  0  4  2.23148  -15.4569  nan
For row 18 and col 1, pedestal is 217.039
18  1  1  2.59372  -13.6095  nan
18  1  2  2.51954  -12.8263  nan
18  1  3  2.47285  -12.4186  nan
18  1  4  2.44909  -14.1232  nan
For row 18 and col 2, pedestal is 210.807
18  2  1  3.10193  -13.2943  nan
18  2  2  3.17267  -15.4433  nan
18  2  3  3.42732  -13.509  nan
18  2  4  3.1471  -13.5654  nan
For row 18 and col 3, pedestal is 241.917
18  3  1  2.7795  -15.6016  nan
18  3  2  2.74402  -14.4214  nan
18  3  3  2.85684  -16.2233  nan
18  3  4  2.63866  -14.8883  nan
For row 18 and col 4, pedestal is 195.99
18  4  1  4.03029  -12.24  nan
18  4  2  4.06406  -12.473  nan
18  4  3  4.77904  -10.1434  nan
18  4  4  3.97783  -13.4494  nan
For row 18 and col 5, pedestal is 189.808
18  5  1  4.81592  -12.2735  nan
18  5  2  4.72537  -11.5837  nan
18  5  3  5.74481  -9.87427  nan
18  5  4  4.67296  -10.5357  nan
For row 18 and col 6, pedestal is 209.808
18  6  1  4.75462  -12.7413  nan
18  6  2  4.06354  -12.9891  nan
18  6  3  4.14142  -7.6423  nan
18  6  4  3.46765  -11.5783  nan
For row 18 and col 7, pedestal is 231.237
18  7  1  4.00642  -12.3941  nan
18  7  2  4.83492  -10.6993  nan
18  7  3  4.82745  -12.9899  nan
18  7  4  3.56971  -13.8279  nan
For row 18 and col 8, pedestal is 240.432
18  8  1  3.1398  -13.6458  nan
18  8  2  3.28912  -13.1226  nan
18  8  3  3.22802  -11.7844  nan
18  8  4  3.01595  -11.183  nan
For row 18 and col 9, pedestal is 232.511
18  9  1  2.95888  -11.6495  nan
18  9  2  3.0051  -10.8327  nan
18  9  3  3.21963  -10.3313  nan
18  9  4  2.87573  -11.3857  nan
For row 18 and col 10, pedestal is 217.881
18  10  1  2.86216  -14.4584  nan
18  10  2  2.83725  -12.3862  nan
18  10  3  2.79252  -12.5066  nan
18  10  4  2.60309  -13.3963  nan
For row 18 and col 11, pedestal is 183.778
18  11  1  3.28929  -13.5294  nan
18  11  2  3.90332  -13.9475  nan
18  11  3  3.37563  -12.4672  nan
18  11  4  3.45222  -13.2695  nan
For row 19 and col 0, pedestal is 190.65
19  0  1  2.78591  -17.2254  nan
19  0  2  2.40866  -15.509  nan
19  0  3  2.90741  -16.6372  nan
19  0  4  2.76212  -15.7018  nan
For row 19 and col 1, pedestal is 221.107
19  1  1  2.44028  -15.5203  nan
19  1  2  2.36311  -16.1676  nan
19  1  3  2.39013  -15.1911  nan
19  1  4  2.19984  -15.3576  nan
For row 19 and col 2, pedestal is 251.358
19  2  1  2.30317  -13.8618  nan
19  2  2  2.54899  -13.2631  nan
19  2  3  2.40749  -13.0878  nan
19  2  4  2.25331  -13.6313  nan
For row 19 and col 3, pedestal is 232.525
19  3  1  2.53854  -15.0141  nan
19  3  2  2.6012  -15.3989  nan
19  3  3  2.63252  -15.9013  nan
19  3  4  2.24924  -15.2238  nan
For row 19 and col 4, pedestal is 204.718
19  4  1  4.14427  -13.4993  nan
19  4  2  4.85784  -16.9145  nan
19  4  3  4.11893  -17.712  nan
19  4  4  4.08905  -15.6033  nan
For row 19 and col 5, pedestal is 219.48
19  5  1  2.94357  -16.7919  nan
19  5  2  3.37817  -17.157  nan
19  5  3  2.91859  -15.8708  nan
19  5  4  2.48268  -16.6852  nan
For row 19 and col 6, pedestal is 220.296
19  6  1  2.79273  -10.1492  nan
19  6  2  3.82761  -12.2599  nan
19  6  3  2.81829  -10.4385  nan
19  6  4  2.58951  -10.2584  nan
For row 19 and col 7, pedestal is 238.297
19  7  1  4.26574  -17.2818  nan
19  7  2  4.43958  -15.0441  nan
19  7  3  6.11137  -14.3059  nan
19  7  4  4.2419  -12.6033  nan
For row 19 and col 8, pedestal is 208.992
19  8  1  2.1886  -15.4535  nan
19  8  2  2.33929  -15.1587  nan
19  8  3  2.35376  -14.6009  nan
19  8  4  2.26145  -12.8631  nan
For row 19 and col 9, pedestal is 184.151
19  9  1  2.27846  -13.4761  nan
19  9  2  2.11713  -15.2955  nan
19  9  3  2.29744  -13.726  nan
19  9  4  2.13514  -13.9975  nan
For row 19 and col 10, pedestal is 200.882
19  10  1  2.3566  -16.2326  nan
19  10  2  2.4768  -16.6222  nan
19  10  3  2.34553  -16.0385  nan
19  10  4  2.49042  -15.7928  nan
For row 19 and col 11, pedestal is 195.915
19  11  1  2.43235  -13.8957  nan
19  11  2  2.80561  -12.4976  nan
19  11  3  2.69534  -14.2363  nan
19  11  4  2.36295  -14.0922  nan
For row 20 and col 0, pedestal is 238.585
20  0  1  2.49119  -13.9785  nan
20  0  2  2.69786  -12.7979  nan
20  0  3  2.60703  -12.9887  nan
20  0  4  2.45794  -12.7536  nan
For row 20 and col 1, pedestal is 233.829
20  1  1  2.43999  -13.6343  nan
20  1  2  2.69956  -15.0406  nan
20  1  3  2.51116  -14.1619  nan
20  1  4  2.31475  -13.702  nan
For row 20 and col 2, pedestal is 210.591
20  2  1  2.78518  -13.8401  nan
20  2  2  2.87451  -15.2054  nan
20  2  3  3.03518  -14.6246  nan
20  2  4  2.68842  -14.0241  nan
For row 20 and col 3, pedestal is 214.347
20  3  1  3.23258  -14.0714  nan
20  3  2  2.9061  -14.1748  nan
20  3  3  3.57449  -13.7925  nan
20  3  4  2.85007  -12.9692  nan
For row 20 and col 4, pedestal is 169.927
20  4  1  5.31029  -4.35065  nan
20  4  2  6.20066  -6.23322  nan
20  4  3  5.04972  -2.35318  nan
20  4  4  3.66264  -7.12213  nan
For row 20 and col 5, pedestal is 186.265
20  5  1  4.73142  -6.74605  nan
20  5  2  4.47622  -5.94147  nan
20  5  3  4.79511  -7.62111  nan
20  5  4  4.1906  -10.3396  nan
For row 20 and col 6, pedestal is 220.467
20  6  1  4.59565  -7.3252  nan
20  6  2  6.00089  -7.30247  nan
20  6  3  4.96525  2.81106  nan
20  6  4  4.07936  -0.833363  nan
For row 20 and col 7, pedestal is 193.738
20  7  1  5.12846  -10.0181  nan
20  7  2  4.55644  -8.09984  nan
20  7  3  5.47473  -6.42315  nan
20  7  4  4.88389  -7.60113  nan
For row 20 and col 8, pedestal is 212.272
20  8  1  2.48772  -10.7273  nan
20  8  2  2.60934  -10.4296  nan
20  8  3  2.56133  -9.92706  nan
20  8  4  2.4166  -11.2161  nan
For row 20 and col 9, pedestal is 209.686
20  9  1  2.74809  -11.9578  nan
20  9  2  2.58848  -12.4038  nan
20  9  3  2.81979  -11.8793  nan
20  9  4  2.73372  -12.0697  nan
For row 20 and col 10, pedestal is 222.978
20  10  1  2.69598  -10.5614  nan
20  10  2  2.62128  -10.652  nan
20  10  3  2.81263  -12.503  nan
20  10  4  2.48501  -11.7214  nan
For row 20 and col 11, pedestal is 208.561
20  11  1  2.82642  -11.8318  nan
20  11  2  2.7993  -11.0446  nan
20  11  3  2.96797  -10.0686  nan
20  11  4  2.8226  -11.8697  nan
For row 21 and col 0, pedestal is 220.611
21  0  1  2.55152  -16.043  nan
21  0  2  2.60037  -15.1786  nan
21  0  3  2.55891  -16.4592  nan
21  0  4  2.38174  -16.9103  nan
For row 21 and col 1, pedestal is 293.267
21  1  1  2.81871  -15.8831  nan
21  1  2  3.07172  -15.9096  nan
21  1  3  3.32298  -15.3798  nan
21  1  4  2.60269  -15.6054  nan
For row 21 and col 2, pedestal is 214.488
21  2  1  3.0791  -14.3967  nan
21  2  2  3.05383  -12.6305  nan
21  2  3  2.97459  -12.6344  nan
21  2  4  2.71044  -13.8917  nan
For row 21 and col 3, pedestal is 255.362
21  3  1  3.42808  -13.7148  nan
21  3  2  2.83252  -15.1172  nan
21  3  3  3.22262  -14.4163  nan
21  3  4  2.79912  -15.2016  nan
For row 21 and col 4, pedestal is 205.775
21  4  1  6.9375  -11.7396  nan
21  4  2  7.01338  -8.86341  nan
21  4  3  7.2095  -8.63961  nan
21  4  4  5.55031  -10.2794  nan
For row 21 and col 5, pedestal is 187.874
21  5  1  4.61101  -11.7491  nan
21  5  2  4.25567  -11.8646  nan
21  5  3  5.22266  -11.4462  nan
21  5  4  4.35436  -15.318  nan
For row 21 and col 6, pedestal is 240.053
21  6  1  5.27415  -12.0268  nan
21  6  2  4.96356  -13.316  nan
21  6  3  4.48507  -10.9642  nan
21  6  4  3.507  -12.5553  nan
For row 21 and col 7, pedestal is 247.595
21  7  1  3.94278  -10.6284  nan
21  7  2  4.91567  -8.20688  nan
21  7  3  4.42138  -6.20003  nan
21  7  4  4.00934  -5.43395  nan
For row 21 and col 8, pedestal is 239.758
21  8  1  3.5314  -11.3954  nan
21  8  2  3.28278  -10.7978  nan
21  8  3  3.24429  -9.90775  nan
21  8  4  3.0821  -10.4173  nan
For row 21 and col 9, pedestal is 248.502
21  9  1  3.13197  -13.9646  nan
21  9  2  3.12787  -15.561  nan
21  9  3  3.05453  -14.4001  nan
21  9  4  2.75217  -15.5338  nan
For row 21 and col 10, pedestal is 234.196
21  10  1  3.04684  -12.8293  nan
21  10  2  2.90856  -13.2653  nan
21  10  3  2.98267  -12.1529  nan
21  10  4  2.98765  -14.3604  nan
For row 21 and col 11, pedestal is 219.571
21  11  1  2.74611  -10.6613  nan
21  11  2  2.89479  -9.26523  nan
21  11  3  3.30035  -8.5008  nan
21  11  4  2.7564  -7.62076  nan
For row 22 and col 0, pedestal is 267.159
22  0  1  3.39579  -13.1473  nan
22  0  2  3.08928  -14.332  nan
22  0  3  3.63324  -13.1342  nan
22  0  4  3.06703  -12.3991  nan
For row 22 and col 1, pedestal is 224.539
22  1  1  3.41706  -13.5726  nan
22  1  2  4.88855  -9.55069  215.356
22  1  3  3.89498  -11.4947  nan
22  1  4  3.21077  -13.3149  nan
For row 22 and col 2, pedestal is 246.031
22  2  1  3.23364  -17.3088  nan
22  2  2  2.90089  -17.3564  nan
22  2  3  3.2237  -17.5099  nan
22  2  4  3.01786  -17.2463  nan
For row 22 and col 3, pedestal is 254.344
22  3  1  2.85354  -16.4204  nan
22  3  2  3.28711  -16.7182  nan
22  3  3  3.33939  -18.6279  nan
22  3  4  2.89048  -17.405  nan
For row 22 and col 4, pedestal is 218.029
22  4  1  5.22942  -19.6324  nan
22  4  2  6.70415  -17.3833  nan
22  4  3  5.31223  -20.8681  nan
22  4  4  4.31284  -20.3833  nan
For row 22 and col 5, pedestal is 231.391
22  5  1  5.59325  -16.4489  nan
22  5  2  5.13447  -12.8636  nan
22  5  3  5.82103  -15.7458  nan
22  5  4  4.12612  -15.2959  nan
For row 22 and col 6, pedestal is 250.796
22  6  1  3.78599  -14.478  nan
22  6  2  6.16745  -12.2325  nan
22  6  3  3.72324  -13.8536  nan
22  6  4  3.29655  -13.5113  nan
For row 22 and col 7, pedestal is 246.199
22  7  1  5.48181  -13.2823  nan
22  7  2  7.19571  -12.3704  nan
22  7  3  5.68127  -12.4992  nan
22  7  4  6.38978  -14.2719  nan
For row 22 and col 8, pedestal is 236.939
22  8  1  3.02779  -14.0817  nan
22  8  2  2.88952  -12.0994  nan
22  8  3  3.16962  -11.6426  nan
22  8  4  2.96967  -11.8599  nan
For row 22 and col 9, pedestal is 207.676
22  9  1  2.9263  -10.4469  nan
22  9  2  3.00169  -11.3164  nan
22  9  3  2.90819  -8.87731  nan
22  9  4  2.74752  -10.5914  nan
For row 22 and col 10, pedestal is 229.949
22  10  1  3.22318  -14.7054  nan
22  10  2  3.46045  -15.8667  nan
22  10  3  3.09627  -16.3987  nan
22  10  4  2.97457  -16.8494  nan
For row 22 and col 11, pedestal is 223.344
22  11  1  2.75679  -12.7971  nan
22  11  2  2.93316  -15.0256  nan
22  11  3  2.69074  -16.7383  nan
22  11  4  2.69323  -17.8184  nan
For row 23 and col 0, pedestal is 230.261
23  0  1  3.28593  -15.5197  nan
23  0  2  2.79136  -15.3107  nan
23  0  3  3.76732  -18.9707  nan
23  0  4  3.03663  -17.6848  nan
For row 23 and col 1, pedestal is 201.701
23  1  1  2.47497  -16.5053  nan
23  1  2  2.49455  -18.7109  nan
23  1  3  2.52607  -16.1606  nan
23  1  4  2.19406  -17.6382  nan
For row 23 and col 2, pedestal is 226.805
23  2  1  2.64964  -13.661  nan
23  2  2  3.00209  -13.275  nan
23  2  3  3.05653  -14.979  nan
23  2  4  2.77305  -13.7118  nan
For row 23 and col 3, pedestal is 238.965
23  3  1  2.21628  -17.1302  nan
23  3  2  2.30922  -14.0429  nan
23  3  3  2.27762  -14.5775  nan
23  3  4  2.14272  -14.1774  nan
For row 23 and col 4, pedestal is 231.779
23  4  1  4.72483  -14.9337  nan
23  4  2  4.98923  -12.935  nan
23  4  3  5.88065  -15.5164  nan
23  4  4  4.25213  -12.6916  nan
For row 23 and col 5, pedestal is 232.895
23  5  1  2.8731  -15.6436  nan
23  5  2  2.86191  -12.8141  nan
23  5  3  3.09216  -16.0673  nan
23  5  4  2.89484  -16.2343  nan
For row 23 and col 6, pedestal is 223.793
23  6  1  5.76749  -14.1488  nan
23  6  2  10.4507  -11.118  229.098
23  6  3  6.36965  -15.8473  nan
23  6  4  5.45004  -15.788  nan
For row 23 and col 7, pedestal is 189.738
23  7  1  4.96689  -14.2879  nan
23  7  2  5.25328  -15.6  nan
23  7  3  5.82234  -15.8778  nan
23  7  4  5.24972  -15.5194  nan
For row 23 and col 8, pedestal is 214.748
23  8  1  2.63841  -15.1058  nan
23  8  2  3.08544  -15.0605  nan
23  8  3  2.80956  -15.5138  nan
23  8  4  2.56888  -15.172  nan
For row 23 and col 9, pedestal is 194.828
23  9  1  2.95438  -17.1826  nan
23  9  2  2.90503  -14.6279  nan
23  9  3  2.74729  -17.3218  nan
23  9  4  2.57119  -15.6109  nan
For row 23 and col 10, pedestal is 197.531
23  10  1  2.40414  -11.403  nan
23  10  2  2.38405  -9.44815  nan
23  10  3  2.53744  -8.50719  nan
23  10  4  2.39756  -8.39723  nan
For row 23 and col 11, pedestal is 249.352
23  11  1  2.90646  -14.1318  nan
23  11  2  3.54844  -12.2461  nan
23  11  3  2.98058  -12.0009  nan
23  11  4  2.56106  -13.3666  nan
