#All information for run 1688.
#Row Col LED <Max> <Int> NPE
For row 0 and col 0, pedestal is 222.197
0  0  1  183.991  1052.55  63.2305
0  0  2  454.35  2780.55  152.017
0  0  3  890.773  5750.92  269.101
0  0  4  1340.01  9109.64  388.462
For row 0 and col 1, pedestal is 216.008
0  1  1  139.888  766.751  40.5878
0  1  2  204.373  1224.2  59.1367
0  1  3  623.065  3899.87  158.265
0  1  4  1812.61  11958.8  383.65
For row 0 and col 2, pedestal is 216.304
0  2  1  146.165  827.957  58.3804
0  2  2  409.405  2494.53  150.752
0  2  3  487.977  3146.56  177.709
0  2  4  1461.01  9849.96  459.869
For row 0 and col 3, pedestal is 209.595
0  3  1  154.758  963.442  67.8371
0  3  2  6.00508  -9.89707  nan
0  3  3  988.869  6658.07  350.079
0  3  4  2081.5  14246.1  597.854
For row 0 and col 4, pedestal is 219.807
0  4  1  54.1886  287.032  62.7003
0  4  2  18.2326  3.78336  191.543
0  4  3  355.961  2490.91  302.219
0  4  4  888.385  6347.86  591.449
For row 0 and col 5, pedestal is 218.191
0  5  1  63.9738  421.276  62.3796
0  5  2  14.7071  0.426499  1995.46
0  5  3  377.062  2651.87  290.914
0  5  4  862.986  6191.4  589.938
For row 0 and col 6, pedestal is 217.248
0  6  1  107.915  840.225  92.6529
0  6  2  186.545  1446.75  140.475
0  6  3  342.662  2152.06  228.823
0  6  4  840.122  7392.36  560.901
For row 0 and col 7, pedestal is 187.536
0  7  1  109.991  874.684  136.969
0  7  2  187.473  1562.78  183.295
0  7  3  455.724  2999.44  346.092
0  7  4  1187.29  10757.1  804.275
For row 0 and col 8, pedestal is 190.048
0  8  1  241.809  1808.41  150.043
0  8  2  364.582  2865.35  180.524
0  8  3  948.637  5794.27  372.848
0  8  4  2272.25  18773.4  720.103
For row 0 and col 9, pedestal is 209.362
0  9  1  354.279  2197.3  87.6762
0  9  2  831.862  5562.4  189.504
0  9  3  1448.4  10339.6  294.253
0  9  4  2605.33  18187.3  379.072
For row 0 and col 10, pedestal is 218.516
0  10  1  298.78  1889.14  82.9265
0  10  2  556.456  3761.86  152.522
0  10  3  1342.15  9612.17  306.541
0  10  4  2079.13  14459.6  431.217
For row 0 and col 11, pedestal is 198.853
0  11  1  180.208  1133.38  93.0413
0  11  2  431.25  2874.2  199.85
0  11  3  724.651  5184.03  303.02
0  11  4  993.7  6995.48  381.408
For row 1 and col 0, pedestal is 237.1
1  0  1  336.235  2004.95  75.4106
1  0  2  546.272  3578.42  120.365
1  0  3  1175.43  8099.99  237.261
1  0  4  1979.73  14424.6  374.772
For row 1 and col 1, pedestal is 221.44
1  1  1  132.83  772.788  61.9262
1  1  2  274.448  1727.78  114.534
1  1  3  546.555  3664.72  198.403
1  1  4  1425  10063.6  414.381
For row 1 and col 2, pedestal is 222.793
1  2  1  320.887  1781.91  70.981
1  2  2  700.09  4201.69  142.155
1  2  3  1456.78  9242.27  224.685
1  2  4  3057.07  20062.2  244.366
For row 1 and col 3, pedestal is 223.6
1  3  1  210.285  1279.17  61.1778
1  3  2  6.4443  -16.8302  nan
1  3  3  1144.6  7519.97  264.351
1  3  4  3129.05  20622.1  339.71
For row 1 and col 4, pedestal is 207.874
1  4  1  33.6689  234.93  60.0187
1  4  2  19.7757  1.84845  nan
1  4  3  213.623  1609.53  264.162
1  4  4  590.982  4276.76  577.393
For row 1 and col 5, pedestal is 207.579
1  5  1  84.2473  540.182  84.0371
1  5  2  14.7826  -0.0568469  517.477
1  5  3  534.739  3708.27  350.647
1  5  4  1238.6  8718.39  634.91
For row 1 and col 6, pedestal is 217.338
1  6  1  159.413  1455.15  113.429
1  6  2  340.807  2927.31  179.492
1  6  3  615.087  4213.99  276.001
1  6  4  2191.74  21060.4  854.918
For row 1 and col 7, pedestal is 198.37
1  7  1  152.406  1163.87  125.919
1  7  2  240.385  1890.71  153.856
1  7  3  534.423  3262.25  277.894
1  7  4  1674.31  14050.6  797.678
For row 1 and col 8, pedestal is 229.635
1  8  1  979.225  7255.84  152.24
1  8  2  1286.91  9900.12  181.281
1  8  3  3665.1  22781.8  530.672
For row 1 and col 9, pedestal is 203.783
1  9  1  366.279  2320.77  155.156
1  9  2  42.4493  280.768  22.0824
1  9  3  1086.7  7871.32  392.422
1  9  4  1886.57  13408.6  563.126
For row 1 and col 10, pedestal is 218.427
1  10  1  148.788  901.878  81.8178
1  10  2  327.261  2157.98  165.029
1  10  3  649.756  4653.52  299.322
1  10  4  56.9624  360.994  34.4597
For row 1 and col 11, pedestal is 224.308
1  11  1  104.45  630.041  82.0665
1  11  2  304.683  2024.85  205.327
1  11  3  458.355  3270.21  295.422
1  11  4  903.138  6381.61  483.464
For row 2 and col 0, pedestal is 184.57
2  0  1  199.684  1112.77  56.1592
2  0  2  406.671  2452.48  103.177
2  0  3  856.145  5414.34  176.77
2  0  4  1959.26  12942.7  353.248
For row 2 and col 1, pedestal is 208.25
2  1  1  101.247  573.38  71.5099
2  1  2  125.355  765.653  87.045
2  1  3  347.027  2237.74  188.493
2  1  4  1031.35  6957.94  494.015
For row 2 and col 2, pedestal is 201.706
2  2  1  252.831  1455.4  74.0961
2  2  2  304.897  1886.14  88.4219
2  2  3  1141.86  7501.35  286.782
2  2  4  2762.7  18813  440.437
For row 2 and col 3, pedestal is 220.737
2  3  1  165.593  1013.41  72.5404
2  3  2  4.06215  -17.0823  nan
2  3  3  995.186  6733.85  287.327
2  3  4  2092.49  14429.9  477.226
For row 2 and col 4, pedestal is 227.751
2  4  1  40.0443  281.74  55.0476
2  4  2  18.4664  32.9206  nan
2  4  3  239.226  1727.91  267.584
2  4  4  688.793  4908.5  568.907
For row 2 and col 5, pedestal is 208.329
2  5  1  84.6962  593.767  64.2992
2  5  2  17.7856  -10.208  nan
2  5  3  540.805  3830.86  318.536
2  5  4  1271.63  9012.25  588.96
For row 2 and col 6, pedestal is 233.197
2  6  1  110.662  867.416  108.621
2  6  2  199.105  1722.25  188.007
2  6  3  313.144  2183.89  275.215
2  6  4  1327.11  12470.2  927.715
For row 2 and col 7, pedestal is 212.156
2  7  1  90.195  753.896  129.428
2  7  2  172.199  1453.46  183.27
2  7  3  420.374  2789.89  367.608
2  7  4  943.485  8616.35  765.069
For row 2 and col 8, pedestal is 228.389
2  8  1  367.327  2851.12  184.702
2  8  2  578.6  4722.97  273.195
2  8  3  1268.54  8170.73  422.648
2  8  4  3647.37  30944.2  738.457
For row 2 and col 9, pedestal is 198.645
2  9  1  12.2178  65.2524  17.4787
2  9  2  930.302  6458.01  267.998
2  9  3  1017.71  7555.26  312.058
2  9  4  1959.2  14283  491.205
For row 2 and col 10, pedestal is 204.35
2  10  1  183.352  1133.13  103.09
2  10  2  382.349  2580  205.324
2  10  3  817.8  5907.08  410.273
2  10  4  1286.06  9193.88  532.249
For row 2 and col 11, pedestal is 189.502
2  11  1  291.812  1820.78  103.248
2  11  2  446.206  3010.21  150.64
2  11  3  1127.27  8129.83  340.313
2  11  4  2019.35  14326.7  521.271
For row 3 and col 0, pedestal is 166.615
3  0  1  147.85  823.578  73.8578
3  0  2  23.5047  128.146  19.2247
3  0  3  568.67  3640.19  259.24
3  0  4  1495.99  10135.7  586.36
For row 3 and col 1, pedestal is 226.179
3  1  1  138.819  745.364  49.7233
3  1  2  320.999  1870.1  110.699
3  1  3  664.11  4103.33  199.74
3  1  4  1153.16  7489.72  328.618
For row 3 and col 2, pedestal is 206.72
3  2  1  269.139  1524.51  81.8318
3  2  2  538.723  3241.28  155.576
3  2  3  1226.47  7782.94  289.656
3  2  4  2347.63  15570.1  412.696
For row 3 and col 3, pedestal is 189.18
3  3  1  125.06  775.767  52.521
3  3  2  5.97657  -6.4661  nan
3  3  3  758.895  5073.66  264.799
3  3  4  1780.71  12127.4  457.492
For row 3 and col 4, pedestal is 218.238
3  4  1  98.9409  590.485  46.357
3  4  2  8.51121  5.56965  nan
3  4  3  13.4651  85.7287  26.8284
3  4  4  1350.24  8714.74  446.746
For row 3 and col 5, pedestal is 190.832
3  5  1  160.964  943.853  68.2454
3  5  2  9.68431  4.66263  nan
3  5  3  984.478  6249.9  332.926
3  5  4  2271.78  14578.3  522.427
For row 3 and col 6, pedestal is 229.75
3  6  1  104.322  691.956  73.8797
3  6  2  364.338  2629.15  224.52
3  6  3  467.242  2611.39  244.922
3  6  4  1583.5  12578.9  758.217
For row 3 and col 7, pedestal is 198.886
3  7  1  85.6526  686.688  91.7855
3  7  2  156.596  1275.45  151.149
3  7  3  381.737  2499.36  274.123
3  7  4  1154.59  10251.3  806.73
For row 3 and col 8, pedestal is 239.844
3  8  1  506.235  3826.19  172.033
3  8  2  700.973  5529.74  205.237
3  8  3  1339.22  8200.9  297.79
For row 3 and col 9, pedestal is 221.035
3  9  1  297.123  1834.98  104.239
3  9  2  590.05  3953.68  184.688
3  9  3  1174.57  8411.87  312.096
3  9  4  2212.81  15571.8  405.315
For row 3 and col 10, pedestal is 217.667
3  10  1  187.178  1167.22  98.4792
3  10  2  456.684  3037.16  208.429
3  10  3  899.391  6367.6  357.486
3  10  4  1549.69  10768.1  520.482
For row 3 and col 11, pedestal is 197.608
3  11  1  294.4  1778.67  92.8446
3  11  2  632.008  4158.39  193.763
3  11  3  1225.6  8638.3  323.797
3  11  4  2056.74  14311.9  462.104
For row 4 and col 0, pedestal is 214.464
4  0  1  145.749  852.941  53.8952
4  0  2  232.198  1469.05  78.1359
4  0  3  607.537  4046.11  195.883
4  0  4  1512.72  10687.3  420.6
For row 4 and col 1, pedestal is 190.051
4  1  1  120.044  681.507  58.859
4  1  2  300.378  1883.92  140.144
4  1  3  520.107  3436.19  211.869
4  1  4  1217.25  8558.06  396.117
For row 4 and col 2, pedestal is 187.975
4  2  1  47.2023  267.28  47.2642
4  2  2  155.224  987.732  143.261
4  2  3  239.34  1629.53  211.106
4  2  4  637.048  4509.73  467.645
For row 4 and col 3, pedestal is 205.158
4  3  1  126.493  801.445  65.9458
4  3  2  5.79567  -21.6712  nan
4  3  3  740.146  5137.86  300.825
4  3  4  1751.56  12431.3  585.593
For row 4 and col 4, pedestal is 176.414
4  4  1  138.886  840.589  69.7476
4  4  2  17.8873  0.193006  729.277
4  4  3  689.201  4440.99  286.046
4  4  4  2073.99  13613.2  602.86
For row 4 and col 5, pedestal is 195.071
4  5  1  107.328  665.577  59.7725
4  5  2  11.096  -5.89079  nan
4  5  3  659.485  4267.6  315.043
4  5  4  1726.74  11348  618.817
For row 4 and col 6, pedestal is 236.051
4  6  1  113.668  868.835  105.231
4  6  2  242.119  1994.71  208.909
4  6  3  451.229  3024.79  299.818
4  6  4  846.483  7973.56  628.439
For row 4 and col 7, pedestal is 206.325
4  7  1  130.299  1012.99  113.882
4  7  2  210.333  1780.28  188.514
4  7  3  352.216  2443.03  215.995
4  7  4  1088.94  10357  659.642
For row 4 and col 8, pedestal is 242.492
4  8  1  352.788  2760.25  139.788
4  8  2  572.485  4654.71  196.568
4  8  3  1095.56  6818.26  288.662
4  8  4  3203.92  27301.7  494.696
For row 4 and col 9, pedestal is 210.795
4  9  1  175.731  1118.82  102.293
4  9  2  348.777  2394.97  175.801
4  9  3  719.387  5314.86  304.077
4  9  4  1372.29  9989.3  523.309
For row 4 and col 10, pedestal is 235.551
4  10  1  197.084  1234.72  82.6911
4  10  2  529.161  3592.08  211.157
4  10  3  741.34  5349.33  282.358
4  10  4  1860.57  13179.3  564.632
For row 4 and col 11, pedestal is 202.593
4  11  1  86.6181  533.017  78.8779
4  11  2  205.48  1366.2  159.633
4  11  3  381.4  2765.14  268.735
4  11  4  782.068  5581.53  439.067
For row 5 and col 0, pedestal is 232.005
5  0  1  76.2315  415.421  31.2265
5  0  2  239.361  1417.63  93.316
5  0  3  424.95  2679.02  154.702
5  0  4  1016.63  6719.89  332.22
For row 5 and col 1, pedestal is 200.351
5  1  1  213.021  1187.94  63.4242
5  1  2  418.292  2505.59  118.222
5  1  3  912.497  5847.82  240.53
5  1  4  1711.34  11434.8  417.019
For row 5 and col 2, pedestal is 215.828
5  2  1  112.359  625.258  76.829
5  2  2  219.089  1343.95  151.906
5  2  3  378.473  2423.08  246.693
5  2  4  343.115  2292.59  236.432
For row 5 and col 3, pedestal is 204.196
5  3  1  151.483  922.677  73.698
5  3  2  4.79721  -5.93981  nan
5  3  3  789.21  5185.84  317.782
5  3  4  2258.95  15240.7  637.896
For row 5 and col 4, pedestal is 226.323
5  4  1  55.3705  377.958  70.0377
5  4  2  12.9507  -4.51737  nan
5  4  3  288.999  2123.49  286.933
5  4  4  815.682  5945.08  655.618
For row 5 and col 5, pedestal is 181.323
5  5  1  99.347  652.147  60.5268
5  5  2  10.9504  -7.97805  nan
5  5  3  506.342  3564.18  269.117
5  5  4  1504.3  10618.9  559.523
For row 5 and col 6, pedestal is 218.661
5  6  1  248.562  1765.02  128.816
5  6  2  495.186  3654.72  225.214
5  6  3  1188.1  6780.31  395.843
5  6  4  1437.56  11625.8  606.439
For row 5 and col 7, pedestal is 236.768
5  7  1  87.8325  694.31  135.779
5  7  2  150.916  1233  199.389
5  7  3  263.889  1706.13  260.721
5  7  4  915.984  8088.03  775.071
For row 5 and col 8, pedestal is 189.219
5  8  1  1.95584  -16.8653  nan
5  8  2  2.04177  -16.2567  nan
5  8  3  2.01431  -16.9687  nan
5  8  4  2.06796  -16.56  nan
For row 5 and col 9, pedestal is 211.123
5  9  1  252.791  1549.11  76.9069
5  9  2  519.543  3460.05  153.905
5  9  3  1301.11  9218.48  332.584
5  9  4  2246.41  15614.5  487.415
For row 5 and col 10, pedestal is 189.174
5  10  1  234.203  1424.75  93.858
5  10  2  507.062  3399.69  191.221
5  10  3  744.78  5356.49  274.205
5  10  4  1680.31  11937.2  517.091
For row 5 and col 11, pedestal is 213.723
5  11  1  228.465  1376.39  72.6587
5  11  2  511.17  3367.98  152.558
5  11  3  969.976  6851.51  259.775
5  11  4  1824.5  12705.7  417.631
For row 6 and col 0, pedestal is 208.731
6  0  1  124.287  858.093  93.3502
6  0  2  222.705  1621.85  162.586
6  0  3  383.24  2327.31  249.536
6  0  4  1416.8  9516.08  740.778
For row 6 and col 1, pedestal is 209.978
6  1  1  203.736  1383.91  95.3517
6  1  2  434.334  3091.53  186.599
6  1  3  761.146  4494  267.87
6  1  4  1865.28  12186.2  481.796
For row 6 and col 2, pedestal is 221.346
6  2  1  337.528  2319.74  92.3701
6  2  2  618.287  4433.44  164.767
6  2  3  1206.83  7234.66  280.896
6  2  4  2812.31  18622.4  531.614
For row 6 and col 3, pedestal is 208.006
6  3  1  208.674  1108.14  98.5691
6  3  2  466.042  2700.61  200.041
6  3  3  989.046  6070.7  376.183
6  3  4  1418.14  8819.93  523.23
For row 6 and col 4, pedestal is 184.864
6  4  1  83.357  428.199  87.1481
6  4  2  234.555  1386.93  214.381
6  4  3  425.318  2666.45  346.746
6  4  4  823.532  5321.19  610.027
For row 6 and col 5, pedestal is 192.496
6  5  1  87.8425  305.223  90.829
6  5  2  177.999  689.729  189.035
6  5  3  249.975  1030.44  270.967
6  5  4  369.653  1503.06  442.444
For row 6 and col 6, pedestal is 210.54
6  6  1  86.2407  743.542  106.384
6  6  2  195.997  1589.78  188.416
6  6  3  492.727  3343.89  367.815
6  6  4  1172.47  8755.53  756.216
For row 6 and col 7, pedestal is 214.41
6  7  1  56.1872  527.387  128.85
6  7  2  88.1991  762.719  151.192
6  7  3  331.521  2370.37  413.766
6  7  4  727.286  5497.82  794.58
For row 6 and col 8, pedestal is 228.337
6  8  1  261.334  1897.96  69.1614
6  8  2  550.837  4115.48  130.163
6  8  3  1317.38  8062.64  261.704
6  8  4  2554.76  17352.1  392.931
For row 6 and col 9, pedestal is 233.099
6  9  1  320.904  1938.35  120.061
6  9  2  623.704  3686.88  213.219
6  9  3  1641.56  10728.6  464.108
6  9  4  1693.14  11812.4  500.315
For row 6 and col 10, pedestal is 233.466
6  10  1  294.307  1794  116.749
6  10  2  527.06  3092.33  194.593
6  10  3  822.626  5327.86  294.096
6  10  4  2190.72  15037.4  609.086
For row 6 and col 11, pedestal is 213.637
6  11  1  424.304  2585.58  78.2669
6  11  2  870.144  5052.87  149.206
6  11  3  1396.88  8915.66  231.312
6  11  4  2140.4  14716.1  301.869
For row 7 and col 0, pedestal is 227.527
7  0  1  380.686  2694.31  103.116
7  0  2  691.112  5199.05  176.701
7  0  3  1380.5  8547.31  295.838
7  0  4  3388.73  23459.1  456.051
For row 7 and col 1, pedestal is 269.788
7  1  1  289.448  2101.85  89.747
7  1  2  433.869  3362.59  138.14
7  1  3  1099.86  7021.75  286.322
7  1  4  3008.13  21411.3  557.581
For row 7 and col 2, pedestal is 219.091
7  2  1  236.273  1638.22  80.0928
7  2  2  457.224  3399.7  142.706
7  2  3  779.749  4735.94  208.254
7  2  4  2769.86  18492.6  392.232
For row 7 and col 3, pedestal is 216.979
7  3  1  456.351  2486.82  113.923
7  3  2  986.754  5816.6  232.723
7  3  3  1701.78  10703.1  356.151
7  3  4  2874.36  18310.8  491
For row 7 and col 4, pedestal is 201.11
7  4  1  180.263  861.957  90.4104
7  4  2  476.35  2481.3  221.039
7  4  3  824.414  4692.58  359.894
7  4  4  1227.17  7109.19  498.327
For row 7 and col 5, pedestal is 244.829
7  5  1  188.768  907.61  77.6332
7  5  2  517.294  2733.31  194.113
7  5  3  802.399  4570.8  284.065
7  5  4  1975.37  11453.1  573.281
For row 7 and col 6, pedestal is 212.757
7  6  1  142.362  1049.07  90.8782
7  6  2  232.696  1940.51  147.752
7  6  3  741.537  5207.13  364.342
7  6  4  1572.42  12220.8  676.224
For row 7 and col 7, pedestal is 226.22
7  7  1  105.975  753.968  91.068
7  7  2  184.253  1433.76  172.357
7  7  3  520.388  3592.43  389.372
7  7  4  1108.59  8485.89  728.467
For row 7 and col 8, pedestal is 248.315
7  8  1  240.397  1738.81  80.8429
7  8  2  496.813  3769.79  152.391
7  8  3  1272.63  7995.95  331.884
7  8  4  2238.53  15696.7  520.364
For row 7 and col 9, pedestal is 233.269
7  9  1  537.536  3194.81  118.67
7  9  2  978.76  5655.53  196.488
7  9  3  2301.53  14668.4  377.117
7  9  4  2571.59  17481.2  427.818
For row 7 and col 10, pedestal is 244.921
7  10  1  240.171  1424.42  116.2
7  10  2  532.422  3037.98  240.192
7  10  3  1195.96  7540.53  488.198
7  10  4  884.708  5949.79  379.019
For row 7 and col 11, pedestal is 234.559
7  11  1  167.808  975.517  91.4495
7  11  2  304.714  1690.14  156.041
7  11  3  733.434  4518.22  339.568
7  11  4  1254.79  8375.35  526.301
For row 8 and col 0, pedestal is 195.82
8  0  1  164.631  1076.22  98.4779
8  0  2  244.816  1707.76  137.266
8  0  3  625.114  3609.16  292.246
8  0  4  1580.19  10214.5  570.136
For row 8 and col 1, pedestal is 211.194
8  1  1  336.029  2283.85  94.5132
8  1  2  697.299  4980.73  168.696
8  1  3  1089.83  6431.12  223.882
8  1  4  3196.6  20934.4  307.658
For row 8 and col 2, pedestal is 227.31
8  2  1  163.695  1123.15  75.6829
8  2  2  340.361  2468.8  146.338
8  2  3  547.461  3294.45  221.221
8  2  4  1833.01  12100.5  583.076
For row 8 and col 3, pedestal is 223.99
8  3  1  361.473  1942.25  81.8252
8  3  2  844.941  4834.64  177.191
8  3  3  1727.5  10522.4  311.917
8  3  4  1880.88  11667.9  361.572
For row 8 and col 4, pedestal is 209.949
8  4  1  64.5722  341.951  100.652
8  4  2  128.881  860.864  160.138
8  4  3  305.37  2297.78  341.84
8  4  4  454.913  3578.23  472.926
For row 8 and col 5, pedestal is 221.392
8  5  1  131.217  718.804  113.539
8  5  2  289.375  1742.28  206.011
8  5  3  297.697  1914.13  227.698
8  5  4  1062.73  7223.59  610.75
For row 8 and col 6, pedestal is 200.377
8  6  1  129.194  928.186  95.1804
8  6  2  230.648  1709.3  155.687
8  6  3  693.933  4110.16  368.506
8  6  4  1340.75  8686.23  671.631
For row 8 and col 7, pedestal is 193.357
8  7  1  83.9126  531.124  85.7228
8  7  2  148.142  1142.28  163.89
8  7  3  433.176  2801.97  340.431
8  7  4  988.156  7144.97  697.053
For row 8 and col 8, pedestal is 197.923
8  8  1  294.777  2105.62  95.3163
8  8  2  513.75  3857.44  145.708
8  8  3  979.351  6036.65  239.94
8  8  4  2240.74  15254.3  439.859
For row 8 and col 9, pedestal is 229.817
8  9  1  356.269  2115.91  124.493
8  9  2  582.827  3381.57  201.757
8  9  3  1446.24  9257.57  400.422
8  9  4  1990.82  13566.6  515.137
For row 8 and col 10, pedestal is 198.999
8  10  1  207.188  1222.98  117.899
8  10  2  300.825  1760.27  161.739
8  10  3  713.587  4635.01  321.694
8  10  4  1470.59  10321  559.741
For row 8 and col 11, pedestal is 199.443
8  11  1  273.136  1650.46  81.514
8  11  2  579.731  3429.56  164.116
8  11  3  1399.78  9123.07  359.655
8  11  4  2527.95  17738.3  551.207
For row 9 and col 0, pedestal is 194.728
9  0  1  171.799  1180.69  101.981
9  0  2  316.361  2297.36  185.99
9  0  3  646.311  3893.93  314.95
9  0  4  1791.74  12011.4  691.176
For row 9 and col 1, pedestal is 200.354
9  1  1  160.305  1091.17  95.8196
9  1  2  324.907  2369.77  185.795
9  1  3  820.215  4919.49  383.402
9  1  4  1780.84  11860.8  696.072
For row 9 and col 2, pedestal is 239.94
9  2  1  182.843  1205.53  78.5386
9  2  2  377.275  2678.2  146.191
9  2  3  884.566  5141.62  305.397
9  2  4  2331.4  15065.5  667.575
For row 9 and col 3, pedestal is 222.322
9  3  1  223.687  1165.78  97.5013
9  3  2  393.402  2275.7  151.544
9  3  3  1036.12  6248  359.201
9  3  4  1539.1  9388.26  515.479
For row 9 and col 4, pedestal is 216.631
9  4  1  207.79  1036.77  108.052
9  4  2  436.506  2334.48  200.605
9  4  3  738.801  4323.52  312.338
9  4  4  1589.3  9539.15  586.987
For row 9 and col 5, pedestal is 239.892
9  5  1  212.309  1055.43  107.215
9  5  2  484.468  2714.27  212.251
9  5  3  888.694  5334.83  358.072
9  5  4  1372.71  8407.24  531.886
For row 9 and col 6, pedestal is 180.712
9  6  1  113.725  834.155  127.984
9  6  2  200.772  1620.01  161.503
9  6  3  527.311  3585.27  326.2
9  6  4  1124.99  8295.1  638.091
For row 9 and col 7, pedestal is 213.617
9  7  1  59.274  507.005  85.7099
9  7  2  121.949  1025.11  118.647
9  7  3  328.913  2295.69  236.48
9  7  4  808.954  5947.99  583.51
For row 9 and col 8, pedestal is 231.673
9  8  1  497.862  3480.62  86.788
9  8  2  771.686  5627.43  130.496
9  8  3  1720.19  10335.7  235.487
For row 9 and col 9, pedestal is 241.371
9  9  1  202.618  1147.56  115.098
9  9  2  298.546  1671.9  167.082
9  9  3  869.646  5428.44  387.861
9  9  4  932.6  6203.91  435.844
For row 9 and col 10, pedestal is 243.389
9  10  1  193.499  1170.03  86.5904
9  10  2  383.828  2242.25  161.493
9  10  3  845.866  5459  303.766
9  10  4  1504.07  10468.6  475.493
For row 9 and col 11, pedestal is 184.573
9  11  1  36.7567  217.716  21.6088
9  11  2  259.447  1535.77  121.78
9  11  3  481.969  3139.83  225.699
9  11  4  1132.46  7888.37  469.68
For row 10 and col 0, pedestal is 246.76
10  0  1  188.279  1310.5  86.8516
10  0  2  334.777  2517.26  142.92
10  0  3  798.321  4930.13  294.33
10  0  4  1786.89  12404.9  543.572
For row 10 and col 1, pedestal is 197.266
10  1  1  161.434  1159.14  87.8551
10  1  2  318.316  2398.03  158.278
10  1  3  527.636  3280.68  243.384
10  1  4  1618.54  11179  563.053
For row 10 and col 2, pedestal is 219.643
10  2  1  207.968  1437.22  88.073
10  2  2  452.894  3425.84  177.13
10  2  3  818.242  4974.43  275.445
10  2  4  1943.93  13284.7  549.25
For row 10 and col 3, pedestal is 216.693
10  3  1  137.109  752.876  79.5911
10  3  2  290.694  1711.21  178.46
10  3  3  422.73  2694.8  230.717
10  3  4  792.782  5104.3  401.119
For row 10 and col 4, pedestal is 226.197
10  4  1  220.554  1158.01  96.3555
10  4  2  427.983  2417.13  175.224
10  4  3  1002.05  6091.18  365.952
10  4  4  2001.84  12399.1  641.146
For row 10 and col 5, pedestal is 192.744
10  5  1  130.761  816.076  92.7277
10  5  2  331.629  2108.41  221.864
10  5  3  602.674  4251.9  371.799
10  5  4  1171.15  8256.79  648.707
For row 10 and col 6, pedestal is 219.755
10  6  1  109.141  819.393  95.8506
10  6  2  125.262  1002.2  87.9275
10  6  3  423.372  2852.4  204.989
10  6  4  1211.17  9248.58  528.835
For row 10 and col 7, pedestal is 231.961
10  7  1  98.2055  686.322  75.0824
10  7  2  254.317  1946.07  152.634
10  7  3  762.684  4946.14  330.346
10  7  4  1218.88  8968.82  554.65
For row 10 and col 8, pedestal is 202.332
10  8  1  357.321  2626.27  86.9562
10  8  2  622.163  4707.74  143.695
10  8  3  1954.95  12141.3  315.896
10  8  4  3197.77  22185.3  354.168
For row 10 and col 9, pedestal is 199.345
10  9  1  636.739  3779.94  119.035
10  9  2  956.011  5515.57  176.82
10  9  3  2295.21  14603.3  346.735
10  9  4  3128.32  21396.6  368.595
For row 10 and col 10, pedestal is 237.718
10  10  1  425.544  2615.05  95.251
10  10  2  709.515  4212.06  151.402
10  10  3  1800.8  11797.6  322.593
10  10  4  2158.23  15172.9  395.139
For row 10 and col 11, pedestal is 231.412
10  11  1  335.445  2046.28  99.0137
10  11  2  589.61  3441.49  171.517
10  11  3  1245.16  8055.61  314.761
10  11  4  2364.84  16400.6  529.451
For row 11 and col 0, pedestal is 207.685
11  0  1  136.854  919.373  101.481
11  0  2  308.638  2236.03  214.63
11  0  3  275.041  1620.02  190.204
11  0  4  1522.18  9911.39  582.146
For row 11 and col 1, pedestal is 195.259
11  1  1  317.214  2168.02  79.5808
11  1  2  580.812  4263.81  133.531
11  1  3  1669.04  9926.46  306.345
11  1  4  3078.77  20272.1  443.05
For row 11 and col 2, pedestal is 238.666
11  2  1  279.837  1938.87  107.214
11  2  2  509.041  3714.49  192.602
11  2  3  1058.93  6413.75  336.952
11  2  4  1786.59  11914.5  519.702
For row 11 and col 3, pedestal is 193.769
11  3  1  284.206  1532.9  90.4179
11  3  2  658.241  3792.01  184.114
11  3  3  1368.49  8303.11  310.117
11  3  4  2418.76  14833.2  463.223
For row 11 and col 4, pedestal is 224.748
11  4  1  100.427  628.445  63.6812
11  4  2  230.018  1408.65  142.941
11  4  3  546.903  3605.56  334.658
11  4  4  1034.85  6803.21  542.38
For row 11 and col 5, pedestal is 224.057
11  5  1  111.307  668.684  84.4001
11  5  2  277.752  1700.14  203.444
11  5  3  489.513  3266.18  328.737
11  5  4  1025.81  6898.41  668.017
For row 11 and col 6, pedestal is 196.959
11  6  1  121.79  883.204  144.411
11  6  2  198.596  1579.14  231.009
11  6  3  535.448  3369.55  398.887
11  6  4  1156.4  8147.7  719.016
For row 11 and col 7, pedestal is 215.39
11  7  1  91.5154  646.127  158.945
11  7  2  134.298  986.334  213.904
11  7  3  318.709  2103.57  252.596
11  7  4  855.297  6173.89  587.985
For row 11 and col 8, pedestal is 196.189
11  8  1  158.269  1100.6  54.2053
11  8  2  442.424  3225.44  123.818
11  8  3  1394.77  8381.62  269.043
11  8  4  2366.79  15875.3  353.582
For row 11 and col 9, pedestal is 197.942
11  9  1  234.2  1405.34  88.258
11  9  2  517.857  2948.64  181.609
11  9  3  36.2119  232.399  20.5191
11  9  4  107.246  724.122  44.1927
For row 11 and col 10, pedestal is 228.814
11  10  1  219.388  1304.23  103.548
11  10  2  316.796  1797.86  149.477
11  10  3  865.565  5368.26  332.025
11  10  4  1660.02  11067  549.373
For row 11 and col 11, pedestal is 188.67
11  11  1  346.165  2017.65  101.098
11  11  2  541.578  3049.67  147.279
11  11  3  988.974  6138.87  255.748
11  11  4  2323.62  15578.3  482.883
For row 12 and col 0, pedestal is 238.955
12  0  1  2.64637  -14.1965  nan
12  0  2  2.60014  -15.1286  nan
12  0  3  2.64313  -13.3384  nan
12  0  4  2.41915  -13.73  nan
For row 12 and col 1, pedestal is 194.841
12  1  1  2.54113  -14.8061  nan
12  1  2  2.47786  -15.6215  nan
12  1  3  2.59448  -14.9754  nan
12  1  4  2.47544  -15.4901  nan
For row 12 and col 2, pedestal is 216.258
12  2  1  2.63475  -14.0525  nan
12  2  2  2.62695  -15.2216  nan
12  2  3  2.83364  -13.2371  nan
12  2  4  2.70922  -13.9487  nan
For row 12 and col 3, pedestal is 217.272
12  3  1  2.23849  -16.3781  nan
12  3  2  2.09955  -15.3826  nan
12  3  3  2.27992  -16.0371  nan
12  3  4  2.08839  -15.9937  nan
For row 12 and col 4, pedestal is 233.587
12  4  1  4.01699  -13.9731  nan
12  4  2  4.71902  -16.2545  nan
12  4  3  4.44849  -12.0241  nan
12  4  4  3.52144  -12.3671  nan
For row 12 and col 5, pedestal is 208.771
12  5  1  5.15113  -17.9768  nan
12  5  2  4.64401  -18.4023  nan
12  5  3  4.47854  -18.2512  nan
12  5  4  4.70418  -17.226  nan
For row 12 and col 6, pedestal is 204.879
12  6  1  5.2689  -10.5321  nan
12  6  2  5.76513  -10.979  nan
12  6  3  4.81328  -8.86642  nan
12  6  4  4.48267  -11.9154  nan
For row 12 and col 7, pedestal is 197.224
12  7  1  3.37222  -13.218  nan
12  7  2  4.25771  -10.8917  nan
12  7  3  3.54641  -10.235  nan
12  7  4  2.94784  -12.6999  nan
For row 12 and col 8, pedestal is 235.666
12  8  1  2.88835  -14.6557  nan
12  8  2  3.00454  -15.1495  nan
12  8  3  2.73808  -14.5254  nan
12  8  4  2.62857  -14.4208  nan
For row 12 and col 9, pedestal is 231.534
12  9  1  2.95499  -14.9634  nan
12  9  2  2.9399  -15.2272  nan
12  9  3  3.14365  -13.9382  nan
12  9  4  2.93435  -14.2961  nan
For row 12 and col 10, pedestal is 216.1
12  10  1  2.52037  -13.1548  nan
12  10  2  2.55899  -13.4477  nan
12  10  3  2.61652  -13.7331  nan
12  10  4  2.47452  -14.4589  nan
For row 12 and col 11, pedestal is 185.144
12  11  1  2.55232  -13.6145  nan
12  11  2  2.61122  -14.2941  nan
12  11  3  2.48618  -13.8913  nan
12  11  4  2.31312  -14.0936  nan
For row 13 and col 0, pedestal is 169.399
13  0  1  3.06824  -14.9492  nan
13  0  2  3.1601  -14.9374  nan
13  0  3  3.13368  -15.4523  nan
13  0  4  2.99426  -16.0465  nan
For row 13 and col 1, pedestal is 199.19
13  1  1  2.18199  -14.5546  nan
13  1  2  2.27946  -14.7367  nan
13  1  3  2.15312  -14.9531  nan
13  1  4  2.23693  -15.2567  nan
For row 13 and col 2, pedestal is 215.783
13  2  1  2.58632  -16.7124  nan
13  2  2  3.15648  -15.6313  nan
13  2  3  2.76217  -16.811  nan
13  2  4  2.54778  -16.3367  nan
For row 13 and col 3, pedestal is 196.897
13  3  1  2.96671  -16.9487  nan
13  3  2  2.79977  -16.8567  nan
13  3  3  3.04469  -15.9166  nan
13  3  4  2.82019  -16.1006  nan
For row 13 and col 4, pedestal is 205.012
13  4  1  2.85799  -13.8177  nan
13  4  2  3.52151  -14.9891  nan
13  4  3  2.93743  -14.9135  nan
13  4  4  2.7822  -15.7109  nan
For row 13 and col 5, pedestal is 205.074
13  5  1  3.61211  -11.9433  nan
13  5  2  3.9063  -12.1486  nan
13  5  3  4.09951  -13.8215  nan
13  5  4  3.95312  -13.4408  nan
For row 13 and col 6, pedestal is 150.678
13  6  1  3.10661  -15.0752  nan
13  6  2  4.58587  -12.2078  nan
13  6  3  3.23284  -14.4561  nan
13  6  4  3.36211  -13.7416  nan
For row 13 and col 7, pedestal is 197.932
13  7  1  3.76113  -9.91185  nan
13  7  2  6.02335  -6.61948  nan
13  7  3  3.63565  -5.29667  nan
13  7  4  3.26433  -9.05577  nan
For row 13 and col 8, pedestal is 225.814
13  8  1  2.52819  -12.4273  nan
13  8  2  2.58284  -12.6884  nan
13  8  3  2.48781  -12.5597  nan
13  8  4  2.56658  -12.1682  nan
For row 13 and col 9, pedestal is 215.696
13  9  1  3.06998  -12.5805  nan
13  9  2  3.08328  -12.4124  nan
13  9  3  3.07099  -13.4176  nan
13  9  4  3.04254  -12.817  nan
For row 13 and col 10, pedestal is 197.105
13  10  1  2.71088  -15.4695  nan
13  10  2  3.22488  -13.6712  nan
13  10  3  2.69306  -15.6272  nan
13  10  4  2.6178  -15.2271  nan
For row 13 and col 11, pedestal is 212.24
13  11  1  2.5243  -9.89083  nan
13  11  2  2.87616  -10.1085  nan
13  11  3  2.535  -11.7409  nan
13  11  4  2.60181  -10.8514  nan
For row 14 and col 0, pedestal is 203.68
14  0  1  2.70809  -12.7169  nan
14  0  2  2.76125  -14.4096  nan
14  0  3  2.81345  -13.5417  nan
14  0  4  2.59281  -14.5708  nan
For row 14 and col 1, pedestal is 227.203
14  1  1  2.46241  -13.9144  nan
14  1  2  2.42634  -14.1858  nan
14  1  3  2.36669  -14.2031  nan
14  1  4  2.29785  -13.785  nan
For row 14 and col 2, pedestal is 190.274
14  2  1  2.76765  -14.287  nan
14  2  2  2.8115  -15.4135  nan
14  2  3  2.76056  -14.855  nan
14  2  4  2.70905  -15.349  nan
For row 14 and col 3, pedestal is 212.858
14  3  1  2.6436  -15.0651  nan
14  3  2  2.4531  -14.2548  nan
14  3  3  2.73681  -14.6759  nan
14  3  4  2.75055  -14.5964  nan
For row 14 and col 4, pedestal is 186.615
14  4  1  4.37516  -12.2685  nan
14  4  2  7.13264  -11.4252  nan
14  4  3  4.72447  -9.79125  nan
14  4  4  3.94808  -12.1968  nan
For row 14 and col 5, pedestal is 218.789
14  5  1  2.69422  -15.215  nan
14  5  2  2.64975  -15.3746  nan
14  5  3  2.85781  -16.4863  nan
14  5  4  2.62989  -15.0364  nan
For row 14 and col 6, pedestal is 181.774
14  6  1  4.27748  -15.4074  nan
14  6  2  5.05474  -14.1336  nan
14  6  3  4.97665  -15.2906  nan
14  6  4  4.17826  -16.6408  nan
For row 14 and col 7, pedestal is 228.366
14  7  1  4.28092  -12.2497  nan
14  7  2  5.98811  -8.21778  nan
14  7  3  5.08857  -10.1485  nan
14  7  4  4.33181  -12.3943  nan
For row 14 and col 8, pedestal is 201.911
14  8  1  2.63888  -10.5926  nan
14  8  2  2.66756  -10.5969  nan
14  8  3  2.82903  -9.19931  nan
14  8  4  2.64533  -9.71618  nan
For row 14 and col 9, pedestal is 213.732
14  9  1  2.75173  -13.7625  nan
14  9  2  2.9148  -10.2858  nan
14  9  3  2.9212  -11.384  nan
14  9  4  2.68246  -12.2987  nan
For row 14 and col 10, pedestal is 239.389
14  10  1  2.39465  -13.8497  nan
14  10  2  2.68646  -13.1466  nan
14  10  3  2.53035  -13.3659  nan
14  10  4  2.31678  -14.0218  nan
For row 14 and col 11, pedestal is 210.438
14  11  1  2.8934  -12.384  nan
14  11  2  3.66759  -11.4713  nan
14  11  3  2.84159  -11.6458  nan
14  11  4  2.50527  -12.3385  nan
For row 15 and col 0, pedestal is 232.164
15  0  1  2.8777  -15.2493  nan
15  0  2  2.95059  -14.1622  nan
15  0  3  2.93451  -15.1034  nan
15  0  4  2.72752  -14.9078  nan
For row 15 and col 1, pedestal is 201.546
15  1  1  2.70925  -12.4482  nan
15  1  2  2.67817  -13.6672  nan
15  1  3  2.89347  -12.5735  nan
15  1  4  2.68608  -13.4601  nan
For row 15 and col 2, pedestal is 221.904
15  2  1  2.35255  -16.2801  nan
15  2  2  2.42457  -12.7424  nan
15  2  3  2.42173  -12.9653  nan
15  2  4  2.21867  -13.669  nan
For row 15 and col 3, pedestal is 174.94
15  3  1  2.15914  -15.6003  nan
15  3  2  2.26512  -14.4123  nan
15  3  3  2.16438  -13.8642  nan
15  3  4  2.19392  -15.892  nan
For row 15 and col 4, pedestal is 213.359
15  4  1  4.80792  -16.0295  nan
15  4  2  3.72142  -15.4453  nan
15  4  3  4.86115  -15.4393  nan
15  4  4  4.14199  -13.6104  nan
For row 15 and col 5, pedestal is 181.667
15  5  1  4.29997  -13.6653  nan
15  5  2  3.62204  -11.7213  nan
15  5  3  3.94338  -11.4738  nan
15  5  4  3.48676  -12.6539  nan
For row 15 and col 6, pedestal is 220.968
15  6  1  2.96947  -15.6896  nan
15  6  2  3.34777  -13.9128  nan
15  6  3  3.2715  -13.4385  nan
15  6  4  3.04607  -11.3725  nan
For row 15 and col 7, pedestal is 224.526
15  7  1  4.36041  -6.63847  nan
15  7  2  5.38843  -5.15428  nan
15  7  3  4.61997  1.81396  nan
15  7  4  5.38362  0.319781  nan
For row 15 and col 8, pedestal is 176.361
15  8  1  2.35489  -14.4933  nan
15  8  2  2.46046  -13.948  nan
15  8  3  2.5073  -14.8118  nan
15  8  4  2.48729  -14.6452  nan
For row 15 and col 9, pedestal is 190.597
15  9  1  2.57625  -12.1095  nan
15  9  2  2.84208  -12.576  nan
15  9  3  2.52038  -12.6481  nan
15  9  4  2.55501  -12.3568  nan
For row 15 and col 10, pedestal is 185.68
15  10  1  2.47647  -11.6224  nan
15  10  2  2.71884  -11.5144  nan
15  10  3  2.51889  -10.9027  nan
15  10  4  2.41692  -11.4731  nan
For row 15 and col 11, pedestal is 206.205
15  11  1  2.55213  -15.4273  nan
15  11  2  3.20669  -13.7657  nan
15  11  3  2.59306  -15.5604  nan
15  11  4  2.62631  -15.912  nan
For row 16 and col 0, pedestal is 182.683
16  0  1  2.40027  -13.6911  nan
16  0  2  2.50241  -12.2934  nan
16  0  3  2.50427  -13.848  nan
16  0  4  2.31639  -13.6806  nan
For row 16 and col 1, pedestal is 218.779
16  1  1  2.26873  -14.5314  nan
16  1  2  2.33169  -13.8011  nan
16  1  3  2.33248  -12.9077  nan
16  1  4  2.31292  -13.2849  nan
For row 16 and col 2, pedestal is 210.167
16  2  1  2.56735  -15.3058  nan
16  2  2  2.71017  -14.5764  nan
16  2  3  2.7635  -14.8033  nan
16  2  4  2.58274  -14.4212  nan
For row 16 and col 3, pedestal is 203.841
16  3  1  2.56311  -15.2947  nan
16  3  2  2.92095  -14.8624  nan
16  3  3  2.68501  -15.5528  nan
16  3  4  2.58146  -14.5968  nan
For row 16 and col 4, pedestal is 229.599
16  4  1  4.83928  -8.49204  nan
16  4  2  6.24748  -8.87018  nan
16  4  3  4.33429  -3.83565  nan
16  4  4  3.53756  -7.2028  nan
For row 16 and col 5, pedestal is 194.976
16  5  1  3.85309  -12.38  nan
16  5  2  3.6397  -13.4789  nan
16  5  3  3.97004  -10.0987  nan
16  5  4  3.73573  -10.8406  nan
For row 16 and col 6, pedestal is 190.955
16  6  1  8.26315  -7.39876  nan
16  6  2  9.60066  -4.00822  nan
16  6  3  8.39203  2.95515  nan
16  6  4  8.04614  -0.199726  nan
For row 16 and col 7, pedestal is 221.761
16  7  1  7.86897  -3.50753  nan
16  7  2  9.55609  -3.78214  1087.03
16  7  3  8.55529  0.315938  nan
16  7  4  6.86715  -5.23059  nan
For row 16 and col 8, pedestal is 191.724
16  8  1  3.31488  -15.4861  nan
16  8  2  3.31284  -11.8651  nan
16  8  3  3.52396  -12.8342  nan
16  8  4  3.31735  -12.6955  nan
For row 16 and col 9, pedestal is 217.165
16  9  1  3.06951  -15.1665  nan
16  9  2  3.89625  -15.1512  nan
16  9  3  3.05045  -16.3798  nan
16  9  4  2.95285  -15.7159  nan
For row 16 and col 10, pedestal is 212.291
16  10  1  2.80998  -14.6791  nan
16  10  2  3.15463  -11.7442  nan
16  10  3  2.96513  -10.9283  nan
16  10  4  2.66718  -12.5273  nan
For row 16 and col 11, pedestal is 208.519
16  11  1  3.881  -11.7148  nan
16  11  2  3.18439  -7.29525  nan
16  11  3  3.9026  -4.93884  nan
16  11  4  3.9352  -6.38136  nan
For row 17 and col 0, pedestal is 193.629
17  0  1  2.95712  -13.8696  nan
17  0  2  2.62201  -13.5313  nan
17  0  3  2.9661  -13.3958  nan
17  0  4  2.70744  -13.5507  nan
For row 17 and col 1, pedestal is 201.705
17  1  1  2.3478  -15.6587  nan
17  1  2  3.01153  -15.9427  nan
17  1  3  2.5587  -16.7027  nan
17  1  4  2.50178  -16.3493  nan
For row 17 and col 2, pedestal is 200.354
17  2  1  2.7752  -16.6774  nan
17  2  2  2.95473  -15.2165  nan
17  2  3  2.67283  -15.3085  nan
17  2  4  2.65588  -15.4741  nan
For row 17 and col 3, pedestal is 226.481
17  3  1  2.73814  -14.9791  nan
17  3  2  2.51474  -14.7883  nan
17  3  3  2.55323  -16.2187  nan
17  3  4  2.32812  -16.4459  nan
For row 17 and col 4, pedestal is 211.672
17  4  1  4.91223  -9.99347  nan
17  4  2  4.86749  -10.7622  nan
17  4  3  5.33172  -6.37907  nan
17  4  4  4.45835  -7.26451  nan
For row 17 and col 5, pedestal is 176.499
17  5  1  3.49457  -14.2344  nan
17  5  2  4.30299  -13.8138  nan
17  5  3  3.52385  -14.2949  nan
17  5  4  3.25139  -14.5722  nan
For row 17 and col 6, pedestal is 221.448
17  6  1  4.20559  -9.47887  nan
17  6  2  5.36174  -10.348  nan
17  6  3  4.32923  -7.22684  nan
17  6  4  3.32657  -8.59504  nan
For row 17 and col 7, pedestal is 231.697
17  7  1  5.35829  -17.3892  nan
17  7  2  6.8724  -10.4174  nan
17  7  3  6.13713  -5.9609  nan
17  7  4  5.00521  -10.3903  nan
For row 17 and col 8, pedestal is 215.825
17  8  1  3.47403  -9.94295  nan
17  8  2  3.28615  -8.47654  nan
17  8  3  3.62161  -8.1723  nan
17  8  4  3.1652  -10.308  nan
For row 17 and col 9, pedestal is 218.33
17  9  1  3.94989  -19.622  nan
17  9  2  3.82918  -17.8089  nan
17  9  3  4.16445  -18.8803  nan
17  9  4  3.54191  -17.9137  nan
For row 17 and col 10, pedestal is 206.448
17  10  1  2.78659  -12.1298  nan
17  10  2  3.32304  -12.316  nan
17  10  3  2.81104  -11.5296  nan
17  10  4  2.7316  -11.8016  nan
For row 17 and col 11, pedestal is 244.565
17  11  1  4.58862  -9.27452  nan
17  11  2  7.73411  -5.90276  nan
17  11  3  5.09619  -9.74362  nan
17  11  4  4.43843  -10.5586  nan
For row 18 and col 0, pedestal is 211.503
18  0  1  2.41904  -14.9529  nan
18  0  2  2.49338  -14.5825  nan
18  0  3  2.44098  -15.4622  nan
18  0  4  2.20524  -16.1777  nan
For row 18 and col 1, pedestal is 217.098
18  1  1  2.61705  -13.2892  nan
18  1  2  2.58195  -12.9509  nan
18  1  3  2.52896  -11.7687  nan
18  1  4  2.53608  -13.8556  nan
For row 18 and col 2, pedestal is 211.245
18  2  1  3.18069  -14.2288  nan
18  2  2  3.272  -15.0122  nan
18  2  3  3.47416  -13.8004  nan
18  2  4  3.20461  -14.4026  nan
For row 18 and col 3, pedestal is 242.018
18  3  1  2.77713  -15.8112  nan
18  3  2  2.71342  -14.9044  nan
18  3  3  2.79491  -16.9789  nan
18  3  4  2.54967  -16.2027  nan
For row 18 and col 4, pedestal is 195.981
18  4  1  3.98915  -13.8226  nan
18  4  2  3.97833  -12.4467  nan
18  4  3  4.67045  -10.6233  nan
18  4  4  3.96173  -13.0336  nan
For row 18 and col 5, pedestal is 190.203
18  5  1  4.69064  -12.066  nan
18  5  2  4.71198  -9.55551  nan
18  5  3  5.83977  -9.97289  nan
18  5  4  4.62158  -11.0657  nan
For row 18 and col 6, pedestal is 209.761
18  6  1  4.72217  -11.6806  nan
18  6  2  4.09628  -13.0701  nan
18  6  3  4.25031  -7.26792  nan
18  6  4  3.48088  -11.5699  nan
For row 18 and col 7, pedestal is 231.216
18  7  1  4.02727  -11.943  nan
18  7  2  4.76315  -10.1397  nan
18  7  3  4.87126  -11.9255  nan
18  7  4  3.5565  -13.1622  nan
For row 18 and col 8, pedestal is 240.086
18  8  1  3.17187  -15.1241  nan
18  8  2  3.26611  -14.075  nan
18  8  3  3.12744  -14.3752  nan
18  8  4  3.12056  -12.5765  nan
For row 18 and col 9, pedestal is 232.477
18  9  1  3.00216  -10.7702  nan
18  9  2  3.01101  -9.47518  nan
18  9  3  3.16464  -10.2775  nan
18  9  4  2.86867  -11.0563  nan
For row 18 and col 10, pedestal is 217.986
18  10  1  2.73872  -13.2115  nan
18  10  2  2.69795  -12.9898  nan
18  10  3  2.62217  -14.8106  nan
18  10  4  2.66352  -11.5207  nan
For row 18 and col 11, pedestal is 183.676
18  11  1  3.36661  -11.2234  nan
18  11  2  3.88661  -11.2837  nan
18  11  3  3.34905  -12.4257  nan
18  11  4  3.4778  -13.0731  nan
For row 19 and col 0, pedestal is 190.353
19  0  1  2.74677  -16.8173  nan
19  0  2  2.44881  -15.9744  nan
19  0  3  2.86119  -16.8724  nan
19  0  4  2.59894  -16.0158  nan
For row 19 and col 1, pedestal is 221.94
19  1  1  2.46038  -13.2174  nan
19  1  2  2.58039  -16.0518  nan
19  1  3  2.38474  -13.768  nan
19  1  4  2.16573  -15.909  nan
For row 19 and col 2, pedestal is 251.242
19  2  1  2.33551  -13.8197  nan
19  2  2  2.59521  -13.5064  nan
19  2  3  2.46272  -12.2631  nan
19  2  4  2.31632  -13.1102  nan
For row 19 and col 3, pedestal is 232.705
19  3  1  2.51329  -15.9957  nan
19  3  2  2.61415  -14.463  nan
19  3  3  2.65833  -15.2705  nan
19  3  4  2.24359  -16.2512  nan
For row 19 and col 4, pedestal is 204.81
19  4  1  4.12257  -14.2169  nan
19  4  2  4.87879  -16.2026  nan
19  4  3  4.02768  -17.3039  nan
19  4  4  4.04152  -14.7077  nan
For row 19 and col 5, pedestal is 219.449
19  5  1  2.94779  -17.2765  nan
19  5  2  3.29834  -18.3184  nan
19  5  3  2.93256  -16.5984  nan
19  5  4  2.53173  -16.2709  nan
For row 19 and col 6, pedestal is 219.994
19  6  1  2.88615  -12.0363  nan
19  6  2  3.82092  -12.7366  nan
19  6  3  2.8008  -12.6138  nan
19  6  4  2.67315  -9.51919  nan
For row 19 and col 7, pedestal is 238.318
19  7  1  4.23612  -16.0537  nan
19  7  2  4.4584  -14.4479  nan
19  7  3  6.08283  -14.5111  nan
19  7  4  4.15853  -12.6439  nan
For row 19 and col 8, pedestal is 208.902
19  8  1  2.23846  -16.2185  nan
19  8  2  2.20798  -15.7467  nan
19  8  3  2.28658  -16.911  nan
19  8  4  2.19141  -15.5487  nan
For row 19 and col 9, pedestal is 184.489
19  9  1  2.1878  -13.5122  nan
19  9  2  2.16671  -14.7539  nan
19  9  3  2.2814  -13.1268  nan
19  9  4  2.17836  -13.9106  nan
For row 19 and col 10, pedestal is 200.614
19  10  1  2.44757  -15.9613  nan
19  10  2  2.50951  -16.6384  nan
19  10  3  2.44306  -15.9663  nan
19  10  4  2.41675  -16.0269  nan
For row 19 and col 11, pedestal is 195.862
19  11  1  2.52988  -11.724  nan
19  11  2  2.87149  -12.1801  nan
19  11  3  2.71093  -13.9995  nan
19  11  4  2.47889  -13.2456  nan
For row 20 and col 0, pedestal is 238.592
20  0  1  2.50625  -13.3181  nan
20  0  2  2.68278  -12.9214  nan
20  0  3  2.60973  -13.2523  nan
20  0  4  2.47223  -12.1344  nan
For row 20 and col 1, pedestal is 233.813
20  1  1  2.41061  -14.5239  nan
20  1  2  2.59254  -14.3166  nan
20  1  3  2.50937  -13.6416  nan
20  1  4  2.30386  -13.3995  nan
For row 20 and col 2, pedestal is 211.317
20  2  1  2.73645  -13.7726  nan
20  2  2  2.71999  -15.7359  nan
20  2  3  2.92506  -13.9889  nan
20  2  4  2.58592  -13.7169  nan
For row 20 and col 3, pedestal is 214.42
20  3  1  3.1511  -13.1171  nan
20  3  2  2.94045  -13.4234  nan
20  3  3  3.49541  -14.1655  nan
20  3  4  2.8064  -14.1169  nan
For row 20 and col 4, pedestal is 169.792
20  4  1  5.42753  -3.01933  nan
20  4  2  6.38632  -5.43424  nan
20  4  3  5.12393  -0.427197  nan
20  4  4  3.64375  -6.20332  nan
For row 20 and col 5, pedestal is 186.67
20  5  1  4.6073  -7.56486  nan
20  5  2  4.46685  -9.64713  nan
20  5  3  4.73108  -8.16682  nan
20  5  4  4.1237  -9.45474  nan
For row 20 and col 6, pedestal is 220.429
20  6  1  4.57814  -5.67345  nan
20  6  2  6.26336  -5.54169  nan
20  6  3  4.91826  3.54373  nan
20  6  4  4.00636  0.291135  nan
For row 20 and col 7, pedestal is 193.638
20  7  1  5.01611  -9.29599  nan
20  7  2  4.47715  -6.31086  nan
20  7  3  5.36784  -5.68842  nan
20  7  4  4.94287  -7.39703  nan
For row 20 and col 8, pedestal is 212.284
20  8  1  2.40892  -11.0004  nan
20  8  2  2.56184  -9.76734  nan
20  8  3  2.57172  -8.97994  nan
20  8  4  2.40417  -11.3398  nan
For row 20 and col 9, pedestal is 209.451
20  9  1  2.65282  -12.0852  nan
20  9  2  2.53926  -12.1658  nan
20  9  3  2.78381  -11.9282  nan
20  9  4  2.73975  -13.3371  nan
For row 20 and col 10, pedestal is 223.025
20  10  1  2.68016  -12.5299  nan
20  10  2  2.5763  -12.572  nan
20  10  3  2.83481  -12.0838  nan
20  10  4  2.53528  -12.6083  nan
For row 20 and col 11, pedestal is 208.636
20  11  1  2.70217  -12.8641  nan
20  11  2  2.64401  -13.0228  nan
20  11  3  2.79039  -9.83798  nan
20  11  4  2.67159  -11.706  nan
For row 21 and col 0, pedestal is 220.536
21  0  1  2.52015  -15.2488  nan
21  0  2  2.57224  -15.3144  nan
21  0  3  2.49096  -17.038  nan
21  0  4  2.34219  -16.9106  nan
For row 21 and col 1, pedestal is 292.924
21  1  1  2.83952  -15.8667  nan
21  1  2  3.00613  -15.2148  nan
21  1  3  3.30447  -15.2076  nan
21  1  4  2.63204  -15.9002  nan
For row 21 and col 2, pedestal is 214.187
21  2  1  3.1035  -13.926  nan
21  2  2  3.05391  -14.7678  nan
21  2  3  2.87205  -14.7009  nan
21  2  4  2.63153  -13.5265  nan
For row 21 and col 3, pedestal is 255.025
21  3  1  3.47942  -13.9934  nan
21  3  2  2.91588  -14.92  nan
21  3  3  3.33412  -13.5921  nan
21  3  4  2.84882  -14.4304  nan
For row 21 and col 4, pedestal is 205.368
21  4  1  7.01409  -9.99099  nan
21  4  2  6.83957  -10.506  nan
21  4  3  7.26974  -9.00619  nan
21  4  4  5.45691  -11.5516  nan
For row 21 and col 5, pedestal is 187.621
21  5  1  4.60689  -10.9231  nan
21  5  2  4.21291  -12.0481  nan
21  5  3  5.27444  -11.7307  nan
21  5  4  4.40214  -12.8155  nan
For row 21 and col 6, pedestal is 239.607
21  6  1  5.08532  -12.6892  nan
21  6  2  4.80956  -13.491  nan
21  6  3  4.21424  -12.4763  nan
21  6  4  3.6024  -13.13  nan
For row 21 and col 7, pedestal is 247.56
21  7  1  3.83413  -10.1039  nan
21  7  2  4.8642  -7.02088  nan
21  7  3  4.33859  -4.50714  nan
21  7  4  3.99521  -4.66558  nan
For row 21 and col 8, pedestal is 240.192
21  8  1  3.58314  -12.158  nan
21  8  2  3.3813  -11.4864  nan
21  8  3  3.29808  -10.1691  nan
21  8  4  3.10587  -11.8436  nan
For row 21 and col 9, pedestal is 248.599
21  9  1  3.14287  -13.7753  nan
21  9  2  3.12014  -16.4215  nan
21  9  3  3.01683  -15.4302  nan
21  9  4  2.76158  -15.8359  nan
For row 21 and col 10, pedestal is 233.913
21  10  1  3.01722  -12.8192  nan
21  10  2  2.93209  -12.197  nan
21  10  3  2.9621  -11.5431  nan
21  10  4  3.01144  -12.5093  nan
For row 21 and col 11, pedestal is 219.584
21  11  1  2.79847  -9.5539  nan
21  11  2  2.88807  -8.58083  nan
21  11  3  3.32447  -4.55095  nan
21  11  4  2.90421  -7.71111  nan
For row 22 and col 0, pedestal is 267.092
22  0  1  3.40799  -13.4859  nan
22  0  2  3.13502  -15.3078  nan
22  0  3  3.56608  -14.2866  nan
22  0  4  3.10595  -13.6465  nan
For row 22 and col 1, pedestal is 224.276
22  1  1  3.19178  -14.5401  nan
22  1  2  4.78966  -11.562  116.912
22  1  3  3.61653  -14.5841  nan
22  1  4  3.07957  -15.5114  nan
For row 22 and col 2, pedestal is 245.964
22  2  1  3.20685  -16.8952  nan
22  2  2  2.90938  -17.5412  nan
22  2  3  3.24111  -16.0983  nan
22  2  4  3.04627  -15.973  nan
For row 22 and col 3, pedestal is 254.3
22  3  1  2.69297  -17.0274  nan
22  3  2  3.22669  -17.1032  nan
22  3  3  3.22162  -19.131  nan
22  3  4  2.78416  -17.3455  nan
For row 22 and col 4, pedestal is 217.911
22  4  1  5.22644  -19.1458  nan
22  4  2  6.58564  -17.4901  nan
22  4  3  5.22659  -20.6737  nan
22  4  4  4.25237  -21.2273  nan
For row 22 and col 5, pedestal is 231.437
22  5  1  5.67914  -15.6389  nan
22  5  2  5.19585  -10.3983  nan
22  5  3  5.75535  -18.236  nan
22  5  4  4.31265  -15.5376  nan
For row 22 and col 6, pedestal is 250.707
22  6  1  3.90163  -15.2791  nan
22  6  2  6.15498  -12.1246  nan
22  6  3  3.84085  -13.0543  nan
22  6  4  3.37431  -13.2719  nan
For row 22 and col 7, pedestal is 246.099
22  7  1  5.51224  -11.9794  nan
22  7  2  7.35247  -11.9994  nan
22  7  3  5.76163  -12.0967  nan
22  7  4  6.47419  -14.5511  nan
For row 22 and col 8, pedestal is 236.933
22  8  1  2.97693  -12.9298  nan
22  8  2  2.88586  -11.9493  nan
22  8  3  3.19162  -11.7118  nan
22  8  4  2.91916  -12.8958  nan
For row 22 and col 9, pedestal is 207.739
22  9  1  2.88734  -9.84105  nan
22  9  2  2.97348  -11.9075  nan
22  9  3  2.89309  -9.9637  nan
22  9  4  2.75742  -10.5583  nan
For row 22 and col 10, pedestal is 229.559
22  10  1  3.25583  -16.4661  nan
22  10  2  3.6024  -15.7331  nan
22  10  3  3.05716  -14.7496  nan
22  10  4  2.89907  -16.7759  nan
For row 22 and col 11, pedestal is 223.761
22  11  1  2.7494  -13.7882  nan
22  11  2  3.07951  -16.1487  nan
22  11  3  2.78707  -14.5333  nan
22  11  4  2.66604  -14.4765  nan
For row 23 and col 0, pedestal is 230.211
23  0  1  3.3118  -14.4619  nan
23  0  2  2.85828  -15.508  nan
23  0  3  3.83087  -14.6394  nan
23  0  4  3.01782  -17.8086  nan
For row 23 and col 1, pedestal is 201.341
23  1  1  2.50342  -17.3019  nan
23  1  2  2.43259  -17.2273  nan
23  1  3  2.60775  -17.5432  nan
23  1  4  2.26526  -14.6028  nan
For row 23 and col 2, pedestal is 227.66
23  2  1  2.73217  -12.4059  nan
23  2  2  3.05635  -12.5252  nan
23  2  3  3.00878  -14.3726  nan
23  2  4  2.85542  -13.1691  nan
For row 23 and col 3, pedestal is 239.361
23  3  1  2.22665  -15.1231  nan
23  3  2  2.3422  -12.2266  nan
23  3  3  2.33677  -13.6595  nan
23  3  4  2.16895  -14.0669  nan
For row 23 and col 4, pedestal is 231.79
23  4  1  4.67005  -11.3039  nan
23  4  2  5.03279  -12.0096  nan
23  4  3  5.91426  -12.924  nan
23  4  4  4.24781  -13.0241  nan
For row 23 and col 5, pedestal is 233.101
23  5  1  2.89345  -17.4566  nan
23  5  2  2.79328  -16.7606  nan
23  5  3  3.07078  -17.4042  nan
23  5  4  2.78598  -17.8337  nan
For row 23 and col 6, pedestal is 224.057
23  6  1  5.65583  -14.5144  nan
23  6  2  10.4427  -11.7561  502.387
23  6  3  6.34328  -13.7424  nan
23  6  4  5.4582  -14.7569  nan
For row 23 and col 7, pedestal is 189.693
23  7  1  4.93856  -14.2183  nan
23  7  2  5.35378  -16.5418  nan
23  7  3  5.88196  -15.5242  nan
23  7  4  5.31118  -14.0533  nan
For row 23 and col 8, pedestal is 214.84
23  8  1  2.5457  -17.0192  nan
23  8  2  3.03624  -16.3648  nan
23  8  3  2.57786  -16.8898  nan
23  8  4  2.43776  -15.3083  nan
For row 23 and col 9, pedestal is 194.867
23  9  1  2.83098  -15.3173  nan
23  9  2  2.93976  -15.0067  nan
23  9  3  2.91124  -15.697  nan
23  9  4  2.54656  -15.6428  nan
For row 23 and col 10, pedestal is 197.625
23  10  1  2.34111  -13.2183  nan
23  10  2  2.22541  -11.1903  nan
23  10  3  2.31459  -11.2308  nan
23  10  4  2.38658  -13.5128  nan
For row 23 and col 11, pedestal is 249.413
23  11  1  2.83463  -15.1118  nan
23  11  2  3.36423  -12.6578  nan
23  11  3  2.99421  -13.6121  nan
23  11  4  2.59152  -12.453  nan
