#All information for run 1291.
#Row Col LED <Max> <Int> NPE
For row 12 and col 0, pedestal is 238.83
12  0  1  369.326  2101.21  82.1293
12  0  2  849.844  5324.77  188.309
12  0  3  1750.89  11199.8  335.072
12  0  4  3788.77  27669.5  1350.52
For row 12 and col 1, pedestal is 194.692
12  1  1  58.3897  306.793  15.3175
12  1  2  708.285  4240.45  155.382
12  1  3  2553.01  15603.5  381.273
12  1  4  3302.54  22547.8  448.065
For row 12 and col 2, pedestal is 214.586
12  2  1  185.849  1022.4  79.587
12  2  2  480.556  2920.38  182.21
12  2  3  1004.46  6190.08  358.771
12  2  4  2392.63  16473.4  582.755
For row 12 and col 3, pedestal is 216.332
12  3  1  516.669  2967.68  95.2922
12  3  2  1243.04  7357.88  218.312
12  3  3  1648.11  10804  287.829
For row 12 and col 4, pedestal is 231.736
12  4  1  67.8278  389.786  61.7244
12  4  2  116.709  717.322  105.867
12  4  3  270.674  1845.13  221.469
12  4  4  1018.38  6453.03  693.882
For row 12 and col 5, pedestal is 208.12
12  5  1  182.323  1135.25  84.2766
12  5  2  332.489  2116.6  141.724
12  5  3  616.077  4312  256.355
12  5  4  1627.25  10636.6  633.471
For row 12 and col 6, pedestal is 203.486
12  6  1  143.915  949.853  88.3701
12  6  2  224.081  1392.05  149.288
12  6  3  395.389  2879.83  234.164
12  6  4  673.771  6422.14  466.724
For row 12 and col 7, pedestal is 196.245
12  7  1  77.7398  480.377  52.1712
12  7  2  114.794  627.085  100.988
12  7  3  257.023  1863  206.861
12  7  4  365.673  3300.67  291.145
For row 12 and col 8, pedestal is 234.978
12  8  1  272.272  1504.73  67.3345
12  8  2  623.625  3711.48  147.132
12  8  3  1935.18  12864.2  381.006
12  8  4  2398.01  20325.8  560.312
For row 12 and col 9, pedestal is 230.179
12  9  1  409.09  2253.83  98.1122
12  9  2  996.624  5594.81  229.489
12  9  3  1596.27  9366.71  346.003
12  9  4  2317.07  14572.5  449.29
For row 12 and col 10, pedestal is 214.898
12  10  1  320.089  1795.07  98.5255
12  10  2  757.422  4348.37  212.821
12  10  3  1169.94  7018.12  303.196
12  10  4  2213.04  14154.8  478.944
For row 12 and col 11, pedestal is 184.147
12  11  1  413.671  2318.13  108.436
12  11  2  899.258  5189.83  207.119
12  11  3  1581.41  9552.82  303.26
12  11  4  3214.6  21960.1  735.475
For row 13 and col 0, pedestal is 168.76
13  0  1  283.751  1618.39  40.5402
13  0  2  905.762  5591.88  123.275
13  0  3  2814.87  17597  249.746
For row 13 and col 1, pedestal is 199.381
13  1  1  451.269  2515.38  65.2635
13  1  2  1310.18  7969.63  179.14
13  1  3  2053.63  12722.2  251.324
For row 13 and col 2, pedestal is 214.603
13  2  1  297.085  1757.44  89.4569
13  2  2  688.416  4406.61  188.387
13  2  3  1720.32  11148.8  427.289
13  2  4  3363.11  24324.7  613.335
For row 13 and col 3, pedestal is 195.488
13  3  1  405.274  2288.3  108.618
13  3  2  677.291  4013.63  183.81
13  3  3  1261.36  8261.23  314.527
13  3  4  5047.11  26015.8  295.026
For row 13 and col 4, pedestal is 204.99
13  4  1  86.4281  464.585  28.0012
13  4  2  610.137  3332.32  178.209
13  4  3  898.077  5490.87  253.481
13  4  4  3753.76  22788.2  715.643
For row 13 and col 5, pedestal is 202.838
13  5  1  95.8909  560.326  113.745
13  5  2  186.19  1084.05  205.472
13  5  3  342.775  2303.77  340.157
13  5  4  888.421  5703.87  807.471
For row 13 and col 6, pedestal is 150.729
13  6  1  498.091  2702.42  149.334
13  6  2  751.307  4289.06  217.286
13  6  3  1656.86  10572.4  349.046
13  6  4  2658.2  22077.3  681.137
For row 13 and col 7, pedestal is 197.146
13  7  1  235.664  1371.92  131.593
13  7  2  435.687  2692.85  225.724
13  7  3  804.514  5803.32  366.985
13  7  4  1308.3  12161.1  677.006
For row 13 and col 8, pedestal is 225.387
13  8  1  621.637  3677.98  121.669
13  8  2  923.17  5746.29  168.231
13  8  3  2155.94  15016.7  343.21
13  8  4  3045.54  26683.8  558.87
For row 13 and col 9, pedestal is 215.042
13  9  1  253.997  1467.24  70.4645
13  9  2  688.346  3993.17  186.918
13  9  3  1107.82  6701.64  283.069
13  9  4  2274.64  14684.5  471.626
For row 13 and col 10, pedestal is 196.366
13  10  1  357.19  2014.63  93.4594
13  10  2  792.817  4597.77  206.681
13  10  3  1456.95  8745.02  354.703
13  10  4  2728.11  17536.8  484.146
For row 13 and col 11, pedestal is 211.897
13  11  1  275.013  1556.2  103.365
13  11  2  546.649  3168.15  197.241
13  11  3  1120.84  6809.29  378.314
13  11  4  2024.88  13127.1  557.199
For row 14 and col 0, pedestal is 203.159
14  0  1  172.074  962.963  67.7291
14  0  2  432.893  2713.11  172.199
14  0  3  1065.85  6800.62  343.314
14  0  4  2481.13  17633.5  676.38
For row 14 and col 1, pedestal is 227.527
14  1  1  314.854  1832.98  81.5844
14  1  2  576.423  3667.82  144.465
14  1  3  1537.38  9978.31  342.44
14  1  4  1781.75  12835.1  435.289
For row 14 and col 2, pedestal is 189.941
14  2  1  393.195  2333.19  81.3407
14  2  2  763.934  4920.21  151.91
14  2  3  2420.73  15744.6  382.232
14  2  4  2752.77  19948.9  462.078
For row 14 and col 3, pedestal is 212.104
14  3  1  210.239  1164.75  98.5414
14  3  2  459.82  2739.79  215.245
14  3  3  430.38  2821.09  208.811
14  3  4  2097.06  13134.6  806.047
For row 14 and col 4, pedestal is 185.494
14  4  1  121.427  767.185  70.7162
14  4  2  279.369  1713.14  148.465
14  4  3  494.746  3431.5  250.2
14  4  4  1423.31  9198.97  637.772
For row 14 and col 5, pedestal is 217.603
14  5  1  197.065  1187.75  78.5957
14  5  2  311.942  1921.84  126.287
14  5  3  663.189  4619.73  265.784
14  5  4  2273.66  14885.5  666.477
For row 14 and col 6, pedestal is 180.939
14  6  1  213.993  1130.41  122.434
14  6  2  342.797  2228.54  219.836
14  6  3  578.375  4254.52  340.509
14  6  4  1028.99  9896.75  635.389
For row 14 and col 7, pedestal is 228.409
14  7  1  163.587  1025.94  137.805
14  7  2  281.666  1843.38  200.936
14  7  3  636.805  4797.34  374.343
14  7  4  774.1  7495.14  535.172
For row 14 and col 8, pedestal is 201.549
14  8  1  498.667  3165.25  172.863
14  8  2  616.431  4070.41  217.921
14  8  3  1539.08  11288.4  486.076
14  8  4  2454.49  22533.4  835.285
For row 14 and col 9, pedestal is 213.02
14  9  1  181.637  1095.9  88.0212
14  9  2  529.338  3149.1  236.92
14  9  3  832.251  5121.53  350.144
14  9  4  1604.28  10517.6  577.515
For row 14 and col 10, pedestal is 238.426
14  10  1  436.622  2592.83  66.6283
14  10  2  935.402  5665.95  136.451
14  10  3  2059.21  12945.8  269.466
14  10  4  3408.58  23030.1  272.84
For row 14 and col 11, pedestal is 209.577
14  11  1  514.596  3055.18  85.5918
14  11  2  1092.72  6588.58  167.83
14  11  3  2056.47  12971.7  301.804
14  11  4  3808.04  34250.6  197.06
For row 15 and col 0, pedestal is 232.242
15  0  1  462.544  2581.05  76.3653
15  0  2  1051.86  6305.31  166.897
15  0  3  2938.24  18040.8  323.801
For row 15 and col 1, pedestal is 200.001
15  1  1  117.825  623.378  38.9777
15  1  2  437.51  2642.06  133.817
15  1  3  1682.09  10449.6  406.357
15  1  4  2300.16  15937.1  569.238
For row 15 and col 2, pedestal is 221.306
15  2  1  417.539  2342.98  105.113
15  2  2  878.582  5330.22  209.24
15  2  3  2360.64  14493.3  429.724
15  2  4  3717.1  26009.1  952.874
For row 15 and col 3, pedestal is 174.186
15  3  1  378.024  2110.39  99.3625
15  3  2  994.063  5744.66  234.353
15  3  3  60.7754  371.615  20.6933
For row 15 and col 4, pedestal is 212.261
15  4  1  138.454  869.644  72.6217
15  4  2  274.346  1699.29  125.881
15  4  3  720.706  5000.95  311.342
15  4  4  1875.6  12320.6  661.226
For row 15 and col 5, pedestal is 180.083
15  5  1  155.781  1086.62  86.4802
15  5  2  251.922  1682.23  142.165
15  5  3  683.025  4896.1  320.364
15  5  4  2349.9  15904  854.609
For row 15 and col 6, pedestal is 219.691
15  6  1  373.958  2112.92  124.604
15  6  2  520.823  2959.42  172.564
15  6  3  1441.87  9213.17  367.45
15  6  4  2144.93  17668.1  662.165
For row 15 and col 7, pedestal is 224.459
15  7  1  250.714  1638.3  152.665
15  7  2  316.236  2159.38  189.765
15  7  3  701.341  5396.74  333.954
15  7  4  1158.95  11141.3  657.885
For row 15 and col 8, pedestal is 175.471
15  8  1  352.974  2118.21  180.881
15  8  2  391.867  2443.4  205.021
15  8  3  1227.46  8683.28  552.501
15  8  4  1577.78  13985.8  807.692
For row 15 and col 9, pedestal is 190.234
15  9  1  223.983  1241.11  102.454
15  9  2  415.173  2388.45  190.686
15  9  3  838.389  5025.78  348.088
15  9  4  1774.82  11382.9  625.945
For row 15 and col 10, pedestal is 184.422
15  10  1  198.051  1103.55  78.5274
15  10  2  483.914  2781.24  177.968
15  10  3  934.896  5623.48  336.112
15  10  4  1101.53  7138.82  375.626
For row 15 and col 11, pedestal is 206.071
15  11  1  201.754  1138.19  59.7877
15  11  2  564.255  3283.84  162.047
15  11  3  1056.17  6456.78  278.897
15  11  4  2076.26  13556.3  474.478
For row 16 and col 0, pedestal is 181.562
16  0  1  37.4584  196.858  18.9758
16  0  2  508.123  3082.91  198.162
16  0  3  1268.92  7880.79  410.58
16  0  4  2092.67  14504.9  634.986
For row 16 and col 1, pedestal is 217.841
16  1  1  282.504  1576.33  74.3162
16  1  2  838.342  5143.67  198.754
16  1  3  2146.88  13308  387.394
16  1  4  3308.2  23222.2  502.17
For row 16 and col 2, pedestal is 208.986
16  2  1  194.451  1083.91  106.882
16  2  2  415.906  2563.4  223.934
16  2  3  1173.7  7448.18  511.762
16  2  4  1242.74  8750.88  595.299
For row 16 and col 3, pedestal is 203.372
16  3  1  246.439  1364.03  100.754
16  3  2  507.377  2977.21  194.161
16  3  3  756.364  4931.78  295.84
16  3  4  2923.68  18003.9  836.872
For row 16 and col 4, pedestal is 229.33
16  4  1  110.24  816.533  87.38
16  4  2  171.61  1130.24  117.343
16  4  3  418.294  2951.3  263.479
16  4  4  1638.25  10669.4  789.67
For row 16 and col 5, pedestal is 193.512
16  5  1  23.2755  72.0433  75.6189
16  5  2  500.576  2786.19  141.282
16  5  3  1044.09  6389.91  284.698
16  5  4  120.581  767.672  49.8987
For row 16 and col 6, pedestal is 189.777
16  6  1  246.249  1348.32  204.125
16  6  2  346.12  2295.27  240.97
16  6  3  825.919  6139.78  510.949
16  6  4  963.268  9233.1  661.777
For row 16 and col 7, pedestal is 220.869
16  7  1  171.941  989.646  108.324
16  7  2  266.74  1763.01  139.091
16  7  3  506.536  3845.68  306.356
16  7  4  792.838  7670.92  504.508
For row 16 and col 8, pedestal is 190.464
16  8  1  803.076  4675.85  136.365
16  8  2  1313.5  8115.35  217.548
16  8  3  3128  21459.4  357.404
16  8  4  3779.43  32973.7  638.999
For row 16 and col 9, pedestal is 217.5
16  9  1  207.488  1148.67  88.556
16  9  2  502.523  2918.99  190.918
16  9  3  1032.96  6373.16  379.827
16  9  4  1813.38  11891.4  575.541
For row 16 and col 10, pedestal is 211.312
16  10  1  488.711  2793.51  111.693
16  10  2  1213.76  7139.08  251.582
16  10  3  2012.9  12284.8  398.511
16  10  4  3399.67  22357.2  490.551
For row 16 and col 11, pedestal is 207.615
16  11  1  93.3063  504.279  74.6969
16  11  2  213.136  1225.27  154.167
16  11  3  389.438  2339.27  263.885
16  11  4  878.136  5685.11  486.209
For row 17 and col 0, pedestal is 192.494
17  0  1  233.316  1236.01  90.6914
17  0  2  578.057  3407.23  207.333
17  0  3  1498.55  9040.12  430.121
17  0  4  2349.5  15762.3  654.299
For row 17 and col 1, pedestal is 200.493
17  1  1  17.51  110.043  23.405
17  1  2  181.688  1145.69  125.425
17  1  3  28.805  204.192  24.0228
17  1  4  755.648  5198.85  443.511
For row 17 and col 2, pedestal is 198.568
17  2  1  623.623  3568.39  99.2842
17  2  2  1478.99  9209.33  220.316
17  2  3  3735.39  23921.8  386.367
For row 17 and col 3, pedestal is 225.668
17  3  1  243.627  1344.59  90.8606
17  3  2  484.744  2785.66  161.631
17  3  3  819.623  5238.38  293.285
17  3  4  2943.19  17686.1  746.673
For row 17 and col 4, pedestal is 210.377
17  4  1  187.311  994.873  97.2615
17  4  2  369.889  2250.49  188.617
17  4  3  593.561  4143.26  293.042
17  4  4  1454.78  9596.8  606.155
For row 17 and col 5, pedestal is 175.476
17  5  1  465.635  2429.92  107.475
17  5  2  828.808  4519.06  176.271
17  5  3  1660.18  10106.1  295.927
For row 17 and col 6, pedestal is 220.316
17  6  1  305.498  1424.77  126.316
17  6  2  420.499  2326.5  175.281
17  6  3  957.785  5856.02  339.447
17  6  4  1373.19  11042.2  555.585
For row 17 and col 7, pedestal is 231.232
17  7  1  110.344  661.079  106.78
17  7  2  165.572  1181.24  154.869
17  7  3  299.683  2320.91  333.653
17  7  4  451.823  4434.91  534.463
For row 17 and col 8, pedestal is 214.56
17  8  1  526.839  3036.78  88.0358
17  8  2  1373.34  8203.19  235.379
17  8  3  3289.96  21834  326.542
17  8  4  3803.34  32288.8  873.201
For row 17 and col 9, pedestal is 217.506
17  9  1  289.787  1712.98  64.6028
17  9  2  550.588  3247.37  115.993
17  9  3  1363.82  8302.56  249.84
17  9  4  2159.89  13997.5  352.718
For row 17 and col 10, pedestal is 205.308
17  10  1  421.614  2408.38  100.986
17  10  2  899.886  5191.27  205.213
17  10  3  1357.94  8147.72  308.275
17  10  4  2315.93  14806.7  457.277
For row 17 and col 11, pedestal is 243.16
17  11  1  114.523  576.513  71.1321
17  11  2  323.797  1764.59  187.294
17  11  3  624.904  3762.51  329.676
17  11  4  843.744  5420.86  431.199
For row 18 and col 0, pedestal is 209.948
18  0  1  195.546  1086.85  42.9846
18  0  2  563.678  3325.87  116.903
18  0  3  831.469  5279.47  169.975
For row 18 and col 1, pedestal is 215.909
18  1  1  32.3195  165.738  65.3043
18  1  2  76.2679  447.216  156.205
18  1  3  156.109  1005.01  290.889
18  1  4  558.656  4066.95  682.846
For row 18 and col 2, pedestal is 209.611
18  2  1  342.809  1849.62  60.9445
18  2  2  943.884  5427.49  152.724
18  2  3  1433.95  8914.18  216.777
For row 18 and col 3, pedestal is 240.94
18  3  1  227.397  1443.87  86.1598
18  3  2  504.612  3378.03  181.465
18  3  3  1233.55  8347.89  386.682
18  3  4  2171.02  16636.4  582.024
For row 18 and col 4, pedestal is 195.427
18  4  1  245.832  1296.13  93.1763
18  4  2  519.183  2887.42  180.933
18  4  3  1065.21  5990.77  304.153
18  4  4  1891.71  12234.2  517.325
For row 18 and col 5, pedestal is 188.327
18  5  1  169.106  997.964  128.675
18  5  2  362.083  2306.81  223.438
18  5  3  721.629  4663.09  377.185
18  5  4  1323.4  9897.82  590.996
For row 18 and col 6, pedestal is 209.647
18  6  1  175.172  1175.02  133.342
18  6  2  320.391  2167.23  199.987
18  6  3  646.363  4891.2  360.066
18  6  4  1517.44  11588.6  706.303
For row 18 and col 7, pedestal is 230.523
18  7  1  235.475  1499.33  139.353
18  7  2  400.089  2634.81  206.689
18  7  3  809.382  5986.54  361.574
18  7  4  2071.77  15605.3  731.541
For row 18 and col 8, pedestal is 239.433
18  8  1  1074.47  6314.98  118.33
18  8  2  2099.77  12870  203.933
18  8  3  3634.5  24808.1  416.659
For row 18 and col 9, pedestal is 231.554
18  9  1  241.081  1715.09  87.7957
18  9  2  412.855  2914.9  129.447
18  9  3  854.025  6514.17  266.46
18  9  4  2445.96  18899.3  606.214
For row 18 and col 10, pedestal is 217.6
18  10  1  399.831  2794.17  79.9582
18  10  2  529.755  3665.88  89.129
18  10  3  1018.19  7608.72  178.243
18  10  4  3208.61  23756.9  313.216
For row 18 and col 11, pedestal is 183.552
18  11  1  183.66  1243.4  54.8935
18  11  2  207.887  1409.81  59.7581
18  11  3  518.202  3816.91  139.479
18  11  4  1686.45  12498.8  386.813
For row 19 and col 0, pedestal is 189.832
19  0  1  199.771  1046.12  49.9158
19  0  2  546.739  3115.37  117.873
19  0  3  945.948  5846.29  194.32
19  0  4  3845.2  28262.8  2801.43
For row 19 and col 1, pedestal is 220.718
19  1  1  587.673  3264.43  63.3715
19  1  2  1392.52  8246.07  149.744
19  1  3  2238.58  14283  215.483
For row 19 and col 2, pedestal is 250.635
19  2  1  257.467  1395.34  70.6739
19  2  2  642.05  3716.47  171.253
19  2  3  891.6  5610.27  242.255
19  2  4  3905.34  27190.8  706.11
For row 19 and col 3, pedestal is 231.071
19  3  1  201.357  1159.71  116.537
19  3  2  416.394  2573.32  238.466
19  3  3  741.125  4673.96  398.395
19  3  4  1497.98  10771.9  741.641
For row 19 and col 4, pedestal is 204.397
19  4  1  148.678  822.2  89.5297
19  4  2  285.553  1803.62  184.41
19  4  3  542.839  3459.04  289.17
19  4  4  1129.24  8226.45  521.918
For row 19 and col 5, pedestal is 218.702
19  5  1  217.285  1119.19  82.1098
19  5  2  472.551  2614.71  156.954
19  5  3  1382.59  7741.8  373.909
19  5  4  2187.24  14113.1  552.206
For row 19 and col 6, pedestal is 219.127
19  6  1  206.763  1122.05  94.0662
19  6  2  343.032  1980.95  152.307
19  6  3  662.194  4208.92  257.374
19  6  4  1189.51  7683.61  465.302
For row 19 and col 7, pedestal is 237.639
19  7  1  114.078  736.598  103.228
19  7  2  177.113  1198.67  162.045
19  7  3  281.339  2139.37  224.84
19  7  4  860.848  6522.95  622.01
For row 19 and col 8, pedestal is 208.606
19  8  1  366.92  2259.89  124.106
19  8  2  539.883  3477.41  190.867
19  8  3  971.699  6915.44  330.205
19  8  4  2127.74  15074.5  651.259
For row 19 and col 9, pedestal is 183.298
19  9  1  361.762  2544.62  86.0394
19  9  2  611.302  4222.78  124.306
19  9  3  1364.5  10174.8  278.983
19  9  4  3605.67  26916.6  557.493
For row 19 and col 10, pedestal is 200
19  10  1  201.076  1422.66  76.5313
19  10  2  418.019  2947.1  137.731
19  10  3  868.617  6628.98  295.242
19  10  4  2169.82  16745.9  603.236
For row 19 and col 11, pedestal is 195.139
19  11  1  125.847  840.6  59.9713
19  11  2  191.095  1281.88  75.2855
19  11  3  658.276  4920.88  271.764
19  11  4  1682.17  12644.1  555.362
For row 20 and col 0, pedestal is 240.779
20  0  1  86.2877  459.268  46.7826
20  0  2  260.254  1518.6  136.623
20  0  3  453.85  2855.93  224.475
20  0  4  2246.79  15971.1  590.484
For row 20 and col 1, pedestal is 234.62
20  1  1  234.616  1316.74  60.5717
20  1  2  592.594  3508.87  146.613
20  1  3  1090.51  6944.4  249.641
20  1  4  3906.4  28089.5  1541.01
For row 20 and col 2, pedestal is 213.556
20  2  1  649.558  3570.43  65.8059
20  2  2  1615.94  9321.57  157.528
20  2  3  2536.13  15861.3  223.41
For row 20 and col 3, pedestal is 216.298
20  3  1  263.749  1552.13  100.866
20  3  2  616.415  3777.6  228.168
20  3  3  948.037  5847.4  325.767
20  3  4  2280.87  15945  723.134
For row 20 and col 4, pedestal is 171.541
20  4  1  111.771  615.439  69.5753
20  4  2  25.976  90.9601  139.143
20  4  3  503.403  3193.63  287.016
20  4  4  860.672  6279.82  441.899
For row 20 and col 5, pedestal is 188.005
20  5  1  414.548  2164.13  92.3389
20  5  2  960.874  5418.72  185.644
20  5  3  2508.24  14398.5  318.737
20  5  4  4912.2  27535.6  42.8917
For row 20 and col 6, pedestal is 222.652
20  6  1  246.16  1463.17  167.003
20  6  2  420.633  2617.77  237.946
20  6  3  823.548  5870.57  379.439
20  6  4  1760.26  12924.1  678.916
For row 20 and col 7, pedestal is 194.585
20  7  1  137.73  908.985  131.304
20  7  2  208.166  1428.78  187.29
20  7  3  403.185  3065.68  333.102
20  7  4  903.053  6925.16  631.583
For row 20 and col 8, pedestal is 214.458
20  8  1  487.147  2909.19  149.611
20  8  2  666.908  4194.84  202.225
20  8  3  1474.17  10189.8  413.657
20  8  4  2601.72  17924.2  675.306
For row 20 and col 9, pedestal is 211.069
20  9  1  219.11  1586.53  76.0668
20  9  2  361.167  2604.21  106.984
20  9  3  831.485  6485.79  272.009
20  9  4  1454.87  11475.9  405.873
For row 20 and col 10, pedestal is 224.428
20  10  1  151.85  1052.62  68.8906
20  10  2  329.665  2265.64  123.423
20  10  3  669.593  5035.33  258.366
20  10  4  1145.39  8686.68  374.89
For row 20 and col 11, pedestal is 210.842
20  11  1  161.675  1149.93  85.8236
20  11  2  214.686  1506.14  106.393
20  11  3  676.76  5119.91  272.816
20  11  4  1935.17  14735.5  519.557
For row 21 and col 0, pedestal is 221.324
21  0  1  112.975  630.766  48.6709
21  0  2  277.008  1711  115.756
21  0  3  520.059  3393.08  227.523
21  0  4  1856.06  13560.9  612.698
For row 21 and col 1, pedestal is 293.757
21  1  1  341.498  1880.99  55.4115
21  1  2  919.582  5352.6  138.645
21  1  3  1788.68  11208.9  250.583
For row 21 and col 2, pedestal is 214.074
21  2  1  570  3213.01  64.3533
21  2  2  1376.48  8165.88  143.672
21  2  3  2465.73  15783.2  237.793
For row 21 and col 3, pedestal is 254.465
21  3  1  637.916  3655.55  108.678
21  3  2  1241.26  7522.11  188.133
21  3  3  2569.77  15727.8  351.662
For row 21 and col 4, pedestal is 205.351
21  4  1  190.746  1091.06  93.5882
21  4  2  374.973  2422.69  169.136
21  4  3  905.531  5988.45  361.394
21  4  4  1575.37  12023.1  571.815
For row 21 and col 5, pedestal is 186.712
21  5  1  219.897  1156.68  66.7227
21  5  2  525.589  2941.39  142.35
21  5  3  1248.74  7136.58  300.686
21  5  4  2491.74  16380.4  495.748
For row 21 and col 6, pedestal is 240.633
21  6  1  351.31  1852.72  112.087
21  6  2  522.437  2945.95  160.133
21  6  3  1167.71  7323.07  306.047
21  6  4  2287.99  14647.1  578.672
For row 21 and col 7, pedestal is 247.514
21  7  1  225.368  1443.37  112.259
21  7  2  269.165  1829.47  130.063
21  7  3  362.806  2697.64  176.421
21  7  4  1157.64  8763.55  500.263
For row 21 and col 8, pedestal is 239.706
21  8  1  438.426  2592.85  148.533
21  8  2  638.217  3957.78  211.642
21  8  3  1260.32  8646  406.351
21  8  4  1220.74  8313.02  397.852
For row 21 and col 9, pedestal is 248.87
21  9  1  266.181  1872.62  85.1899
21  9  2  465.185  3171.28  122.165
21  9  3  1093.54  8099.02  293.402
21  9  4  2876.49  21480.7  655.966
For row 21 and col 10, pedestal is 234.203
21  10  1  265.922  1895.61  77.2427
21  10  2  438.616  3071.09  109.914
21  10  3  949.251  7185.67  251.718
21  10  4  2171.97  16591.6  498.839
For row 21 and col 11, pedestal is 219.82
21  11  1  398.74  2843.16  83.8248
21  11  2  787.855  5494.62  144.249
21  11  3  1261.41  9508.58  234.405
21  11  4  3234.96  24641.5  419.644
For row 22 and col 0, pedestal is 267.861
22  0  1  45.2512  242.805  46.8691
22  0  2  80.9422  490.519  97.2529
22  0  3  195.207  1210.12  202.985
22  0  4  831.477  5822.2  630.859
For row 22 and col 1, pedestal is 224.557
22  1  1  118.077  708.851  30.1024
22  1  2  329.643  2059.31  85.5941
22  1  3  944.817  6224.73  227.864
22  1  4  2757.5  20286  527.153
For row 22 and col 2, pedestal is 245.836
22  2  1  268.641  1483.33  45.4859
22  2  2  550.327  3261.98  98.7774
22  2  3  1571.84  9901.16  233.936
For row 22 and col 3, pedestal is 253.749
22  3  1  534.475  3095.15  106.965
22  3  2  1114.74  6847.42  208.48
22  3  3  2151.44  13351.5  380.815
For row 22 and col 4, pedestal is 217.738
22  4  1  176.309  938.421  102.29
22  4  2  370.583  2310.55  203.773
22  4  3  903.895  5842.21  399.569
22  4  4  1433.62  10649.5  569.11
For row 22 and col 5, pedestal is 231.594
22  5  1  349.771  1816.08  93.3845
22  5  2  604.614  3317.09  150.238
22  5  3  1813.16  10143.3  351.067
22  5  4  2535.68  16263  464.992
For row 22 and col 6, pedestal is 250.092
22  6  1  204.849  1269.2  110.326
22  6  2  369.814  2447.38  183.973
22  6  3  816.381  6032.93  375.395
22  6  4  1268.07  9492.04  571.701
For row 22 and col 7, pedestal is 246.038
22  7  1  172.361  1181.88  98.1981
22  7  2  238.031  1747.82  123.932
22  7  3  565.25  4360.3  287.799
22  7  4  1244.62  9466.32  579.385
For row 22 and col 8, pedestal is 236.689
22  8  1  614.647  3657.89  115.573
22  8  2  982.577  6130.12  183.338
22  8  3  1625.96  11162.8  276.951
For row 22 and col 9, pedestal is 208.163
22  9  1  204.002  1445.94  50.911
22  9  2  373.758  2572.05  81.524
22  9  3  652.936  4864.2  150.388
22  9  4  2160.19  16194.4  388.752
For row 22 and col 10, pedestal is 230.021
22  10  1  126.634  895.376  68.5142
22  10  2  233.124  1617.1  103.658
22  10  3  375.567  2834.08  168.45
22  10  4  1249.21  9443  437.145
For row 22 and col 11, pedestal is 223.685
22  11  1  231.001  1644.3  53.0589
22  11  2  623.611  4392.67  122.763
22  11  3  1220.6  9280.04  242.445
22  11  4  2858.25  21833.1  414.838
For row 23 and col 0, pedestal is 232.051
23  0  1  128.999  697.452  47.7644
23  0  2  424.352  2525.68  132.448
23  0  3  686.778  4401.07  201.391
23  0  4  3149.88  22773.6  443.231
For row 23 and col 1, pedestal is 203.267
23  1  1  69.8555  367.164  53.2162
23  1  2  180.011  1077.42  138.767
23  1  3  383.162  2454.67  265.801
23  1  4  1469.18  10791.9  781.667
For row 23 and col 2, pedestal is 226.952
23  2  1  88.2527  470.852  36.7436
23  2  2  380.009  2232.06  137.603
23  2  3  706.867  4480.97  230.001
23  2  4  2524.83  18021.8  485.984
For row 23 and col 3, pedestal is 239.034
23  3  1  185.903  1034.54  92.8826
23  3  2  342.665  2038.02  163.652
23  3  3  579.077  3471.47  273.191
23  3  4  1381.28  9559.92  575.324
For row 23 and col 4, pedestal is 231.729
23  4  1  215.352  1312.24  120.732
23  4  2  427.301  2791.15  216.27
23  4  3  928.705  6138.8  400.192
23  4  4  2030.95  15268.7  684.755
For row 23 and col 5, pedestal is 232.645
23  5  1  225.893  1110.49  80.1062
23  5  2  613.233  3417.57  196.982
23  5  3  1399.32  8023.77  371.501
23  5  4  2085.72  13675.8  523.367
For row 23 and col 6, pedestal is 226.25
23  6  1  177.56  1062.26  165.165
23  6  2  263.744  1691.97  179.396
23  6  3  344.832  2494.91  273.525
23  6  4  980.73  7299.95  573.099
For row 23 and col 7, pedestal is 191.902
23  7  1  180.185  1024.07  104.364
23  7  2  246.054  1722.47  170.107
23  7  3  546.603  4237.63  346.949
23  7  4  927.656  7289.51  585.923
For row 23 and col 8, pedestal is 215.199
23  8  1  538.087  3243.79  112.104
23  8  2  1023.42  6468.94  204.896
23  8  3  1835.59  12770.9  359.653
23  8  4  3438.01  24126.3  548.772
For row 23 and col 9, pedestal is 195.239
23  9  1  237.967  1737.34  61.9099
23  9  2  510.985  3584.66  115.475
23  9  3  999.949  7558.15  219.338
23  9  4  2458.75  18615.4  456.556
For row 23 and col 10, pedestal is 197.361
23  10  1  241.114  1746.96  67.6204
23  10  2  504.72  3485.1  118.723
23  10  3  1057.41  7983.83  263.292
23  10  4  2828.71  21257.8  507.865
For row 23 and col 11, pedestal is 249.078
23  11  1  169.08  1213.34  60.0277
23  11  2  309.126  2169.71  89.6395
23  11  3  566.142  4288.29  179.279
23  11  4  1622.69  12453.2  424.576
