#All information for run 1286.
#Row Col LED <Max> <Int> NPE
For row 12 and col 0, pedestal is 238.346
12  0  1  48.4009  249.028  93.4327
12  0  2  105.683  639.059  190.689
12  0  3  208.042  1330.09  347.537
12  0  4  444.297  3198.86  692.677
12  0  5  977.46  8770.52  1533.34
For row 12 and col 1, pedestal is 194.235
12  1  1  11.9044  44.4595  29.9561
12  1  2  88.5102  543.616  162.414
12  1  3  312.595  1938.98  447.452
12  1  4  400.131  2753.84  586.901
12  1  5  525.896  4532  842.406
For row 12 and col 2, pedestal is 214.216
12  2  1  26.759  145.514  78.9239
12  2  2  64.79  402.166  192.932
12  2  3  133.362  818.665  309.648
12  2  4  303.976  2110.09  662.238
12  2  5  714.125  6212.08  852.419
For row 12 and col 3, pedestal is 215.522
12  3  1  68.2897  431.239  98.4909
12  3  2  166.725  1040.77  222.127
12  3  3  224.228  1515.98  314.908
12  3  4  762.526  4792.14  866.667
12  3  5  1971.67  13744.5  1871.21
For row 12 and col 4, pedestal is 231.424
12  4  1  35.1206  194.355  96.4914
12  4  2  57.1335  356.186  108.67
12  4  3  128.574  893.397  223.435
12  4  4  484.191  3088.31  656.706
12  4  5  1230.1  8782.09  1483.54
For row 12 and col 5, pedestal is 207.758
12  5  1  82.737  576.1  61.6661
12  5  2  151.676  1058.44  130.311
12  5  3  292.342  2123.71  248.755
12  5  4  789.042  5175.86  622.785
12  5  5  2847.41  20845.6  1632.52
For row 12 and col 6, pedestal is 203.814
12  6  1  66.191  487.48  140.326
12  6  2  112.26  712.647  140.058
12  6  3  187.308  1393.46  220.158
12  6  4  313.996  3078.96  467.913
12  6  5  1012.5  7918.64  985.309
For row 12 and col 7, pedestal is 195.864
12  7  1  35.7532  241.711  73.4673
12  7  2  63.6002  313.179  100.759
12  7  3  132.868  901.369  189.581
12  7  4  186.13  1599.75  283.816
12  7  5  679.235  5238.46  857.98
For row 12 and col 8, pedestal is 234.078
12  8  1  37.9002  196.768  79.8346
12  8  2  77.7198  477.952  122.603
12  8  3  246.264  1653.33  345.113
12  8  4  301.9  2624.51  444.552
12  8  5  960.413  6893.27  826.812
For row 12 and col 9, pedestal is 229.8
12  9  1  54.281  306.051  94.7046
12  9  2  127.25  729.406  216.95
12  9  3  197.429  1199.82  347.027
12  9  4  284.57  1862.95  475.379
12  9  5  684.623  4962.38  1008.2
For row 12 and col 10, pedestal is 214.412
12  10  1  50.8634  261.343  98.226
12  10  2  104.106  617.836  219.507
12  10  3  157.805  971.908  309.691
12  10  4  297.056  1952.5  515.212
12  10  5  534.631  3944.35  862.467
For row 12 and col 11, pedestal is 183.852
12  11  1  61.079  335.519  115.984
12  11  2  125.693  722.022  207.493
12  11  3  213.486  1309.89  309.172
12  11  4  426.753  2888.35  457.699
12  11  5  608.487  4472.52  648.938
For row 13 and col 0, pedestal is 168.235
13  0  1  40.1501  214.498  43.0564
13  0  2  116.192  739.681  120.834
13  0  3  360.63  2298.28  318.52
13  0  4  653.232  4611.8  539.114
13  0  5  1945.76  17046  1154.7
For row 13 and col 1, pedestal is 199.019
13  1  1  53.5473  307.013  63.9646
13  1  2  155.065  972.689  181.061
13  1  3  245.819  1556.6  267.029
13  1  4  572.533  4020.91  580.652
13  1  5  969.83  8498.19  1059.29
For row 13 and col 2, pedestal is 214.041
13  2  1  37.8286  229.202  92.6995
13  2  2  84.2761  564.655  189.615
13  2  3  214.661  1419.9  408.438
13  2  4  410.85  2997.61  687.321
13  2  5  809.743  7302.07  1178.58
For row 13 and col 3, pedestal is 195.278
13  3  1  52.1819  321.774  85.297
13  3  2  89.5462  567.013  162.692
13  3  3  170.877  1156.44  294.061
13  3  4  568.373  3565.51  889.827
13  3  5  1215.75  8448.87  1771.65
For row 13 and col 4, pedestal is 204.663
13  4  1  38.9776  240.271  27.0978
13  4  2  295.276  1652.65  162.561
13  4  3  439.139  2730.42  248.337
13  4  4  1752.93  10191  759.638
For row 13 and col 5, pedestal is 202.759
13  5  1  49.0206  292.149  108.693
13  5  2  93.6667  548.847  161.128
13  5  3  168.315  1146.85  344.928
13  5  4  437.071  2797.11  771.514
13  5  5  1339.77  9699.35  1927.94
For row 13 and col 6, pedestal is 149.876
13  6  1  236.636  1289.09  161.468
13  6  2  359.257  2032.84  215.566
13  6  3  768.025  4957.7  396.4
13  6  4  1250.52  10437.2  722.442
13  6  5  3922.8  28742.3  1543.66
For row 13 and col 7, pedestal is 196.743
13  7  1  116.943  672.936  113.786
13  7  2  217.177  1313.55  195.992
13  7  3  390.296  2784.41  379.743
13  7  4  629.908  5784.62  660.439
13  7  5  1890.81  14649.8  1255.48
For row 13 and col 8, pedestal is 224.854
13  8  1  86.8844  481.121  122.83
13  8  2  117.074  747.592  168.599
13  8  3  279.324  1961.03  372.35
13  8  4  395.528  3507.4  581.384
13  8  5  1196.07  8937.21  1316.11
For row 13 and col 9, pedestal is 214.557
13  9  1  35.0455  217.845  75.1471
13  9  2  92.7304  567.844  176.778
13  9  3  148.116  924.259  281.935
13  9  4  300.978  2008.73  527.555
13  9  5  622.018  4629.93  995.885
For row 13 and col 10, pedestal is 196.265
13  10  1  44.9445  285.069  90.3012
13  10  2  104.683  641.435  171.373
13  10  3  191.01  1194.34  345.634
13  10  4  351.522  2371.27  560.874
13  10  5  686.76  5112.56  1026.05
For row 13 and col 11, pedestal is 211.076
13  11  1  38.8964  222.751  85.8107
13  11  2  71.4418  433.676  177.842
13  11  3  149.059  919.177  361.682
13  11  4  263.327  1762.9  571.417
13  11  5  486.346  3653.02  970.675
For row 14 and col 0, pedestal is 202.616
14  0  1  25.8309  125.716  65.4347
14  0  2  56.8626  359.642  164.415
14  0  3  138.477  886.874  348.111
14  0  4  321.227  2296.44  669.994
14  0  5  798.509  7096.9  1485.33
For row 14 and col 1, pedestal is 226.876
14  1  1  43.3484  261.62  81.3906
14  1  2  78.3083  510.523  151.23
14  1  3  205.172  1349.09  350.826
14  1  4  235.952  1728.84  428.564
14  1  5  722.361  6537.21  1058.11
For row 14 and col 2, pedestal is 188.987
14  2  1  57.8565  340.02  88.8469
14  2  2  105.608  708.636  145.237
14  2  3  334.459  2226.78  396.976
14  2  4  377.888  2792.04  456.478
14  2  5  955.685  8718.44  942.854
For row 14 and col 3, pedestal is 211.206
14  3  1  31.8058  149.936  111.579
14  3  2  61.605  355.939  228.975
14  3  3  59.6487  366.893  217.127
14  3  4  270.748  1708.11  832.762
14  3  5  921.535  6457.93  2238.68
For row 14 and col 4, pedestal is 185.242
14  4  1  58.0006  385.66  75.1277
14  4  2  127.254  825.191  139.443
14  4  3  229.057  1639.72  262.169
14  4  4  665.355  4329.21  632.159
14  4  5  2725.07  19818.3  1846.05
For row 14 and col 5, pedestal is 217.28
14  5  1  92.4065  574.501  74.6106
14  5  2  151.896  930.583  119.84
14  5  3  319.661  2235.15  258.15
14  5  4  1087.6  7150.03  740.692
14  5  5  3483.85  25810.3  1104.7
For row 14 and col 6, pedestal is 180.395
14  6  1  120.953  559.768  103.048
14  6  2  171.51  1092.71  217.943
14  6  3  285.085  2051.21  331.744
14  6  4  501.711  4763.36  628.05
14  6  5  1587.72  12884.1  1291.03
For row 14 and col 7, pedestal is 227.905
14  7  1  83.8649  513.418  143.632
14  7  2  144.121  916.766  203.562
14  7  3  307.167  2288.9  371.435
14  7  4  371.299  3605.31  549.065
14  7  5  1387.3  11295.2  1226.3
For row 14 and col 8, pedestal is 201.048
14  8  1  69.4947  468.939  170.6
14  8  2  82.5588  599.278  226.017
14  8  3  212.561  1609.93  459.778
14  8  4  338.494  3205.12  886.476
14  8  5  916.309  7228.18  1805.8
For row 14 and col 9, pedestal is 212.47
14  9  1  26.7786  164.074  70.4968
14  9  2  68.9514  425.923  239.042
14  9  3  105.932  664.89  325.628
14  9  4  199.796  1336.45  504.94
14  9  5  379.086  2850  865.167
For row 14 and col 10, pedestal is 237.814
14  10  1  57.3911  375.509  61.6657
14  10  2  123.363  785.777  131.102
14  10  3  270.85  1755.33  275.797
14  10  4  438.222  3062.47  419.768
14  10  5  922.971  7169.38  855.837
For row 14 and col 11, pedestal is 209.305
14  11  1  14.2164  106.818  57.7108
14  11  2  37.9479  262.393  110.26
14  11  3  62.5383  426.03  187.347
14  11  4  153.066  1184.62  39.6216
14  11  5  325.246  2532.85  71.0506
For row 15 and col 0, pedestal is 231.977
15  0  1  61.6792  368.646  73.7858
15  0  2  149.268  902.755  182.683
15  0  3  398.259  2512.16  391.689
15  0  4  667.811  4657.84  646.031
15  0  5  1240.91  10709.1  1263.32
For row 15 and col 1, pedestal is 199.63
15  1  1  23.1721  103.795  42.5979
15  1  2  64.9297  392.754  159.052
15  1  3  228.121  1460.24  396.305
15  1  4  311.777  2211.5  568.335
15  1  5  733.002  6440.69  1294.07
For row 15 and col 2, pedestal is 220.902
15  2  1  53.1609  314.419  97.2029
15  2  2  109.878  717.463  188.655
15  2  3  301.922  1929.66  474.537
15  2  4  476.434  3342.99  731.446
15  2  5  1273.83  11030.6  1831.06
For row 15 and col 3, pedestal is 173.965
15  3  1  50.3978  281.186  97.5311
15  3  2  131.469  741.936  223.185
15  3  3  9.90471  57.3041  32.4207
15  3  4  564.981  3477.59  721.903
15  3  5  1614.54  11021  1327.88
For row 15 and col 4, pedestal is 211.766
15  4  1  73.2559  424.091  83.0425
15  4  2  125.455  827.481  106.893
15  4  3  349.52  2415.12  288.898
15  4  4  884.527  5845.37  672.206
15  4  5  3311.29  24700.3  1543.91
For row 15 and col 5, pedestal is 179.734
15  5  1  86.0112  555.084  170.914
15  5  2  124.711  838.917  136.109
15  5  3  336.746  2412.88  341.798
15  5  4  1144.22  7762.32  906.938
15  5  5  3081.26  23518.2  1783.89
For row 15 and col 6, pedestal is 218.844
15  6  1  171.198  1032.25  126.358
15  6  2  242.66  1431.99  183.517
15  6  3  674.723  4393.9  386.187
15  6  4  1027.19  8511.96  675.259
15  6  5  3524.93  24608.2  1074.84
For row 15 and col 7, pedestal is 223.602
15  7  1  131.77  837.281  130.372
15  7  2  160.429  1088.62  167.871
15  7  3  336.172  2668.23  375.01
15  7  4  569.051  5449.75  610.439
15  7  5  1119.9  8896.01  1014.93
For row 15 and col 8, pedestal is 174.97
15  8  1  50.6325  277.592  160.052
15  8  2  54.582  321.53  211.398
15  8  3  161.294  1136.62  607.993
15  8  4  210.601  1837.83  836.347
15  8  5  553.407  4184.42  1673.88
For row 15 and col 9, pedestal is 189.41
15  9  1  34.5561  187.177  111.756
15  9  2  64.6109  345.978  182.043
15  9  3  121.206  711.622  354.121
15  9  4  249.196  1597.17  598.778
15  9  5  516.358  3780.03  1140.09
For row 15 and col 10, pedestal is 184.082
15  10  1  22.6908  142.233  63.8287
15  10  2  52.3099  336.723  181.777
15  10  3  107.003  676.734  345.795
15  10  4  126.243  860.123  375.096
15  10  5  383.416  2859.14  933.364
For row 15 and col 11, pedestal is 205.514
15  11  1  26.8923  158.006  62.8227
15  11  2  74.2656  440.087  170.64
15  11  3  139.411  858.394  307.613
15  11  4  270.637  1788.11  514.731
15  11  5  490.702  3669.2  842.069
For row 16 and col 0, pedestal is 180.99
16  0  1  9.08572  48.7649  33.4278
16  0  2  79.5001  482.976  200.429
16  0  3  186.403  1179.35  421.302
16  0  4  307.228  2144.17  678.691
16  0  5  765.142  6636.07  1416.07
For row 16 and col 1, pedestal is 217.13
16  1  1  40.5207  221.551  74.3118
16  1  2  108.982  681.873  198.423
16  1  3  268.853  1697.97  421.766
16  1  4  406.435  2870.32  563.456
16  1  5  1219.5  10765.7  867.479
For row 16 and col 2, pedestal is 208.221
16  2  1  30.8731  154.464  101.726
16  2  2  59.3286  356.709  191.026
16  2  3  156.307  1007.7  453.031
16  2  4  166.491  1182.81  541.348
16  2  5  342.33  3066.57  1231.14
For row 16 and col 3, pedestal is 203.122
16  3  1  33.1534  174.861  96.4036
16  3  2  66.4232  386.427  203.388
16  3  3  97.7404  641.419  291.132
16  3  4  373.368  2315.94  840.873
16  3  5  988.481  6824.27  1877.86
For row 16 and col 4, pedestal is 228.584
16  4  1  61.816  415.168  118.192
16  4  2  76.8417  566.156  104.132
16  4  3  190.035  1423.17  254.818
16  4  4  766.782  5019.36  812.18
16  4  5  2076.42  15210.5  1840.79
For row 16 and col 5, pedestal is 193.382
16  5  1  21.3913  53.7027  116.027
16  5  2  238.488  1366.32  144.308
16  5  3  494.009  3084.21  278.087
16  5  4  65.7212  390.562  65.5069
16  5  5  3938.07  26557.3  1681.23
For row 16 and col 6, pedestal is 189.532
16  6  1  142.162  692.369  188.26
16  6  2  163.55  1142.69  202.014
16  6  3  399.676  2949.34  471.237
16  6  4  454.04  4423.53  642.812
16  6  5  1505.02  12133.7  1300.71
For row 16 and col 7, pedestal is 220.683
16  7  1  84.8119  495.84  93.4073
16  7  2  120.391  881.575  95.7964
16  7  3  247.618  1918.51  287.161
16  7  4  391.468  3825.69  435.322
16  7  5  1527.55  12328.5  1256.17
For row 16 and col 8, pedestal is 190.512
16  8  1  103.289  623.594  126.813
16  8  2  160.433  1068.33  204.445
16  8  3  376.473  2702.69  449.13
16  8  4  473.431  4281.77  635.604
16  8  5  1481.01  11070.9  1453.58
For row 16 and col 9, pedestal is 216.638
16  9  1  38.4126  199.653  75.5789
16  9  2  73.3131  467.417  147.422
16  9  3  149.534  988.186  323.777
16  9  4  265.309  1828.2  510.638
16  9  5  532.795  4019.67  860.519
For row 16 and col 10, pedestal is 211.41
16  10  1  67.3292  419.918  116.23
16  10  2  161.82  1015.35  267.376
16  10  3  268.724  1700.19  421.441
16  10  4  445.643  2962.81  611.688
16  10  5  798.054  5949.94  1047.78
For row 16 and col 11, pedestal is 207.386
16  11  1  18.3594  95.4313  101.855
16  11  2  32.982  197.39  149.77
16  11  3  59.3752  353.981  250.709
16  11  4  129.743  844.643  291.41
16  11  5  204.61  1551.4  567.829
For row 17 and col 0, pedestal is 191.513
17  0  1  32.1546  154.487  83.7525
17  0  2  72.7933  421.891  175.239
17  0  3  184.041  1117.64  441.708
17  0  4  291.031  1953.16  656.155
17  0  5  666.516  5640.05  1415.63
For row 17 and col 1, pedestal is 200.065
17  1  1  8.77199  60.7685  67.1769
17  1  2  27.5458  196.102  146.163
17  1  3  8.51446  69.9327  89.4521
17  1  4  102.548  734.229  399.617
17  1  5  289.872  2514.68  1097.72
For row 17 and col 2, pedestal is 198.18
17  2  1  81.0613  461.022  96.5425
17  2  2  193.989  1196.41  237.268
17  2  3  449.733  2885.41  460.97
17  2  4  589.497  4178.91  602.605
17  2  5  1730.26  15240.2  1598.9
For row 17 and col 3, pedestal is 225.063
17  3  1  33.4619  197.784  78.0057
17  3  2  64.5698  393.899  162.537
17  3  3  110.442  731.248  269.157
17  3  4  398.292  2442.91  813.727
17  3  5  1284.41  8716.01  2257.75
For row 17 and col 4, pedestal is 209.992
17  4  1  97.4731  513.302  107.543
17  4  2  170.729  1115.08  177.907
17  4  3  285.908  2019.41  308.153
17  4  4  700.772  4639.86  620.866
17  4  5  3178.74  23710.3  1684.23
For row 17 and col 5, pedestal is 175.455
17  5  1  230.282  1167.52  106.534
17  5  2  389.08  2141.02  180.8
17  5  3  776.14  4766.73  312.44
17  5  4  2257.7  13191.2  729.995
For row 17 and col 6, pedestal is 219.853
17  6  1  147.003  682.676  122.467
17  6  2  190.091  1123.87  158.83
17  6  3  454.538  2830.04  328.671
17  6  4  645.635  5313.68  550.241
17  6  5  2013.73  13613  1126.94
For row 17 and col 7, pedestal is 230.503
17  7  1  56.3169  355.849  88.5533
17  7  2  76.6785  622.005  118.439
17  7  3  139.735  1132.81  292.029
17  7  4  211.734  2167.56  592.976
17  7  5  610.195  4933.09  963.177
For row 17 and col 8, pedestal is 213.557
17  8  1  71.7756  445.971  89.452
17  8  2  185.201  1138.67  227.154
17  8  3  419.651  2876.62  447.347
17  8  4  509.018  4420.79  621.46
17  8  5  1872.37  13511  1543.3
For row 17 and col 9, pedestal is 216.785
17  9  1  33.6794  291.755  54.8178
17  9  2  70.4578  526.05  93.6846
17  9  3  188.178  1302.84  197.386
17  9  4  299.02  2182.49  244.278
17  9  5  813.281  6605.07  661.893
For row 17 and col 10, pedestal is 205.089
17  10  1  55.7815  344.753  103.677
17  10  2  114.179  713.518  183.628
17  10  3  174.339  1103.43  301.173
17  10  4  294.349  1992.65  485.915
17  10  5  812.927  5992.32  1119
For row 17 and col 11, pedestal is 242.547
17  11  1  28.1053  95.8932  66.1656
17  11  2  60.6342  243.534  145.336
17  11  3  85.5179  477.473  310.881
17  11  4  113.026  684.135  366.008
17  11  5  228.123  1667.36  824.106
For row 18 and col 0, pedestal is 209.543
18  0  1  23.2776  148.158  47.4524
18  0  2  69.0983  430.399  108.91
18  0  3  100.676  676.737  163.693
18  0  4  614.928  4458.94  726.551
18  0  5  589.099  3859.22  777.114
For row 18 and col 1, pedestal is 215.893
18  1  1  10.0076  28.2707  32.5492
18  1  2  8.80555  43.4085  91.5555
18  1  3  11.7574  76.3426  124.779
18  1  4  32.5501  261.38  457.237
18  1  5  42.9284  300.312  555.357
For row 18 and col 2, pedestal is 209.085
18  2  1  44.5375  250.537  60.2925
18  2  2  118.96  704.063  145.196
18  2  3  180  1143.71  222.681
18  2  4  868.917  6162.22  707.974
18  2  5  1018.1  6552.39  926.29
For row 18 and col 3, pedestal is 240.848
18  3  1  32.926  207.563  88.6693
18  3  2  67.3073  478.931  172.437
18  3  3  164.436  1158.86  344.612
18  3  4  293.747  2314.03  529.749
18  3  5  683.51  5367.42  1220.4
For row 18 and col 4, pedestal is 195.166
18  4  1  121.867  637.497  95.8209
18  4  2  249.559  1405.46  174.521
18  4  3  507.472  2871.2  322.858
18  4  4  910.555  5900.53  499.217
18  4  5  2245.36  14901.6  990.558
For row 18 and col 5, pedestal is 188.035
18  5  1  93.976  490.976  126.34
18  5  2  185.295  1125.08  231.451
18  5  3  352.188  2240.93  360.561
18  5  4  641.651  4755.4  582.88
18  5  5  1401.83  10709.9  1156.11
For row 18 and col 6, pedestal is 208.667
18  6  1  96.2172  591.641  110.282
18  6  2  155.624  1064.27  186.661
18  6  3  311.155  2364.31  358.736
18  6  4  719.498  5540.34  689.506
18  6  5  980.537  8075.23  917.914
For row 18 and col 7, pedestal is 229.953
18  7  1  114.663  729.534  128.041
18  7  2  188.851  1258.28  180.798
18  7  3  383.661  2845.24  355.79
18  7  4  962.431  7308.56  769.161
18  7  5  1454.49  11697.7  1060.41
For row 18 and col 8, pedestal is 239.068
18  8  1  148.799  898.494  117.413
18  8  2  283.726  1780.17  206.168
18  8  3  474.318  3302.91  360.328
18  8  4  1067.03  7419.62  705.092
18  8  5  2040.51  15057.4  1106.61
For row 18 and col 9, pedestal is 231.29
18  9  1  35.6622  249.274  87.4659
18  9  2  58.797  414.069  132.605
18  9  3  119.712  906.946  265.741
18  9  4  331.284  2609.34  622.943
18  9  5  653.594  5348.02  1163.27
For row 18 and col 10, pedestal is 217.355
18  10  1  50.6635  357.701  82.3315
18  10  2  63.9374  461.994  94.501
18  10  3  126.046  959.021  191.354
18  10  4  378.391  2911.28  454.766
18  10  5  858.247  6879.46  893.269
For row 18 and col 11, pedestal is 183.45
18  11  1  28.8262  179.953  66.3427
18  11  2  29.5933  199.104  84.8401
18  11  3  68.9758  515.592  169.874
18  11  4  216.864  1662.4  394.465
18  11  5  574.755  4522.89  864.079
For row 19 and col 0, pedestal is 188.759
19  0  1  31.6271  145.847  60.0158
19  0  2  74.1761  420.693  117.91
19  0  3  127.258  775.562  180.935
19  0  4  548.561  3886.6  420.811
19  0  5  752.75  4826.34  740.725
For row 19 and col 1, pedestal is 220.639
19  1  1  81.8092  463.797  63.4454
19  1  2  195.155  1171  151.865
19  1  3  309.801  2017.93  232.754
19  1  4  1569.23  11450.8  823.463
19  1  5  1892.79  12515.9  1097.95
For row 19 and col 2, pedestal is 250.582
19  2  1  38.4809  201.686  90.6377
19  2  2  90.615  523.096  190.409
19  2  3  122.149  781.047  240.913
19  2  4  517.541  3716.69  648.227
19  2  5  884.098  5780.01  999.426
For row 19 and col 3, pedestal is 230.932
19  3  1  31.2214  178.437  104.308
19  3  2  63.2904  393.328  191.252
19  3  3  110.029  711.53  379.861
19  3  4  222.669  1638.01  775.459
19  3  5  463.874  3412.67  1379.23
For row 19 and col 4, pedestal is 203.529
19  4  1  71.4837  406.243  117.446
19  4  2  139.202  878.684  169.757
19  4  3  253.05  1646.81  261.975
19  4  4  528.307  3886.06  499.477
19  4  5  1229.93  9192.26  1049.99
For row 19 and col 5, pedestal is 218.147
19  5  1  105.965  562.546  82.8968
19  5  2  229.797  1283.14  177.303
19  5  3  667.695  3764.9  392.383
19  5  4  1055.94  6875.28  577.066
19  5  5  2275.91  15020.9  1052.72
For row 19 and col 6, pedestal is 218.269
19  6  1  100.94  558.88  97.3872
19  6  2  165.677  983.839  159.625
19  6  3  316.899  2027.05  271.951
19  6  4  567.887  3702.33  450.286
19  6  5  1385.75  9620.07  920.908
For row 19 and col 7, pedestal is 237.386
19  7  1  60.8619  395.446  75.5765
19  7  2  89.9552  619.913  133.185
19  7  3  141.545  1090.56  216.15
19  7  4  424.919  3263.44  683.6
19  7  5  559.299  4524.55  800.362
For row 19 and col 8, pedestal is 207.889
19  8  1  51.3525  342.257  143.948
19  8  2  78.891  526.91  170.412
19  8  3  143.833  1045.38  319.842
19  8  4  315.362  2279.7  670.571
19  8  5  577.019  4423.88  1162.59
For row 19 and col 9, pedestal is 182.998
19  9  1  48.9646  342.725  87.2277
19  9  2  78.959  557.148  122.267
19  9  3  174.895  1330.26  283.266
19  9  4  449.44  3424.25  581.336
19  9  5  1125.13  8903.33  1128.96
For row 19 and col 10, pedestal is 199.329
19  10  1  30.279  215.105  86.2112
19  10  2  59.3576  417.685  150.356
19  10  3  118.883  908.815  291.457
19  10  4  290.122  2265.11  613.026
19  10  5  581.272  4742.72  1055.45
For row 19 and col 11, pedestal is 194.559
19  11  1  24.6871  130.993  67.9909
19  11  2  30.9457  189.771  88.9082
19  11  3  92.9914  700.495  272.173
19  11  4  235.214  1785.96  533.792
19  11  5  456.583  3610.1  942.206
For row 20 and col 0, pedestal is 240.152
20  0  1  13.7677  63.9005  50.16
20  0  2  34.6028  210.144  131.369
20  0  3  59.8856  387.963  226.463
20  0  4  293.205  2114.45  674.174
20  0  5  280.454  1819.54  793.011
For row 20 and col 1, pedestal is 233.903
20  1  1  29.9769  203.561  54.8589
20  1  2  78.2271  493.431  127.226
20  1  3  141.377  949.075  242.641
20  1  4  526.778  3845.96  715.164
20  1  5  780.183  5156.62  1090.09
For row 20 and col 2, pedestal is 212.901
20  2  1  82.6525  498.564  69.6647
20  2  2  215.226  1258  165.712
20  2  3  331.182  2122.29  253.652
20  2  4  1030.91  7334.41  596.138
20  2  5  1011.84  6517.8  670.196
For row 20 and col 3, pedestal is 215.632
20  3  1  21.1614  151.618  73.5347
20  3  2  50.1021  349.988  166.374
20  3  3  79.0239  534.135  265.116
20  3  4  196.659  1432.34  688.791
20  3  5  349.628  2542.25  1092.03
For row 20 and col 4, pedestal is 171.061
20  4  1  56.8796  316.178  91.1159
20  4  2  24.3285  64.1724  74.2217
20  4  3  249.405  1557.05  300.582
20  4  4  431.681  3062.49  449.083
20  4  5  1382.26  10369.3  1108.82
For row 20 and col 5, pedestal is 187.226
20  5  1  207.54  1079.58  86.717
20  5  2  471.494  2670.27  190.862
20  5  3  1188.62  6912.45  407.916
20  5  4  1991.57  13310.7  611.451
20  5  5  3724.18  25774.9  791.858
For row 20 and col 6, pedestal is 222.105
20  6  1  137.772  727.205  149.187
20  6  2  216.424  1262.29  191.553
20  6  3  405.503  2790.96  355.457
20  6  4  825.367  6020.12  701.115
20  6  5  678.055  5362.65  697.667
For row 20 and col 7, pedestal is 194.56
20  7  1  74.4054  471.2  109.566
20  7  2  104.834  724.692  183.737
20  7  3  200.737  1484.79  327.49
20  7  4  431.978  3309.01  557.052
20  7  5  668.483  5486.02  898.811
For row 20 and col 8, pedestal is 213.911
20  8  1  70.9704  432.179  147.739
20  8  2  97.3322  611.585  205.499
20  8  3  208.128  1457.06  397.937
20  8  4  362.301  2553.67  687.615
20  8  5  702.875  5260.16  1207.14
For row 20 and col 9, pedestal is 210.806
20  9  1  31.2849  229.39  68.9652
20  9  2  50.339  378.071  96.9081
20  9  3  118.577  938.261  256.626
20  9  4  205.237  1661.3  393.782
20  9  5  598.573  4994.86  1000.93
For row 20 and col 10, pedestal is 223.832
20  10  1  22.332  142.319  96.3326
20  10  2  44.3404  280.385  125.848
20  10  3  84.1193  607.684  232.478
20  10  4  136.745  1033.49  343.084
20  10  5  476.647  3809.32  948.424
For row 20 and col 11, pedestal is 210.02
20  11  1  29.1005  208.401  87.4467
20  11  2  32.7395  261.497  106.511
20  11  3  99.552  783.93  290.455
20  11  4  275.198  2161.47  578.234
20  11  5  593.419  4824.62  1036.65
For row 21 and col 0, pedestal is 220.71
21  0  1  19.5529  104.661  60.9826
21  0  2  36.135  260.895  108.834
21  0  3  66.2338  494.487  193.71
21  0  4  251.602  1912.58  661.634
21  0  5  351.377  2372.53  894.613
For row 21 and col 1, pedestal is 293.498
21  1  1  42.3154  256.324  53.9634
21  1  2  110.679  690.036  136.489
21  1  3  216.175  1416.35  251.618
21  1  4  880.753  6349.5  658.07
21  1  5  902.525  5909.98  849.206
For row 21 and col 2, pedestal is 213.22
21  2  1  73.0994  475.219  61.0247
21  2  2  187.913  1157.58  154.358
21  2  3  332.391  2200.94  258.862
21  2  4  1175.15  8588.91  710.376
21  2  5  1486.7  9898.1  960.788
For row 21 and col 3, pedestal is 253.783
21  3  1  77.4052  448.963  105.742
21  3  2  147.511  910.351  186.838
21  3  3  301.814  1892.9  344.734
21  3  4  576.911  4102.02  545.095
21  3  5  1305.97  9293.37  981.575
For row 21 and col 4, pedestal is 204.887
21  4  1  92.664  559.065  87.2319
21  4  2  176.407  1192.47  160.873
21  4  3  426.44  2869.01  370.704
21  4  4  742.33  5727.46  600.723
21  4  5  2090.45  16202.4  1238.1
For row 21 and col 5, pedestal is 186.904
21  5  1  101.411  555.852  65.6865
21  5  2  242.863  1387.22  140.453
21  5  3  570.421  3306.9  305.388
21  5  4  1141.5  7579.88  527.696
21  5  5  2359.97  15927.9  965.117
For row 21 and col 6, pedestal is 240.206
21  6  1  173.626  911.026  113.439
21  6  2  250.304  1443.76  158.701
21  6  3  555.838  3523.98  314.639
21  6  4  1085.22  7019.02  569.161
21  6  5  1747.96  12011.7  877.815
For row 21 and col 7, pedestal is 246.769
21  7  1  106.244  745.937  96.883
21  7  2  124.527  930.412  119.621
21  7  3  174.415  1359.66  175.303
21  7  4  567.208  4361.89  507.405
21  7  5  1114.32  8947.92  849.948
For row 21 and col 8, pedestal is 239.578
21  8  1  59.5441  379.84  154.147
21  8  2  84.2417  561.802  210.109
21  8  3  169.439  1193.92  414.269
21  8  4  166.17  1162.27  416.307
21  8  5  396.539  2925.61  838.059
For row 21 and col 9, pedestal is 247.857
21  9  1  33.3918  246.311  88.3857
21  9  2  55.7766  402.959  115.909
21  9  3  131.899  1007.44  292.35
21  9  4  350.803  2675.11  625.129
21  9  5  773.078  6105.21  1090.71
For row 21 and col 10, pedestal is 234.116
21  10  1  40.9472  276.947  79.448
21  10  2  61.4172  441.79  111.898
21  10  3  131.098  1014.74  262.301
21  10  4  295.198  2321.84  468.15
21  10  5  497.863  4068.34  732.678
For row 21 and col 11, pedestal is 219.37
21  11  1  53.9925  396.235  81.1893
21  11  2  103.805  750.567  145.192
21  11  3  164.331  1269.23  235.181
21  11  4  413.516  3202.8  470.684
21  11  5  1117.88  9015.93  1024.3
For row 22 and col 0, pedestal is 267.145
22  0  1  14.9331  68.4833  175.914
22  0  2  16.459  98.6628  142.599
22  0  3  28.1712  200.487  157.501
22  0  4  116.917  850.283  478.027
22  0  5  134.578  874.067  614.776
For row 22 and col 1, pedestal is 224.105
22  1  1  18.5793  117.467  48.9026
22  1  2  45.1269  292.937  86.18
22  1  3  122.145  824.154  223.566
22  1  4  352.821  2640.55  481.798
22  1  5  559.37  3805.63  718.473
For row 22 and col 2, pedestal is 245.032
22  2  1  38.2814  239.783  53.2919
22  2  2  78.1908  501.865  94.4557
22  2  3  219.223  1426.05  204.374
22  2  4  665.96  4822.2  417.619
22  2  5  979.835  6435.55  490.137
For row 22 and col 3, pedestal is 253.832
22  3  1  74.4675  441.124  109.052
22  3  2  153.889  961.163  213.836
22  3  3  290.579  1847.82  410.279
22  3  4  610.796  4388.39  714.228
22  3  5  1315.65  9559.19  1425.57
For row 22 and col 4, pedestal is 217.467
22  4  1  93.2058  465.203  77.3582
22  4  2  182.671  1129.19  205.061
22  4  3  433.469  2832.16  432.143
22  4  4  691.105  5140.55  629.79
22  4  5  1883.89  14197.8  1270.71
For row 22 and col 5, pedestal is 231.159
22  5  1  168.276  887.254  97.89
22  5  2  293.79  1611.27  152.427
22  5  3  853.782  4830.55  372.578
22  5  4  1188.22  7697.82  509.273
22  5  5  3065.45  20120.9  873.851
For row 22 and col 6, pedestal is 250.487
22  6  1  106.6  617.152  85.0553
22  6  2  173.297  1170.11  158.398
22  6  3  388.096  2877.39  338.506
22  6  4  595.99  4486.35  556.814
22  6  5  1177.16  9351.48  966.057
For row 22 and col 7, pedestal is 245.357
22  7  1  71.8314  586.622  78.8149
22  7  2  97.7057  856.345  113.814
22  7  3  258.959  2095.94  271.484
22  7  4  582.195  4494.2  617.122
22  7  5  889.053  7093.23  849.66
For row 22 and col 8, pedestal is 236.253
22  8  1  77.5253  509.231  106.327
22  8  2  124.909  839.419  190.535
22  8  3  209.311  1499.02  296.324
22  8  4  564.199  3951.72  702.999
22  8  5  856.864  6341.29  959.582
For row 22 and col 9, pedestal is 207.435
22  9  1  32.4507  206.717  91.5869
22  9  2  48.0602  350.92  77.138
22  9  3  83.8936  654.503  148.583
22  9  4  276.904  2143.3  379.74
22  9  5  705.779  5618.23  862.501
For row 22 and col 10, pedestal is 229.269
22  10  1  16.002  114.96  56.7301
22  10  2  30.083  203.196  82.0506
22  10  3  45.3376  349.578  157.059
22  10  4  147.376  1154.48  342.2
22  10  5  381.44  3079.95  633.188
For row 22 and col 11, pedestal is 223.061
22  11  1  38.0589  226.448  57.8576
22  11  2  81.2554  574.839  139.472
22  11  3  154.286  1199.24  234.914
22  11  4  356.364  2790.75  474.498
22  11  5  693.248  5629.93  879.856
For row 23 and col 0, pedestal is 231.617
23  0  1  27.2538  110.077  68.6786
23  0  2  68.3309  372.056  140.89
23  0  3  102.663  640.532  182.084
23  0  4  452.749  3379.19  299.867
23  0  5  709.439  4853.76  643.568
For row 23 and col 1, pedestal is 202.629
23  1  1  16.2033  63.9893  89.248
23  1  2  25.6904  157.859  142.594
23  1  3  54.1119  336.928  285.356
23  1  4  189.339  1408.11  609.09
23  1  5  166.204  1118.52  705.227
For row 23 and col 2, pedestal is 226.829
23  2  1  24.5402  77.7497  125.206
23  2  2  56.577  319.655  240.909
23  2  3  98.3376  627.808  279.5
23  2  4  336.491  2458.99  586.606
23  2  5  406.718  2656.96  786.299
For row 23 and col 3, pedestal is 238.475
23  3  1  36.0098  141.821  152.886
23  3  2  52.8192  274.479  267.221
23  3  3  85.7329  465.408  330.92
23  3  4  190.029  1267.04  577.578
23  3  5  447.467  3091.3  1148.18
For row 23 and col 4, pedestal is 231.087
23  4  1  101.783  648.382  108.652
23  4  2  209.261  1359.99  193.361
23  4  3  432.605  2914.71  400.241
23  4  4  957.932  7164.26  667.479
23  4  5  2434.03  18681.1  1258.71
For row 23 and col 5, pedestal is 232.176
23  5  1  108.866  534.167  75.0574
23  5  2  297.396  1636.71  191.575
23  5  3  655.764  3802.53  367.827
23  5  4  988.399  6508.23  511.183
23  5  5  3256.27  21964.8  989.233
For row 23 and col 6, pedestal is 225.629
23  6  1  106.82  583.548  169.579
23  6  2  132.278  861.832  209.298
23  6  3  170.888  1220.9  261.152
23  6  4  476.318  3519.97  571.944
23  6  5  758.219  5921.98  863.203
For row 23 and col 7, pedestal is 191.085
23  7  1  94.0826  519.809  89.594
23  7  2  109.911  844.113  164.022
23  7  3  246.711  2015.16  332.512
23  7  4  431.869  3477.01  566.929
23  7  5  739.33  6133.47  912.443
For row 23 and col 8, pedestal is 213.789
23  8  1  72.8742  467.202  109.009
23  8  2  139.195  910.992  211.819
23  8  3  246.441  1766  361.951
23  8  4  460.576  3274.62  579.72
23  8  5  895.483  6734.63  1039.72
For row 23 and col 9, pedestal is 194.307
23  9  1  31.9284  266.61  73.4465
23  9  2  64.2916  498.922  106.716
23  9  3  125.192  995.269  239.822
23  9  4  303.749  2411.87  436.208
23  9  5  819.216  6621.53  910.616
For row 23 and col 10, pedestal is 196.271
23  10  1  29.0344  250.098  93.6799
23  10  2  59.7803  434.607  115.767
23  10  3  121.037  975.801  264.318
23  10  4  326.775  2573.98  556.443
23  10  5  676.435  5505.68  1126.24
For row 23 and col 11, pedestal is 248.244
23  11  1  27.824  202.182  77.3062
23  11  2  46.4976  332.378  119.257
23  11  3  79.018  605.739  173.081
23  11  4  219.288  1707.77  420.743
23  11  5  485.272  3917.28  793.517
