#All information for run 1692.
#Row Col LED <Max> <Int> NPE
For row 0 and col 0, pedestal is 222.069
0  0  1  558.861  3172.89  65.9495
0  0  2  1372.41  8366.75  150.52
0  0  3  2769.45  17496.2  198.608
For row 0 and col 1, pedestal is 216.303
0  1  1  412.937  2265.54  41.1471
0  1  2  608.053  3609.44  60.0284
0  1  3  1850.14  11509.6  155.41
For row 0 and col 2, pedestal is 216.614
0  2  1  406.967  2300.39  58.0019
0  2  2  1142.01  6909.63  146.562
0  2  3  1370.22  8731.28  170.695
For row 0 and col 3, pedestal is 209.931
0  3  1  425.706  2629.62  63.233
0  3  2  5.90403  -13.2378  nan
0  3  3  2808.78  18508.3  261.775
For row 0 and col 4, pedestal is 219.702
0  4  1  85.0753  481.251  58.0708
0  4  2  18.1151  2.55321  203.595
0  4  3  595.732  4136.31  296.962
For row 0 and col 5, pedestal is 217.968
0  5  1  108.092  691.338  61.506
0  5  2  14.3442  -3.89548  552.984
0  5  3  625.303  4386.51  298.778
For row 0 and col 6, pedestal is 217.278
0  6  1  184.331  1399.98  94.4681
0  6  2  304.517  2390.83  150.645
0  6  3  580.977  3600.3  236.507
For row 0 and col 7, pedestal is 187.985
0  7  1  176.001  1442.06  137.883
0  7  2  311.249  2580.45  187.655
0  7  3  765.734  4991.04  337.218
For row 0 and col 8, pedestal is 189.916
0  8  1  712.129  5314.88  152.661
0  8  2  1086.95  8440.04  204.185
0  8  3  2951.12  17829.4  274.016
For row 0 and col 9, pedestal is 209.091
0  9  1  976.232  6015.89  85.6023
0  9  2  2330.91  15297.6  160.303
0  9  3  3815.82  26540.7  1441.23
For row 0 and col 10, pedestal is 218.472
0  10  1  853.644  5292.08  78.4057
0  10  2  1598.5  10575.9  139.102
0  10  3  3828.33  25992.4  558.456
For row 0 and col 11, pedestal is 198.921
0  11  1  524.154  3243.44  88.3667
0  11  2  1260.64  8328.73  196.022
0  11  3  2132.77  15028  288.266
For row 1 and col 0, pedestal is 237.322
1  0  1  992.419  5916.04  75.2221
1  0  2  1637.93  10602.5  124.308
1  0  3  3559.82  24036.3  277.895
For row 1 and col 1, pedestal is 221.331
1  1  1  373.208  2181.24  60.3015
1  1  2  778.661  4896.35  123.157
1  1  3  1570.1  10402.6  206.515
For row 1 and col 2, pedestal is 222.79
1  2  1  907.229  5024.4  68.4932
1  2  2  1994.15  11871.5  130.734
1  2  3  5688.89  24218.6  164.706
For row 1 and col 3, pedestal is 223.482
1  3  1  624.521  3778.72  62.826
1  3  2  6.77089  -19.2248  nan
1  3  3  3543.6  22427.8  221.157
For row 1 and col 4, pedestal is 207.463
1  4  1  54.2916  380.195  53.7468
1  4  2  19.5979  -0.011543  15412.3
1  4  3  358.927  2625.61  252.373
For row 1 and col 5, pedestal is 207.601
1  5  1  137.629  890.571  71.7383
1  5  2  14.9155  -2.11619  355.194
1  5  3  887.851  6152.62  347.068
For row 1 and col 6, pedestal is 217.461
1  6  1  267.773  2352.35  111.658
1  6  2  550.499  4755.87  186.399
1  6  3  1011.91  6848.14  276.383
For row 1 and col 7, pedestal is 199.031
1  7  1  250.99  1880.71  110.798
1  7  2  397.128  3073.33  152.79
1  7  3  885.284  5307.53  270.64
For row 1 and col 8, pedestal is 229.217
1  8  1  2862.06  20669.6  103.941
1  8  2  3687.96  27419.7  234.025
For row 1 and col 9, pedestal is 203.529
1  9  1  1037.07  6516.98  151.916
1  9  2  121.145  797.856  21.8876
1  9  3  3226.13  22617.8  223.798
For row 1 and col 10, pedestal is 218.486
1  10  1  409.421  2521.45  75.0994
1  10  2  916.675  6076.76  162.557
1  10  3  1838.77  13103.9  294.771
For row 1 and col 11, pedestal is 223.994
1  11  1  303.589  1862.06  77.8204
1  11  2  908.12  6033.14  206.71
1  11  3  1371.58  9762.89  299.593
For row 2 and col 0, pedestal is 184.609
2  0  1  594.69  3312.24  56.4273
2  0  2  1219.98  7314.89  104.663
2  0  3  2595  16298  144.57
For row 2 and col 1, pedestal is 208.605
2  1  1  309.542  1744.74  73.169
2  1  2  384.761  2327.5  88.6987
2  1  3  1065.18  6801.59  220.931
For row 2 and col 2, pedestal is 201.847
2  2  1  720.526  4137.83  74.5255
2  2  2  873.934  5377.74  88.2795
2  2  3  3550.01  22304.3  191.29
For row 2 and col 3, pedestal is 220.331
2  3  1  489.122  3030.46  70.5097
2  3  2  4.4516  -18.04  nan
2  3  3  3093.72  20442.9  234.82
For row 2 and col 4, pedestal is 227.703
2  4  1  66.9903  457.955  52.9808
2  4  2  18.4358  30.0882  nan
2  4  3  393.067  2826.89  269.242
For row 2 and col 5, pedestal is 208.023
2  5  1  144.677  968.999  62.595
2  5  2  18.7912  -12.6022  nan
2  5  3  897.183  6276.58  312.278
For row 2 and col 6, pedestal is 232.81
2  6  1  180.175  1427.12  113.916
2  6  2  332.384  2846.72  191.58
2  6  3  531.36  3609.88  274.133
For row 2 and col 7, pedestal is 212.427
2  7  1  146.458  1218.15  117.627
2  7  2  281.625  2353.01  179.989
2  7  3  687.208  4533.91  351.999
For row 2 and col 8, pedestal is 228.459
2  8  1  1053.21  8143.93  185.994
2  8  2  1665.38  13491.5  263.569
2  8  3  3986.53  24728.4  388.285
For row 2 and col 9, pedestal is 198.565
2  9  1  34.9291  204.523  8.88074
2  9  2  2845.84  19178.5  207.122
2  9  3  3122.04  22515.4  223.401
For row 2 and col 10, pedestal is 204.001
2  10  1  518.927  3227.68  100.879
2  10  2  1103.67  7405.38  199.691
2  10  3  2367.02  16922.2  371.256
For row 2 and col 11, pedestal is 190.019
2  11  1  877.609  5463.16  99.8897
2  11  2  1362.82  9119.52  153.013
2  11  3  3767.78  26041.7  216.371
For row 3 and col 0, pedestal is 166.465
3  0  1  422.4  2362.33  71.2563
3  0  2  68.8323  391.313  16.1574
3  0  3  1634.97  10416.6  250.423
For row 3 and col 1, pedestal is 226.254
3  1  1  425.734  2293.42  50.7307
3  1  2  978.627  5699.01  106.996
3  1  3  2041.18  12490.2  190.824
For row 3 and col 2, pedestal is 206.63
3  2  1  755.753  4222.59  80.6649
3  2  2  1516.99  9049.96  145.834
3  2  3  3775.33  22928.7  307.154
For row 3 and col 3, pedestal is 189.004
3  3  1  377.404  2325.55  54.665
3  3  2  5.84343  -10.7496  nan
3  3  3  2304.95  15182.9  244.644
For row 3 and col 4, pedestal is 218.336
3  4  1  160.429  947.022  47.0364
3  4  2  8.60709  4.7101  nan
3  4  3  21.4588  131.302  20.7664
For row 3 and col 5, pedestal is 190.78
3  5  1  257.671  1505.56  69.692
3  5  2  9.14617  1.09102  nan
3  5  3  1594.17  10055.5  315.508
For row 3 and col 6, pedestal is 229.972
3  6  1  167.924  1130.83  73.0561
3  6  2  600.295  4345.77  218.152
3  6  3  772.729  4317.95  245.469
For row 3 and col 7, pedestal is 198.324
3  7  1  142.394  1114.62  89.1611
3  7  2  255.563  2078.88  156.016
3  7  3  637.235  4099.59  280.184
For row 3 and col 8, pedestal is 239.609
3  8  1  1503.9  11332.9  164.802
3  8  2  2089.43  16408  191.352
3  8  3  3854.37  24311.5  1246.08
For row 3 and col 9, pedestal is 220.986
3  9  1  863.248  5366.09  97.476
3  9  2  1743.43  11587.7  168.131
3  9  3  3650.36  24932.4  283.03
For row 3 and col 10, pedestal is 217.661
3  10  1  564.455  3494.61  87.1972
3  10  2  1394.32  9180.48  199.511
3  10  3  2785.85  19351.8  269.587
For row 3 and col 11, pedestal is 197.968
3  11  1  862.159  5255.56  90.5326
3  11  2  1892.33  12360.5  181.367
3  11  3  3944.99  25738.3  276.597
For row 4 and col 0, pedestal is 214.469
4  0  1  441.352  2568.18  52.5488
4  0  2  702.585  4410.98  83.9039
4  0  3  1847.83  12137  194.306
For row 4 and col 1, pedestal is 189.871
4  1  1  347.27  1987.96  59.8937
4  1  2  880.087  5484.28  130.154
4  1  3  1520.19  9982.62  216.947
For row 4 and col 2, pedestal is 187.496
4  2  1  133.777  773.642  44.3816
4  2  2  451.282  2851.73  144.71
4  2  3  701.279  4669.18  214.29
For row 4 and col 3, pedestal is 205.168
4  3  1  365.844  2323.91  64.8685
4  3  2  6.38116  -24.039  nan
4  3  3  2141.11  14726.2  299.328
For row 4 and col 4, pedestal is 176.466
4  4  1  229.395  1377.08  67.9639
4  4  2  17.4284  2.0687  812.654
4  4  3  1138.97  7287.4  279.231
For row 4 and col 5, pedestal is 195.378
4  5  1  179.959  1095.33  59.3516
4  5  2  11.1818  -8.06478  nan
4  5  3  1095.92  7041.13  312.464
For row 4 and col 6, pedestal is 236.039
4  6  1  180.102  1425.34  108.122
4  6  2  390.08  3267.99  222.098
4  6  3  754.9  4967.82  306.851
For row 4 and col 7, pedestal is 206.332
4  7  1  210.056  1635.47  101.813
4  7  2  344.898  2885.78  159.419
4  7  3  593.174  3966.05  226.67
For row 4 and col 8, pedestal is 242.142
4  8  1  1062.65  8218.01  142.405
4  8  2  1735.4  13938.8  195.685
4  8  3  3534.65  21717.5  195.81
For row 4 and col 9, pedestal is 210.439
4  9  1  510.138  3252.84  91.4509
4  9  2  1025.51  6995.23  181.529
4  9  3  2116.03  15492.2  336.122
For row 4 and col 10, pedestal is 235.502
4  10  1  577.127  3607.97  78.4066
4  10  2  1564.26  10491.2  192.01
4  10  3  2190.96  15597.1  253.015
For row 4 and col 11, pedestal is 202.468
4  11  1  248.915  1558.19  75.0238
4  11  2  590.999  3969.5  169.832
4  11  3  1105.05  7992.26  280.511
For row 5 and col 0, pedestal is 232.049
5  0  1  230.162  1259.59  31.4555
5  0  2  719.415  4267.21  89.3107
5  0  3  1282.03  8024.23  149.944
For row 5 and col 1, pedestal is 199.97
5  1  1  623.313  3479.4  61.5829
5  1  2  1224.14  7326.73  118.05
5  1  3  2738.29  17257.7  181.317
For row 5 and col 2, pedestal is 215.741
5  2  1  313.586  1751.16  77.8759
5  2  2  616.743  3745.77  151.21
5  2  3  1050.69  6711.41  251.712
For row 5 and col 3, pedestal is 203.911
5  3  1  413.246  2508.49  69.4453
5  3  2  6.59546  -11.0633  nan
5  3  3  2200.55  14342.2  274.06
For row 5 and col 4, pedestal is 226.367
5  4  1  88.9632  614.14  74.941
5  4  2  11.8996  -9.53258  nan
5  4  3  479.508  3450.48  288.8
For row 5 and col 5, pedestal is 181.619
5  5  1  166.115  1080.69  61.6754
5  5  2  9.35062  -15.9896  nan
5  5  3  850.174  5925.04  273.998
For row 5 and col 6, pedestal is 218.478
5  6  1  410.745  2923.93  123.629
5  6  2  820.453  6063.28  220.305
5  6  3  1998.01  11419.5  320.719
For row 5 and col 7, pedestal is 236.982
5  7  1  144.808  1124.43  110.445
5  7  2  244.746  1995.39  186.607
5  7  3  433.349  2763.43  257.961
For row 5 and col 8, pedestal is 189.16
5  8  1  2.01187  -17.1948  nan
5  8  2  2.09988  -14.8463  nan
5  8  3  2.06338  -14.6121  nan
For row 5 and col 9, pedestal is 211.522
5  9  1  713.48  4350.28  77.6177
5  9  2  1477.36  9733.52  147.759
5  9  3  3833.66  25759  458.343
For row 5 and col 10, pedestal is 189.121
5  10  1  647.031  3995.09  92.4476
5  10  2  1424.15  9518.63  190.348
5  10  3  2108.86  15069.9  259.648
For row 5 and col 11, pedestal is 213.152
5  11  1  685.293  4175.26  69.7298
5  11  2  1554.06  10232.3  150.501
5  11  3  3050.34  21098.4  167.686
For row 6 and col 0, pedestal is 208.763
6  0  1  338.194  2331.79  86.0797
6  0  2  612.551  4427.69  155.95
6  0  3  1060.45  6373.4  239.286
For row 6 and col 1, pedestal is 209.992
6  1  1  598.72  4039.22  92.5228
6  1  2  1279.16  9062.03  179.878
6  1  3  2268.46  13223.4  248.07
For row 6 and col 2, pedestal is 221.449
6  2  1  1017.98  6960.13  97.5313
6  2  2  1870.82  13342.5  174.107
6  2  3  3773.48  22902.4  409.554
For row 6 and col 3, pedestal is 207.852
6  3  1  564.877  3003.32  95.3864
6  3  2  1276.69  7333.91  204.641
6  3  3  2725.95  16528  326.65
For row 6 and col 4, pedestal is 185.048
6  4  1  132.911  697.514  82.6097
6  4  2  376.446  2247.92  209.788
6  4  3  685.464  4329.04  350.129
For row 6 and col 5, pedestal is 192.611
6  5  1  138.082  486.985  97.9733
6  5  2  283.374  1072.87  202.657
6  5  3  390.082  1555.54  307.092
For row 6 and col 6, pedestal is 210.501
6  6  1  141.116  1231.46  93.6465
6  6  2  315.07  2629.4  183.694
6  6  3  828.843  5576.08  358.674
For row 6 and col 7, pedestal is 214.361
6  7  1  86.3746  796.212  106.868
6  7  2  131.422  1176.31  140.068
6  7  3  526.71  3677.33  404.683
For row 6 and col 8, pedestal is 227.86
6  8  1  813.425  5813.12  66.5321
6  8  2  1717.87  12686  129.509
6  8  3  4198.43  24469.4  316.705
For row 6 and col 9, pedestal is 233.215
6  9  1  951.539  5701.09  122.051
6  9  2  1864.07  10937.6  212.975
For row 6 and col 10, pedestal is 233.361
6  10  1  867.409  5163.49  115.038
6  10  2  1561.4  9030.25  189.827
6  10  3  2458  15619.2  251.45
For row 6 and col 11, pedestal is 213.727
6  11  1  1214.23  7271.82  79.7559
6  11  2  2517.59  14404.7  128.167
6  11  3  3944.99  24709.1  332.472
For row 7 and col 0, pedestal is 227.989
7  0  1  1079.52  7603.9  102.263
7  0  2  1992.2  14783.3  171.46
7  0  3  4801.55  24412.3  192.349
For row 7 and col 1, pedestal is 269.615
7  1  1  816.119  5943.77  87.2788
7  1  2  1231.37  9526.48  132.446
7  1  3  3267.81  20730  191.854
For row 7 and col 2, pedestal is 219.333
7  2  1  705.949  4891.11  80.5132
7  2  2  1373.55  10122.4  145.953
7  2  3  2371.12  14285.1  192.222
For row 7 and col 3, pedestal is 217.174
7  3  1  1346.53  7285.83  118.811
7  3  2  2993.7  17400.6  161.834
For row 7 and col 4, pedestal is 201.426
7  4  1  295.368  1416.68  91.7408
7  4  2  786.024  4090.36  219.502
7  4  3  1366.95  7730.06  350.662
For row 7 and col 5, pedestal is 245.298
7  5  1  313.136  1512.07  75.219
7  5  2  862.686  4540.93  193.37
7  5  3  1338.87  7599.83  277.443
For row 7 and col 6, pedestal is 213.379
7  6  1  215.649  1742.02  94.4078
7  6  2  375.472  3227.78  146.016
7  6  3  1239.56  8630.39  349.463
For row 7 and col 7, pedestal is 226.395
7  7  1  163.548  1227.05  96.161
7  7  2  288.432  2323.88  164.589
7  7  3  853.099  5849.32  370.34
For row 7 and col 8, pedestal is 248.71
7  8  1  685.094  5005.52  79.7589
7  8  2  1426.39  10837.7  149.083
7  8  3  3791.29  23992.7  387.535
For row 7 and col 9, pedestal is 233.939
7  9  1  1561.47  9117.62  115.723
7  9  2  2918.09  16548  150.281
For row 7 and col 10, pedestal is 244.883
7  10  1  693.945  4029.35  116.615
7  10  2  1532.5  8626.63  242.953
7  10  3  3677.1  22874.6  357.708
For row 7 and col 11, pedestal is 234.508
7  11  1  520.662  3017.03  89.7525
7  11  2  940.99  5245.4  152.388
7  11  3  2278.31  13976.1  303.215
For row 8 and col 0, pedestal is 195.407
8  0  1  461.425  3050.37  94.6915
8  0  2  700.322  4868.96  135.758
8  0  3  1790.41  10316.8  278.03
For row 8 and col 1, pedestal is 211.655
8  1  1  953.574  6424.49  89.3659
8  1  2  2001.85  14148.9  168.213
8  1  3  3322.74  19439.5  155.341
For row 8 and col 2, pedestal is 227.589
8  2  1  484.481  3298.09  77.2499
8  2  2  1009.31  7236.6  157.365
8  2  3  1630.73  9678.57  219.209
For row 8 and col 3, pedestal is 223.992
8  3  1  1128.93  5994.04  79.5169
8  3  2  2683.98  15150.5  132.207
For row 8 and col 4, pedestal is 210.333
8  4  1  96.3432  563.724  89.4039
8  4  2  207.177  1420.83  160.187
8  4  3  496.926  3786.83  340.908
For row 8 and col 5, pedestal is 221.42
8  5  1  203.834  1139.92  104.016
8  5  2  459.467  2803.66  205.548
8  5  3  471.829  3042.42  216.752
For row 8 and col 6, pedestal is 200.418
8  6  1  215.701  1511.62  90.5155
8  6  2  383.781  2798.14  155.827
8  6  3  1163.9  6750.78  349.073
For row 8 and col 7, pedestal is 193.492
8  7  1  127.218  873.425  81.5464
8  7  2  229.984  1870.8  147.796
8  7  3  716.994  4628.36  341.397
For row 8 and col 8, pedestal is 197.503
8  8  1  859.858  6119.64  91.3018
8  8  2  1519  11276.6  142.337
8  8  3  3016.14  18304.3  149.212
For row 8 and col 9, pedestal is 230.1
8  9  1  1012.72  5947.84  126.912
8  9  2  1673.35  9573.98  198.369
8  9  3  3829.44  25972.1  7552.21
For row 8 and col 10, pedestal is 199.123
8  10  1  595.748  3550.33  110.432
8  10  2  872.083  5119.65  155.926
8  10  3  2072.92  13442.7  305.649
For row 8 and col 11, pedestal is 199.189
8  11  1  786.648  4737.3  80.5912
8  11  2  1692.87  9895.18  162.572
8  11  3  4131.54  25866.6  408.071
For row 9 and col 0, pedestal is 194.758
9  0  1  481.509  3306.01  100.998
9  0  2  892.773  6462.12  187.177
9  0  3  1833.55  10975.2  308.377
For row 9 and col 1, pedestal is 200.083
9  1  1  446.1  3042.98  93.3695
9  1  2  918.269  6642.12  184.391
9  1  3  2336.8  13826  318.001
For row 9 and col 2, pedestal is 239.941
9  2  1  552.276  3642.76  76.323
9  2  2  1161.37  8147.13  154.742
9  2  3  2787.66  15947.3  235.974
For row 9 and col 3, pedestal is 222.346
9  3  1  643.756  3360.91  96.8974
9  3  2  1157.87  6542.65  163.484
9  3  3  3075.57  18409.2  265.596
For row 9 and col 4, pedestal is 217.018
9  4  1  345.134  1723.78  99.978
9  4  2  720.766  3882.63  191.34
9  4  3  1229.33  7186.14  319.329
For row 9 and col 5, pedestal is 239.878
9  5  1  341.516  1722.59  105.452
9  5  2  797.37  4433.22  221.564
9  5  3  1456.45  8699.86  356.951
For row 9 and col 6, pedestal is 179.814
9  6  1  178.201  1362.13  97.9246
9  6  2  320.945  2649.28  157.903
9  6  3  881.452  5879.33  332.221
For row 9 and col 7, pedestal is 213.846
9  7  1  95.254  823.705  66.1326
9  7  2  193.741  1634.06  118.459
9  7  3  543.079  3686.45  246.277
For row 9 and col 8, pedestal is 231.618
9  8  1  1467.17  10239  88.0102
9  8  2  2303.58  16651.7  127.737
For row 9 and col 9, pedestal is 241.536
9  9  1  611.304  3503.32  110.819
9  9  2  909.738  5109.77  158.904
9  9  3  2701.71  16671  313.17
For row 9 and col 10, pedestal is 243.63
9  10  1  602.239  3604.41  85.2822
9  10  2  1199.82  6942.17  154.702
9  10  3  2660.8  17026.2  247.14
For row 9 and col 11, pedestal is 184.389
9  11  1  100.051  600.04  19.4719
9  11  2  738.923  4291.5  119.703
9  11  3  1367.4  8762.63  210.492
For row 10 and col 0, pedestal is 246.567
10  0  1  527.07  3687.62  85.1255
10  0  2  956.407  7121.55  142.65
10  0  3  2279.94  13965.3  274.864
For row 10 and col 1, pedestal is 197.432
10  1  1  479.047  3409.18  87.3683
10  1  2  945.382  7085.31  165.778
10  1  3  1567.68  9641.31  241.651
For row 10 and col 2, pedestal is 219.469
10  2  1  571.724  3972.37  84.6263
10  2  2  1269.85  9469.4  182.176
10  2  3  2282.78  13745.7  255.225
For row 10 and col 3, pedestal is 216.142
10  3  1  410.097  2234.84  87.854
10  3  2  859.66  5060.39  168.204
10  3  3  1263.93  7955.89  235.57
For row 10 and col 4, pedestal is 225.792
10  4  1  365.665  1910.47  100.46
10  4  2  708.503  3979.44  179.477
10  4  3  1653.99  10000.4  360.738
For row 10 and col 5, pedestal is 193.211
10  5  1  214.497  1359.39  101.899
10  5  2  538.215  3487.32  235.614
10  5  3  1010.17  7054.8  376.031
For row 10 and col 6, pedestal is 219.254
10  6  1  168.127  1352.42  72.823
10  6  2  201.992  1656.87  84.8292
10  6  3  701.111  4713.11  211.058
For row 10 and col 7, pedestal is 232.228
10  7  1  142.995  1036.45  68.1858
10  7  2  404.797  3164.26  150.262
10  7  3  1245.52  8050.96  325.781
For row 10 and col 8, pedestal is 202.419
10  8  1  1104.81  8021.37  86.7363
10  8  2  1919.32  14409.9  138.454
For row 10 and col 9, pedestal is 199.32
10  9  1  1924.87  11313.9  115.891
10  9  2  2978.97  16992.1  128.728
For row 10 and col 10, pedestal is 237.357
10  10  1  1186.47  7164.82  97.6651
10  10  2  1990.49  11617.8  156.035
For row 10 and col 11, pedestal is 231.999
10  11  1  970.331  5795.28  100.688
10  11  2  1703.47  9847.79  166.399
10  11  3  3655.56  23725.3  496.932
For row 11 and col 0, pedestal is 207.955
11  0  1  396.041  2645.96  99.8864
11  0  2  907.062  6461.67  217.577
11  0  3  803.741  4670.69  189.216
For row 11 and col 1, pedestal is 195.245
11  1  1  910.589  6159.92  72.9175
11  1  2  1699.14  12223.5  130.094
11  1  3  3806.93  24752.8  nan
For row 11 and col 2, pedestal is 238.671
11  2  1  827.166  5672.96  101.407
11  2  2  1503.35  10927.1  183.76
11  2  3  3343.26  20143.8  216.929
For row 11 and col 3, pedestal is 193.21
11  3  1  849.837  4504.81  91.3776
11  3  2  1976.37  11217.7  186.966
11  3  3  3850.84  24643.3  3260.05
For row 11 and col 4, pedestal is 224.532
11  4  1  168.957  1017.03  68.2411
11  4  2  381.972  2316.12  152.012
11  4  3  907.829  5894.78  311.642
For row 11 and col 5, pedestal is 224.015
11  5  1  185.733  1080.73  89.867
11  5  2  452.588  2772.1  211.056
11  5  3  807.563  5309.84  333.344
For row 11 and col 6, pedestal is 197.402
11  6  1  188.442  1401.89  113.986
11  6  2  306.273  2510.91  170.115
11  6  3  864.843  5399.48  366.925
For row 11 and col 7, pedestal is 215.366
11  7  1  132.061  1018.21  125.384
11  7  2  199.485  1582.81  168.001
11  7  3  518.979  3354.91  256.74
For row 11 and col 8, pedestal is 196.398
11  8  1  464.595  3232.82  52.161
11  8  2  1299.42  9469.05  120.547
11  8  3  5911.64  46951.8  173.898
For row 11 and col 9, pedestal is 197.185
11  9  1  690.961  4020.65  86.3704
11  9  2  1525.6  8533.01  183.739
11  9  3  99.1703  635.424  16.0664
For row 11 and col 10, pedestal is 228.527
11  10  1  641.914  3716.57  101.141
11  10  2  923.639  5173.57  133.378
11  10  3  2553.21  15581.6  264.065
For row 11 and col 11, pedestal is 188.737
11  11  1  997.716  5757.24  98.6783
11  11  2  1573.05  8792.11  148.592
11  11  3  2949.85  18161.9  175.912
For row 12 and col 0, pedestal is 239.219
12  0  1  2.65166  -14.1008  nan
12  0  2  2.65876  -14.8578  nan
12  0  3  2.699  -12.9283  nan
For row 12 and col 1, pedestal is 194.88
12  1  1  2.53584  -13.007  nan
12  1  2  2.49783  -13.993  nan
12  1  3  2.6254  -13.4927  nan
For row 12 and col 2, pedestal is 215.489
12  2  1  2.637  -13.7403  nan
12  2  2  2.70516  -15.8577  nan
12  2  3  2.83046  -14.0366  nan
For row 12 and col 3, pedestal is 216.958
12  3  1  2.31304  -16.1041  nan
12  3  2  2.29229  -15.1573  nan
12  3  3  2.37102  -16.3756  nan
For row 12 and col 4, pedestal is 232.961
12  4  1  3.998  -12.2056  nan
12  4  2  4.5854  -15.8713  nan
12  4  3  4.20385  -12.0959  nan
For row 12 and col 5, pedestal is 208.349
12  5  1  5.11374  -17.4241  1265.12
12  5  2  4.66853  -18.6683  nan
12  5  3  4.52588  -19.4431  nan
For row 12 and col 6, pedestal is 205.139
12  6  1  5.27845  -10.9222  nan
12  6  2  5.70922  -11.4982  nan
12  6  3  4.83088  -9.31842  nan
For row 12 and col 7, pedestal is 197.087
12  7  1  3.30359  -12.6584  nan
12  7  2  4.19515  -10.6942  nan
12  7  3  3.44585  -10.419  nan
For row 12 and col 8, pedestal is 235.395
12  8  1  2.80012  -14.113  nan
12  8  2  2.95206  -14.4712  nan
12  8  3  2.77869  -13.9393  nan
For row 12 and col 9, pedestal is 231.571
12  9  1  2.9689  -14.6829  nan
12  9  2  2.9287  -15.9194  nan
12  9  3  3.06916  -14.3097  nan
For row 12 and col 10, pedestal is 215.549
12  10  1  2.51803  -12.6471  nan
12  10  2  2.6248  -13.4688  nan
12  10  3  2.59753  -12.579  nan
For row 12 and col 11, pedestal is 184.84
12  11  1  2.52539  -12.5281  nan
12  11  2  2.61614  -12.6749  nan
12  11  3  2.51149  -12.8833  nan
For row 13 and col 0, pedestal is 169.318
13  0  1  3.05887  -16.7339  nan
13  0  2  3.16306  -15.5429  nan
13  0  3  3.02401  -15.8865  nan
For row 13 and col 1, pedestal is 199.463
13  1  1  2.25128  -13.5887  nan
13  1  2  2.18375  -14.0196  nan
13  1  3  2.12868  -14.4261  nan
For row 13 and col 2, pedestal is 215.005
13  2  1  2.68385  -15.4915  nan
13  2  2  3.25299  -15.623  nan
13  2  3  2.86612  -17.0521  nan
For row 13 and col 3, pedestal is 196.211
13  3  1  3.09531  -16.5621  nan
13  3  2  2.79257  -16.7287  nan
13  3  3  3.15493  -16.1274  nan
For row 13 and col 4, pedestal is 205.313
13  4  1  2.71393  -16.5875  nan
13  4  2  3.26366  -14.9285  nan
13  4  3  2.85489  -15.4219  nan
For row 13 and col 5, pedestal is 205.021
13  5  1  3.71503  -13.7691  nan
13  5  2  3.86738  -13.536  nan
13  5  3  4.19419  -13.7108  nan
For row 13 and col 6, pedestal is 151.093
13  6  1  3.0121  -14.2376  nan
13  6  2  4.49169  -12.1533  nan
13  6  3  3.27796  -15.1021  nan
For row 13 and col 7, pedestal is 197.433
13  7  1  3.78392  -9.84135  nan
13  7  2  6.13078  -6.00909  nan
13  7  3  3.62901  -5.24884  nan
For row 13 and col 8, pedestal is 225.636
13  8  1  2.44049  -14.1122  nan
13  8  2  2.67763  -13.9181  nan
13  8  3  2.50652  -13.0642  nan
For row 13 and col 9, pedestal is 215.56
13  9  1  3.08333  -12.8713  nan
13  9  2  3.13159  -12.5037  nan
13  9  3  3.02816  -11.9028  nan
For row 13 and col 10, pedestal is 197.029
13  10  1  2.71527  -14.2147  nan
13  10  2  3.2152  -12.8724  nan
13  10  3  2.67328  -14.8691  nan
For row 13 and col 11, pedestal is 211.959
13  11  1  2.58223  -9.20793  nan
13  11  2  2.74653  -9.55389  nan
13  11  3  2.54723  -10.3506  nan
For row 14 and col 0, pedestal is 203.249
14  0  1  2.75206  -12.3653  nan
14  0  2  2.83271  -13.8673  nan
14  0  3  2.84033  -13.4734  nan
For row 14 and col 1, pedestal is 227.403
14  1  1  2.38712  -13.9385  nan
14  1  2  2.40209  -13.3112  nan
14  1  3  2.35608  -13.8529  nan
For row 14 and col 2, pedestal is 190.157
14  2  1  2.79637  -13.6022  nan
14  2  2  2.8032  -15.2872  nan
14  2  3  2.86609  -14.8577  nan
For row 14 and col 3, pedestal is 212.528
14  3  1  2.68944  -14.505  nan
14  3  2  2.51668  -14.1545  nan
14  3  3  2.77855  -14.5399  nan
For row 14 and col 4, pedestal is 187.015
14  4  1  4.32124  -12.9915  nan
14  4  2  7.07694  -13.002  nan
14  4  3  4.86356  -10.3455  nan
For row 14 and col 5, pedestal is 218.78
14  5  1  2.54718  -16.2127  nan
14  5  2  2.47831  -15.2959  nan
14  5  3  2.83807  -15.8764  nan
For row 14 and col 6, pedestal is 181.74
14  6  1  4.40104  -14.8543  nan
14  6  2  5.0557  -13.5741  nan
14  6  3  5.02442  -15.0399  nan
For row 14 and col 7, pedestal is 228.157
14  7  1  4.11523  -13.2766  nan
14  7  2  5.95643  -10.3305  nan
14  7  3  5.08364  -11.9463  nan
For row 14 and col 8, pedestal is 202.179
14  8  1  2.49794  -11.8641  nan
14  8  2  2.73345  -12.0506  nan
14  8  3  2.74786  -10.9826  nan
For row 14 and col 9, pedestal is 213.185
14  9  1  2.7836  -13.972  nan
14  9  2  2.99693  -11.6481  nan
14  9  3  2.94439  -12.0059  nan
For row 14 and col 10, pedestal is 238.915
14  10  1  2.37528  -13.4173  nan
14  10  2  2.71555  -14.1951  nan
14  10  3  2.57479  -12.5489  nan
For row 14 and col 11, pedestal is 210.308
14  11  1  2.777  -12.9046  nan
14  11  2  3.53933  -10.9146  nan
14  11  3  2.77205  -12.713  nan
For row 15 and col 0, pedestal is 232.634
15  0  1  2.72073  -16.9647  nan
15  0  2  2.91133  -15.7529  nan
15  0  3  3.02291  -15.5714  nan
For row 15 and col 1, pedestal is 200.993
15  1  1  2.81803  -12.8024  nan
15  1  2  2.7506  -14.0764  nan
15  1  3  2.91009  -13.3553  nan
For row 15 and col 2, pedestal is 221.949
15  2  1  2.39671  -13.6357  nan
15  2  2  2.45067  -14.4238  nan
15  2  3  2.46053  -14.0007  nan
For row 15 and col 3, pedestal is 174.874
15  3  1  2.13881  -15.8267  nan
15  3  2  2.30376  -16.4085  nan
15  3  3  2.15623  -14.5077  nan
For row 15 and col 4, pedestal is 213.514
15  4  1  4.75993  -15.7128  nan
15  4  2  3.83175  -14.9688  nan
15  4  3  4.84777  -15.0153  nan
For row 15 and col 5, pedestal is 181.809
15  5  1  4.14007  -14.6966  nan
15  5  2  3.49114  -13.5222  nan
15  5  3  3.8133  -12.8649  nan
For row 15 and col 6, pedestal is 220.597
15  6  1  3.06071  -13.5478  nan
15  6  2  3.29631  -13.3454  nan
15  6  3  3.26692  -11.8017  nan
For row 15 and col 7, pedestal is 224.521
15  7  1  4.43446  -6.82572  nan
15  7  2  5.32969  -6.84614  nan
15  7  3  4.64121  1.50877  nan
For row 15 and col 8, pedestal is 176.62
15  8  1  2.27913  -15.1064  nan
15  8  2  2.38338  -14.9081  nan
15  8  3  2.37808  -14.7926  nan
For row 15 and col 9, pedestal is 190.594
15  9  1  2.66961  -13.3365  nan
15  9  2  2.83182  -13.6605  nan
15  9  3  2.54737  -11.9816  nan
For row 15 and col 10, pedestal is 185.791
15  10  1  2.33994  -12.2559  nan
15  10  2  2.57581  -10.8039  nan
15  10  3  2.4898  -11.5963  nan
For row 15 and col 11, pedestal is 206.247
15  11  1  2.5195  -14.3812  nan
15  11  2  3.27043  -13.5962  nan
15  11  3  2.55966  -13.6969  nan
For row 16 and col 0, pedestal is 182.801
16  0  1  2.38234  -13.8304  nan
16  0  2  2.43977  -14.707  nan
16  0  3  2.47483  -15.0115  nan
For row 16 and col 1, pedestal is 218.528
16  1  1  2.32511  -12.4119  nan
16  1  2  2.37904  -12.5456  nan
16  1  3  2.37431  -11.9517  nan
For row 16 and col 2, pedestal is 209.998
16  2  1  2.55382  -15.4824  nan
16  2  2  2.70506  -14.3766  nan
16  2  3  2.76797  -14.7222  nan
For row 16 and col 3, pedestal is 203.709
16  3  1  2.65894  -13.9765  nan
16  3  2  2.97704  -12.7902  nan
16  3  3  2.80276  -13.1173  nan
For row 16 and col 4, pedestal is 229.866
16  4  1  4.83834  -7.53709  nan
16  4  2  6.34347  -8.71071  nan
16  4  3  4.40957  -3.37505  nan
For row 16 and col 5, pedestal is 194.665
16  5  1  3.72828  -13.6598  nan
16  5  2  3.57288  -12.5857  nan
16  5  3  3.97756  -10.1432  nan
For row 16 and col 6, pedestal is 190.989
16  6  1  8.40904  -4.83112  nan
16  6  2  9.55424  -3.17506  nan
16  6  3  8.5477  5.64224  nan
For row 16 and col 7, pedestal is 221.918
16  7  1  7.69702  -3.33976  nan
16  7  2  9.30797  -3.40011  2725.54
16  7  3  8.54408  1.48447  nan
For row 16 and col 8, pedestal is 191.707
16  8  1  3.21986  -16.5904  nan
16  8  2  3.30808  -12.7892  nan
16  8  3  3.48676  -13.8427  nan
For row 16 and col 9, pedestal is 217.09
16  9  1  3.1115  -15.4199  nan
16  9  2  3.93744  -14.9874  nan
16  9  3  3.04136  -16.2583  nan
For row 16 and col 10, pedestal is 212.159
16  10  1  2.98333  -14.619  nan
16  10  2  3.16407  -12.5351  nan
16  10  3  3.06648  -10.6714  nan
For row 16 and col 11, pedestal is 208.191
16  11  1  3.87481  -11.9788  nan
16  11  2  3.33646  -5.82588  nan
16  11  3  3.89949  -5.63402  nan
For row 17 and col 0, pedestal is 193.394
17  0  1  2.92642  -14.1041  nan
17  0  2  2.65592  -14.5083  nan
17  0  3  2.88484  -14.3868  nan
For row 17 and col 1, pedestal is 201.526
17  1  1  2.46281  -14.0091  nan
17  1  2  3.06317  -14.1046  nan
17  1  3  2.64344  -15.5656  nan
For row 17 and col 2, pedestal is 200.468
17  2  1  2.78114  -14.87  nan
17  2  2  2.93483  -15.2463  nan
17  2  3  2.70044  -14.6605  nan
For row 17 and col 3, pedestal is 226.278
17  3  1  2.80672  -14.3887  nan
17  3  2  2.60938  -13.5931  nan
17  3  3  2.7095  -14.6127  nan
For row 17 and col 4, pedestal is 211.267
17  4  1  4.70698  -10.1384  nan
17  4  2  4.63926  -12.307  nan
17  4  3  5.11658  -6.06419  nan
For row 17 and col 5, pedestal is 176.499
17  5  1  3.5538  -13.7102  nan
17  5  2  4.34408  -13.5243  nan
17  5  3  3.55435  -12.9961  nan
For row 17 and col 6, pedestal is 221.123
17  6  1  4.17881  -8.60011  nan
17  6  2  5.27093  -9.96767  nan
17  6  3  4.37622  -7.10032  nan
For row 17 and col 7, pedestal is 231.748
17  7  1  5.4589  -16.7052  nan
17  7  2  6.75594  -8.66065  nan
17  7  3  6.09786  -2.87107  nan
For row 17 and col 8, pedestal is 215.648
17  8  1  3.52759  -10.274  nan
17  8  2  3.27667  -9.23118  nan
17  8  3  3.72595  -7.94696  nan
For row 17 and col 9, pedestal is 218.185
17  9  1  4.01878  -19.8972  nan
17  9  2  3.86687  -17.9273  nan
17  9  3  4.2266  -19.3262  nan
For row 17 and col 10, pedestal is 206.447
17  10  1  2.77152  -11.7889  nan
17  10  2  3.41749  -12.1445  nan
17  10  3  2.80753  -11.6646  nan
For row 17 and col 11, pedestal is 244.022
17  11  1  4.48079  -9.76106  nan
17  11  2  7.73085  -6.87148  nan
17  11  3  5.16272  -9.47738  nan
For row 18 and col 0, pedestal is 211.226
18  0  1  2.39982  -14.8625  nan
18  0  2  2.46015  -15.4332  nan
18  0  3  2.40844  -14.9739  nan
For row 18 and col 1, pedestal is 216.949
18  1  1  2.66128  -12.1569  nan
18  1  2  2.53373  -12.8962  nan
18  1  3  2.50045  -12.3073  nan
For row 18 and col 2, pedestal is 211.266
18  2  1  3.20159  -13.5671  nan
18  2  2  3.33258  -13.9979  nan
18  2  3  3.46666  -12.1101  nan
For row 18 and col 3, pedestal is 241.695
18  3  1  2.73339  -15.6702  nan
18  3  2  2.6748  -14.7375  nan
18  3  3  2.82549  -15.0008  nan
For row 18 and col 4, pedestal is 196.076
18  4  1  4.06852  -13.2778  nan
18  4  2  4.09987  -12.6469  nan
18  4  3  4.7869  -12.0497  nan
For row 18 and col 5, pedestal is 189.98
18  5  1  4.66581  -13.753  nan
18  5  2  4.74687  -10.8016  nan
18  5  3  5.92269  -10.6  nan
For row 18 and col 6, pedestal is 209.87
18  6  1  4.62162  -13.4628  nan
18  6  2  4.15231  -14.2792  nan
18  6  3  4.31583  -6.29228  nan
For row 18 and col 7, pedestal is 231.312
18  7  1  3.87916  -12.8263  nan
18  7  2  4.67697  -11.5137  nan
18  7  3  4.66067  -12.4396  nan
For row 18 and col 8, pedestal is 240.466
18  8  1  3.03248  -14.3471  nan
18  8  2  3.27602  -13.9524  nan
18  8  3  3.07716  -12.8719  nan
For row 18 and col 9, pedestal is 232.347
18  9  1  2.93144  -11.5208  nan
18  9  2  2.93393  -10.7613  nan
18  9  3  3.14724  -11.2381  nan
For row 18 and col 10, pedestal is 218.338
18  10  1  2.78701  -14.5518  nan
18  10  2  2.73182  -13.1897  nan
18  10  3  2.56782  -14.1662  nan
For row 18 and col 11, pedestal is 183.916
18  11  1  3.30639  -11.9483  nan
18  11  2  3.96012  -10.6194  nan
18  11  3  3.43417  -11.059  nan
For row 19 and col 0, pedestal is 190.717
19  0  1  2.69088  -17.1216  nan
19  0  2  2.43102  -17.1237  nan
19  0  3  2.75904  -18.3694  nan
For row 19 and col 1, pedestal is 221.503
19  1  1  2.38125  -14.6709  nan
19  1  2  2.49659  -15.4293  nan
19  1  3  2.37777  -14.3179  nan
For row 19 and col 2, pedestal is 251.413
19  2  1  2.36123  -13.6859  nan
19  2  2  2.53908  -13.6828  nan
19  2  3  2.38994  -13.0789  nan
For row 19 and col 3, pedestal is 233.076
19  3  1  2.51225  -15.7555  nan
19  3  2  2.59463  -14.3108  nan
19  3  3  2.64953  -15.134  nan
For row 19 and col 4, pedestal is 204.98
19  4  1  4.01991  -15.0619  nan
19  4  2  4.79215  -15.7461  nan
19  4  3  4.05253  -17.9238  nan
For row 19 and col 5, pedestal is 219.23
19  5  1  2.95769  -17.484  nan
19  5  2  3.3793  -18.3529  nan
19  5  3  2.87332  -16.0902  nan
For row 19 and col 6, pedestal is 220.328
19  6  1  2.67613  -11.2287  nan
19  6  2  3.86653  -9.82432  nan
19  6  3  2.81727  -11.3754  nan
For row 19 and col 7, pedestal is 238.275
19  7  1  4.22171  -16.7091  nan
19  7  2  4.39526  -13.7892  nan
19  7  3  6.0229  -14.3641  nan
For row 19 and col 8, pedestal is 209.05
19  8  1  2.25773  -14.6234  nan
19  8  2  2.26213  -13.2304  nan
19  8  3  2.32172  -14.3857  nan
For row 19 and col 9, pedestal is 184.43
19  9  1  2.21294  -13.9129  nan
19  9  2  2.22929  -13.1587  nan
19  9  3  2.29517  -11.8926  nan
For row 19 and col 10, pedestal is 201.048
19  10  1  2.37535  -16.8662  nan
19  10  2  2.49113  -17.2696  nan
19  10  3  2.40882  -17.0167  nan
For row 19 and col 11, pedestal is 195.923
19  11  1  2.43488  -14.0295  nan
19  11  2  2.79005  -11.8921  nan
19  11  3  2.67849  -13.4438  nan
For row 20 and col 0, pedestal is 238.874
20  0  1  2.51013  -13.8081  nan
20  0  2  2.58615  -14.8097  nan
20  0  3  2.4946  -14.3002  nan
For row 20 and col 1, pedestal is 233.167
20  1  1  2.69258  -13.4005  nan
20  1  2  2.79568  -14.7565  nan
20  1  3  2.73034  -13.9456  nan
For row 20 and col 2, pedestal is 211.223
20  2  1  2.79361  -13.9259  nan
20  2  2  2.80696  -14.0335  nan
20  2  3  3.07323  -13.8578  nan
For row 20 and col 3, pedestal is 214.107
20  3  1  3.18157  -12.9294  nan
20  3  2  2.87416  -12.9711  nan
20  3  3  3.52365  -13.4288  nan
For row 20 and col 4, pedestal is 170.254
20  4  1  5.33973  -3.71873  nan
20  4  2  6.29082  -5.65016  nan
20  4  3  5.01169  -3.85534  nan
For row 20 and col 5, pedestal is 186.755
20  5  1  4.69316  -7.58947  nan
20  5  2  4.463  -6.62296  nan
20  5  3  4.81701  -6.45602  nan
For row 20 and col 6, pedestal is 220.508
20  6  1  4.67377  -6.34021  nan
20  6  2  6.15558  -5.81753  nan
20  6  3  4.79853  4.33932  nan
For row 20 and col 7, pedestal is 193.721
20  7  1  5.08061  -9.25065  nan
20  7  2  4.54843  -7.8449  nan
20  7  3  5.4322  -6.63841  nan
For row 20 and col 8, pedestal is 212.824
20  8  1  2.43526  -10.5254  nan
20  8  2  2.5086  -10.7349  nan
20  8  3  2.55441  -9.09947  nan
For row 20 and col 9, pedestal is 209.983
20  9  1  2.76189  -12.1394  nan
20  9  2  2.56965  -12.4324  nan
20  9  3  2.88389  -12.1745  nan
For row 20 and col 10, pedestal is 222.585
20  10  1  2.69089  -10.6645  nan
20  10  2  2.61725  -10.9657  nan
20  10  3  2.82888  -13.8022  nan
For row 20 and col 11, pedestal is 208.917
20  11  1  2.68891  -12.8163  nan
20  11  2  2.558  -12.358  nan
20  11  3  2.79941  -10.5753  nan
For row 21 and col 0, pedestal is 220.524
21  0  1  2.47947  -16.0124  nan
21  0  2  2.56081  -15.5016  nan
21  0  3  2.4672  -17.1122  nan
For row 21 and col 1, pedestal is 293.256
21  1  1  2.79312  -15.3608  nan
21  1  2  3.06809  -15.3761  nan
21  1  3  3.2777  -15.2527  nan
For row 21 and col 2, pedestal is 214.036
21  2  1  3.10267  -15.2244  nan
21  2  2  3.00414  -14.4332  nan
21  2  3  2.83442  -13.5149  nan
For row 21 and col 3, pedestal is 255.149
21  3  1  3.38308  -14.54  nan
21  3  2  2.77394  -15.8566  nan
21  3  3  3.36176  -13.5513  nan
For row 21 and col 4, pedestal is 205.452
21  4  1  7.0579  -10.0179  nan
21  4  2  7.16827  -10.3276  nan
21  4  3  7.46716  -9.12422  nan
For row 21 and col 5, pedestal is 187.678
21  5  1  4.56463  -11.9715  nan
21  5  2  4.18404  -11.6769  nan
21  5  3  5.1757  -11.2303  nan
For row 21 and col 6, pedestal is 239.635
21  6  1  5.04637  -13.2577  nan
21  6  2  4.763  -14.2323  nan
21  6  3  4.28137  -12.627  nan
For row 21 and col 7, pedestal is 247.576
21  7  1  3.91502  -10.911  nan
21  7  2  4.82363  -7.59901  nan
21  7  3  4.32506  -3.78985  nan
For row 21 and col 8, pedestal is 239.74
21  8  1  3.58058  -12.5693  nan
21  8  2  3.38592  -11.7133  nan
21  8  3  3.23444  -9.79225  nan
For row 21 and col 9, pedestal is 248.106
21  9  1  3.16909  -13.1877  nan
21  9  2  3.13551  -15.8032  nan
21  9  3  3.11298  -14.1514  nan
For row 21 and col 10, pedestal is 234.301
21  10  1  3.08087  -13.6787  nan
21  10  2  2.79072  -13.0241  nan
21  10  3  2.9386  -13.0909  nan
For row 21 and col 11, pedestal is 219.63
21  11  1  2.55681  -9.49517  nan
21  11  2  2.93768  -7.06318  nan
21  11  3  3.14471  -6.20698  nan
For row 22 and col 0, pedestal is 267.225
22  0  1  3.40861  -12.846  nan
22  0  2  3.13948  -14.1621  nan
22  0  3  3.55804  -13.1669  nan
For row 22 and col 1, pedestal is 224.581
22  1  1  3.48615  -14.5867  nan
22  1  2  4.91293  -10.2146  nan
22  1  3  3.92198  -12.3386  nan
For row 22 and col 2, pedestal is 246.128
22  2  1  3.32996  -17.4572  nan
22  2  2  3.03826  -16.7885  nan
22  2  3  3.3676  -16.5038  nan
For row 22 and col 3, pedestal is 254.277
22  3  1  2.76364  -17.9573  nan
22  3  2  3.24098  -17.0554  nan
22  3  3  3.20078  -18.2139  nan
For row 22 and col 4, pedestal is 217.993
22  4  1  5.14722  -20.7741  nan
22  4  2  6.70311  -17.8151  nan
22  4  3  5.12817  -22.3061  nan
For row 22 and col 5, pedestal is 231.319
22  5  1  5.28367  -16.6576  nan
22  5  2  5.17931  -10.2497  nan
22  5  3  5.83282  -14.4562  nan
For row 22 and col 6, pedestal is 250.769
22  6  1  3.84914  -15.4402  nan
22  6  2  6.00837  -12.0773  nan
22  6  3  3.84818  -14.0768  nan
For row 22 and col 7, pedestal is 246.236
22  7  1  5.39205  -13.3161  nan
22  7  2  7.20772  -13.9959  nan
22  7  3  5.73487  -12.7042  nan
For row 22 and col 8, pedestal is 236.885
22  8  1  2.81833  -12.4443  nan
22  8  2  2.899  -11.9205  nan
22  8  3  3.11786  -11.4478  nan
For row 22 and col 9, pedestal is 207.723
22  9  1  2.91429  -8.85348  nan
22  9  2  2.98612  -11.0013  nan
22  9  3  2.96207  -8.59967  nan
For row 22 and col 10, pedestal is 229.549
22  10  1  3.22922  -16.0457  nan
22  10  2  3.52595  -17.0032  nan
22  10  3  3.09577  -16.9073  nan
For row 22 and col 11, pedestal is 223.799
22  11  1  2.66642  -14.623  nan
22  11  2  3.16144  -17.5357  nan
22  11  3  2.66483  -14.728  nan
For row 23 and col 0, pedestal is 230.349
23  0  1  3.36492  -16.1807  nan
23  0  2  2.78566  -15.6746  nan
23  0  3  3.96148  -17.2175  nan
For row 23 and col 1, pedestal is 201.569
23  1  1  2.52417  -19.339  nan
23  1  2  2.61883  -16.3903  nan
23  1  3  2.633  -17.4222  nan
For row 23 and col 2, pedestal is 227.109
23  2  1  2.63136  -13.3812  nan
23  2  2  3.02955  -13.8029  nan
23  2  3  2.87953  -15.7365  nan
For row 23 and col 3, pedestal is 239.472
23  3  1  2.236  -15.7966  nan
23  3  2  2.23902  -16.4462  nan
23  3  3  2.34037  -13.9308  nan
For row 23 and col 4, pedestal is 231.994
23  4  1  4.5931  -11.7415  nan
23  4  2  5.01217  -11.9251  nan
23  4  3  5.9634  -14.3347  nan
For row 23 and col 5, pedestal is 232.975
23  5  1  2.91415  -14.9534  nan
23  5  2  2.93701  -14.1187  nan
23  5  3  3.12318  -17.4738  nan
For row 23 and col 6, pedestal is 224.236
23  6  1  5.71481  -14.081  nan
23  6  2  10.2498  -14.1331  438.541
23  6  3  6.27786  -16.1984  nan
For row 23 and col 7, pedestal is 189.879
23  7  1  5.03243  -14.0289  nan
23  7  2  5.40976  -14.247  nan
23  7  3  5.8772  -15.5871  nan
For row 23 and col 8, pedestal is 214.911
23  8  1  2.43405  -17.7374  nan
23  8  2  3.0136  -12.4611  nan
23  8  3  2.67692  -14.469  nan
For row 23 and col 9, pedestal is 194.879
23  9  1  2.82363  -15.8478  nan
23  9  2  2.95199  -16.2651  nan
23  9  3  2.73811  -15.63  nan
For row 23 and col 10, pedestal is 196.995
23  10  1  2.31324  -11.5927  nan
23  10  2  2.40597  -11.8742  nan
23  10  3  2.51433  -11.4307  nan
For row 23 and col 11, pedestal is 249.701
23  11  1  2.90781  -16.9438  nan
23  11  2  3.46979  -12.2265  nan
23  11  3  3.05755  -14.4901  nan
