#All information for run 1290.
#Row Col LED <Max> <Int> NPE
For row 12 and col 0, pedestal is 238.104
12  0  1  251.486  1420.96  83.174
12  0  2  579.336  3628.52  181.431
12  0  3  1188.98  7625.53  343.938
12  0  4  2579.94  18387.3  655.57
For row 12 and col 1, pedestal is 194.293
12  1  1  41.1253  210.622  17.8619
12  1  2  488.12  2933.93  153.873
12  1  3  1741.89  10711.6  434.657
12  1  4  2229.93  15275.2  581.813
For row 12 and col 2, pedestal is 214.731
12  2  1  126.944  693.582  76.9733
12  2  2  325.693  1989.93  188.38
12  2  3  683.073  4208.81  332.049
12  2  4  1620.03  11183.4  628.739
For row 12 and col 3, pedestal is 215.891
12  3  1  362.91  2096.96  103.227
12  3  2  871.389  5191.79  212.88
12  3  3  1156.62  7627.19  303.173
12  3  4  3824.02  24394.6  1896.84
For row 12 and col 4, pedestal is 231.317
12  4  1  56.8062  327.336  65.7166
12  4  2  98.2024  601.04  109.737
12  4  3  227.197  1554.56  235.323
12  4  4  855.043  5420.5  673.113
For row 12 and col 5, pedestal is 207.751
12  5  1  152.858  960.288  78.8632
12  5  2  278.553  1795.5  140.944
12  5  3  519.313  3648.41  245.264
12  5  4  1373.34  8970.21  637.672
For row 12 and col 6, pedestal is 204.046
12  6  1  117.937  800.934  89.1535
12  6  2  189.447  1180.35  152.284
12  6  3  332.22  2420.52  234.07
12  6  4  563.41  5399.14  443.645
For row 12 and col 7, pedestal is 195.944
12  7  1  64.8283  401.906  54.2306
12  7  2  98.9066  523.232  99.5564
12  7  3  218.431  1558.01  209.405
12  7  4  310.876  2770.2  300.788
For row 12 and col 8, pedestal is 234.567
12  8  1  186.455  1021.31  67.9792
12  8  2  425.167  2525.98  136.784
12  8  3  1312.99  8735.99  369.65
12  8  4  1629.64  13840.8  493.634
For row 12 and col 9, pedestal is 230.479
12  9  1  282.402  1554.21  103.286
12  9  2  684.777  3850.44  233.243
12  9  3  1090.66  6430.26  353.518
12  9  4  1582.97  10012  465.275
For row 12 and col 10, pedestal is 214.546
12  10  1  223.35  1245.55  97.158
12  10  2  524.222  3022.07  214.108
12  10  3  807.124  4856.59  293.808
12  10  4  1525.81  9829.67  502.877
For row 12 and col 11, pedestal is 184.572
12  11  1  287.553  1606.6  105.05
12  11  2  622.424  3591.56  196.744
12  11  3  1086.69  6600.48  315.538
12  11  4  2238.82  14421.1  515.398
For row 13 and col 0, pedestal is 168.598
13  0  1  195.995  1119.15  41.3361
13  0  2  625.25  3876.03  122.301
13  0  3  1917.39  12078.7  307.863
13  0  4  3598.71  25308.8  411.299
For row 13 and col 1, pedestal is 199.4
13  1  1  305.805  1707.95  67.2545
13  1  2  885.97  5407.92  178.522
13  1  3  1387.2  8641.3  271.674
13  1  4  3295.98  23011.4  468.799
For row 13 and col 2, pedestal is 215.022
13  2  1  201.422  1196.04  90.7387
13  2  2  467.286  2998.69  192.631
13  2  3  1167.04  7581.19  421.834
13  2  4  2234.13  16047.3  733.942
For row 13 and col 3, pedestal is 195.376
13  3  1  283.121  1607.08  102.69
13  3  2  470.48  2798.92  173.37
13  3  3  877.223  5770.05  312.873
13  3  4  2848.73  17572.7  785.609
For row 13 and col 4, pedestal is 205.416
13  4  1  72.1302  393.393  27.3592
13  4  2  514.639  2819.82  166.506
13  4  3  761.171  4667.12  250.133
13  4  4  3094.28  17957.5  559.874
For row 13 and col 5, pedestal is 203.142
13  5  1  81.5194  474.752  109.305
13  5  2  158.231  922.685  187.417
13  5  3  289.271  1946.65  357.974
13  5  4  749.462  4805.96  792.193
For row 13 and col 6, pedestal is 150.239
13  6  1  418.041  2272.13  148.034
13  6  2  631.257  3601.64  216.363
13  6  3  1381.7  8854  358.252
13  6  4  2224.48  18532  740.08
For row 13 and col 7, pedestal is 197.272
13  7  1  200.027  1157.56  131.732
13  7  2  370.463  2272.75  224.002
13  7  3  677.946  4876.69  395.869
13  7  4  1100  10189.2  665.341
For row 13 and col 8, pedestal is 225.659
13  8  1  431.277  2536.95  120.242
13  8  2  635.301  3963.74  170.999
13  8  3  1482.07  10370.2  366.352
13  8  4  2095.3  18462.1  582.949
For row 13 and col 9, pedestal is 214.804
13  9  1  176.42  1026.21  70.0474
13  9  2  480.15  2795.26  185.833
13  9  3  770.444  4678.36  289.044
13  9  4  1570.74  10226.4  517.778
For row 13 and col 10, pedestal is 196.836
13  10  1  246.328  1396.52  94.5391
13  10  2  547.874  3195.02  199.757
13  10  3  1006.63  6073.54  364.548
13  10  4  1862.09  12083.1  558.542
For row 13 and col 11, pedestal is 211.461
13  11  1  191.554  1080.01  106.516
13  11  2  377.326  2194.16  202.523
13  11  3  775.104  4724.26  375.95
13  11  4  1397.3  9110.01  580.167
For row 14 and col 0, pedestal is 203.091
14  0  1  119.198  657.792  67.7702
14  0  2  295.93  1858.32  159.189
14  0  3  729.954  4663.91  359.204
14  0  4  1695.58  12091.7  745.094
For row 14 and col 1, pedestal is 227.477
14  1  1  218.638  1270.93  82.7701
14  1  2  398.085  2532.35  149.554
14  1  3  1057.57  6874.7  375.926
14  1  4  1227.68  8864.18  430.565
For row 14 and col 2, pedestal is 189.531
14  2  1  274.699  1637.5  83.449
14  2  2  532.905  3452.58  162.47
14  2  3  1679.22  11005.6  410.285
14  2  4  1908.62  13925.1  497.445
For row 14 and col 3, pedestal is 211.974
14  3  1  147.845  802.181  103.606
14  3  2  317.696  1888.48  208.021
14  3  3  299.027  1941.67  200.808
14  3  4  1445.38  9055.17  818.735
For row 14 and col 4, pedestal is 185.931
14  4  1  101.524  648.183  69.6731
14  4  2  233.68  1438.11  145.702
14  4  3  414.751  2883.14  256.542
14  4  4  1190.08  7698.79  669.303
For row 14 and col 5, pedestal is 217.469
14  5  1  165.424  1001.94  79.36
14  5  2  262.524  1613.76  130.131
14  5  3  558.749  3892.3  256.331
14  5  4  1905.38  12482.5  702.066
For row 14 and col 6, pedestal is 180.879
14  6  1  187.021  957.563  119.153
14  6  2  291.4  1885.08  216.371
14  6  3  489.128  3580.91  339.803
14  6  4  871.198  8349.78  642.803
For row 14 and col 7, pedestal is 228.485
14  7  1  137.822  864.211  141.14
14  7  2  240.649  1556.74  220.184
14  7  3  536.983  4028.21  381.489
14  7  4  651.555  6300.32  554.639
For row 14 and col 8, pedestal is 201.617
14  8  1  348.196  2228.26  170.047
14  8  2  430.302  2868.18  216.562
14  8  3  1078.09  7938.16  496.562
14  8  4  1722.18  15881.7  823.481
For row 14 and col 9, pedestal is 213.076
14  9  1  121.663  753.236  87.1417
14  9  2  357.712  2144.68  233.524
14  9  3  564.174  3483.43  336.037
14  9  4  1086.9  7147.66  598.471
For row 14 and col 10, pedestal is 238.37
14  10  1  301.751  1798.24  63.9769
14  10  2  643.796  3918.68  138.392
14  10  3  1417.97  8960.03  289.609
14  10  4  2254.76  15266.8  413.161
For row 14 and col 11, pedestal is 209.714
14  11  1  357.379  2120.04  88.8824
14  11  2  760.334  4580.13  174.773
14  11  3  1419.76  8995  314.002
14  11  4  2896.24  19460.1  445.335
For row 15 and col 0, pedestal is 232.829
15  0  1  324.769  1817.96  73.4567
15  0  2  739.873  4447.44  168.473
15  0  3  2028.88  12576.5  374.78
15  0  4  3471.91  23815.3  468.367
For row 15 and col 1, pedestal is 200.367
15  1  1  84.5503  433.985  41.7088
15  1  2  304.202  1836.36  135.336
15  1  3  1158.85  7224.2  421.751
15  1  4  1584.23  11015.4  580.554
For row 15 and col 2, pedestal is 221.299
15  2  1  288.49  1626.68  102.449
15  2  2  608.356  3707.61  207.963
15  2  3  1630.48  10072.9  487.573
15  2  4  2546.47  17416.1  696.41
For row 15 and col 3, pedestal is 174.255
15  3  1  261.415  1452.67  99.7279
15  3  2  683.77  3947.39  241.923
15  3  3  42.0686  254.911  19.893
15  3  4  3051.66  18582.3  760.216
For row 15 and col 4, pedestal is 212.67
15  4  1  118.328  733.585  76.8876
15  4  2  230.586  1433.1  124.92
15  4  3  609.829  4229.11  288.312
15  4  4  1573.81  10351.7  648.902
For row 15 and col 5, pedestal is 180.129
15  5  1  128.909  924.466  96.1358
15  5  2  212.933  1425.17  142.207
15  5  3  577.572  4137.38  352.004
15  5  4  1977.05  13396.6  846.502
For row 15 and col 6, pedestal is 219.707
15  6  1  311.257  1781.99  122.715
15  6  2  437.47  2499.69  180.774
15  6  3  1208.73  7751.34  375.577
15  6  4  1810.78  14926  649.478
For row 15 and col 7, pedestal is 224.345
15  7  1  214.7  1389.22  151.461
15  7  2  268.019  1827.47  186.64
15  7  3  589.088  4578.08  346.313
15  7  4  979.545  9410.25  646.907
For row 15 and col 8, pedestal is 175.396
15  8  1  243.178  1451.72  189.166
15  8  2  269.515  1674.85  218.419
15  8  3  842.235  5969.52  569.003
15  8  4  1087.36  9637.49  800.651
For row 15 and col 9, pedestal is 189.349
15  9  1  157.835  873.231  107.694
15  9  2  291.203  1675.38  195.919
15  9  3  585.478  3515.68  351.146
15  9  4  1230.41  7929.7  634.881
For row 15 and col 10, pedestal is 184.466
15  10  1  135.407  758.879  77.0105
15  10  2  329.025  1906.52  178.803
15  10  3  637.488  3855.94  339.723
15  10  4  751.435  4902.14  389.11
For row 15 and col 11, pedestal is 205.916
15  11  1  140.443  789.605  59.751
15  11  2  391.866  2281.26  160.422
15  11  3  734.4  4491.87  283.606
15  11  4  1436.5  9414.73  481.436
For row 16 and col 0, pedestal is 181.726
16  0  1  27.3026  140.826  19.7223
16  0  2  356.839  2169.73  188.137
16  0  3  888.657  5533.95  407.742
16  0  4  1467.9  10196.9  634.394
For row 16 and col 1, pedestal is 217.987
16  1  1  196.596  1088.27  73.3799
16  1  2  574.878  3535.68  201.066
16  1  3  1467.28  9139.94  410.836
16  1  4  2243.22  15651.4  610.571
For row 16 and col 2, pedestal is 209.037
16  2  1  135.212  745.239  115.883
16  2  2  287.121  1770.83  221.373
16  2  3  806.409  5126.6  527.126
16  2  4  854.26  6027.24  567.004
For row 16 and col 3, pedestal is 203.19
16  3  1  170.955  943.329  97.1014
16  3  2  350.452  2059.18  189.127
16  3  3  522.993  3413.35  288.288
16  3  4  2012.65  12442.3  878.295
For row 16 and col 4, pedestal is 228.975
16  4  1  93.3214  690.022  117.367
16  4  2  142.873  954.504  121.13
16  4  3  348.721  2483.22  262.73
16  4  4  1372.2  8932.92  795.955
For row 16 and col 5, pedestal is 193.685
16  5  1  22.4805  60.4614  94.5985
16  5  2  420.126  2349.83  140.777
16  5  3  874.042  5372.57  280.822
16  5  4  103.75  646.219  54.7964
For row 16 and col 6, pedestal is 190.501
16  6  1  214.976  1143.55  205.479
16  6  2  292.046  1944.15  231.052
16  6  3  696.032  5166.88  516.844
16  6  4  810.908  7773.34  645.27
For row 16 and col 7, pedestal is 221.14
16  7  1  145.663  838.476  104.907
16  7  2  222.683  1490.03  129.394
16  7  3  426.916  3258.14  331.629
16  7  4  671.427  6495.12  496.65
For row 16 and col 8, pedestal is 190.898
16  8  1  549.814  3211.67  133.467
16  8  2  896.725  5575.2  212.996
16  8  3  2092.85  14413  421.749
16  8  4  2568.46  22506  617.29
For row 16 and col 9, pedestal is 217.77
16  9  1  148.093  808.695  94.4023
16  9  2  351.519  2046.62  192.473
16  9  3  721.734  4477.2  388.778
16  9  4  1266.72  8359.21  622.243
For row 16 and col 10, pedestal is 211.43
16  10  1  341.504  1964.68  108.937
16  10  2  842.45  4995.42  256.053
16  10  3  1396.33  8584.28  391.502
16  10  4  2316.83  15089.8  555.506
For row 16 and col 11, pedestal is 207.701
16  11  1  66.5685  351.456  82.2438
16  11  2  148.575  854.599  164.413
16  11  3  271.687  1626.73  267.878
16  11  4  610.163  3962.77  499.197
For row 17 and col 0, pedestal is 192.027
17  0  1  158.342  833.848  90.2008
17  0  2  393.506  2315.74  201.765
17  0  3  1019.87  6162.15  464.76
17  0  4  1586.15  10669.8  683.871
For row 17 and col 1, pedestal is 200.916
17  1  1  14.2571  87.8082  37.4734
17  1  2  125.036  805.315  118.289
17  1  3  20.8645  151.386  31.0303
17  1  4  524.597  3626.28  434.78
For row 17 and col 2, pedestal is 198.5
17  2  1  428.414  2457.1  100.185
17  2  2  1018.79  6346.31  217.673
17  2  3  2443.28  15477.8  425.249
17  2  4  3210.37  22575.4  464.209
For row 17 and col 3, pedestal is 225.473
17  3  1  169.709  941.054  90.1428
17  3  2  335.907  1942.03  160.707
17  3  3  568.16  3646.73  275.927
17  3  4  2045.1  12344.3  850.954
For row 17 and col 4, pedestal is 210.225
17  4  1  160.512  847.765  102.593
17  4  2  308.762  1899.13  182.878
17  4  3  500.752  3501.19  296.074
17  4  4  1224.29  8080.62  613.529
For row 17 and col 5, pedestal is 175.627
17  5  1  392.877  2039.77  107.55
17  5  2  692.988  3781.91  174.977
17  5  3  1386.36  8450.34  299.88
17  5  4  4275.36  25387.5  99.0042
For row 17 and col 6, pedestal is 220.431
17  6  1  258.239  1195.29  126.624
17  6  2  351.058  1956.2  168.215
17  6  3  807.401  4942.89  325.177
17  6  4  1155.29  9315.74  573.694
For row 17 and col 7, pedestal is 230.829
17  7  1  93.5601  564.515  98.6648
17  7  2  138.906  1007.43  137.485
17  7  3  250.883  1956.58  321.4
17  7  4  379.007  3739.43  495.774
For row 17 and col 8, pedestal is 214.268
17  8  1  368.039  2136.43  87.9249
17  8  2  959.311  5767.42  222.026
17  8  3  2222.25  14858.2  411.259
17  8  4  2671.72  22780  599.08
For row 17 and col 9, pedestal is 217.598
17  9  1  199.219  1208.62  64.1642
17  9  2  379.051  2272.92  117.029
17  9  3  945.373  5799.39  238.624
17  9  4  1486.51  9746.24  384.921
For row 17 and col 10, pedestal is 205.483
17  10  1  290.927  1679.13  98.1897
17  10  2  622.182  3611.14  212.013
17  10  3  941.94  5687.96  315.695
17  10  4  1601.34  10316.1  464.341
For row 17 and col 11, pedestal is 243.185
17  11  1  83.0437  397.847  76.0374
17  11  2  229.217  1210.11  189.577
17  11  3  430.608  2573.76  353.114
17  11  4  579.916  3712.48  441.221
For row 18 and col 0, pedestal is 210.296
18  0  1  131.819  739.093  42.2505
18  0  2  382.084  2267.88  117.194
18  0  3  564.746  3603.03  179.485
18  0  4  3393.19  24313  551.257
For row 18 and col 1, pedestal is 215.898
18  1  1  20.9073  102.585  63.3983
18  1  2  46.9119  273.529  148.761
18  1  3  94.0586  606.83  275.001
18  1  4  336.453  2454.47  721.629
For row 18 and col 2, pedestal is 209.542
18  2  1  236.451  1270.99  58.7352
18  2  2  646.983  3734.01  147.826
18  2  3  984.11  6132.73  223.51
For row 18 and col 3, pedestal is 240.577
18  3  1  154.789  995.881  86.1002
18  3  2  345.782  2326.12  177.688
18  3  3  844.513  5748.46  407.285
18  3  4  1492.16  11491.1  638.916
For row 18 and col 4, pedestal is 195.353
18  4  1  206.993  1089.59  91.0125
18  4  2  437.646  2438.54  176.514
18  4  3  897.262  5055.81  311.101
18  4  4  1598.9  10334.5  501.367
For row 18 and col 5, pedestal is 188.569
18  5  1  145.9  835.891  137.949
18  5  2  307.684  1939.78  241.004
18  5  3  608.755  3919.81  368.951
18  5  4  1115.03  8316.09  619.553
For row 18 and col 6, pedestal is 209.101
18  6  1  150.844  993.745  131.614
18  6  2  271.584  1835.67  199.609
18  6  3  544.15  4123.29  369.617
18  6  4  1278.02  9767.68  705.288
For row 18 and col 7, pedestal is 230.361
18  7  1  198.539  1264.29  131.849
18  7  2  336.248  2211.28  206.677
18  7  3  678.569  5023.15  365.432
18  7  4  1734.09  13075.4  788.613
For row 18 and col 8, pedestal is 239.645
18  8  1  745.878  4394.56  116.179
18  8  2  1446.47  8917.07  210.819
18  8  3  2442.56  16628.1  325.301
For row 18 and col 9, pedestal is 231.472
18  9  1  170.446  1204.18  91.3554
18  9  2  289.058  2036.14  128.923
18  9  3  599.142  4563.35  272.116
18  9  4  1706.66  13227.1  637.414
For row 18 and col 10, pedestal is 217.87
18  10  1  274.226  1917.24  77.5249
18  10  2  361.337  2512.96  92.75
18  10  3  700.284  5240.01  185.846
18  10  4  2140.5  16088  432.432
For row 18 and col 11, pedestal is 183.853
18  11  1  129.506  866.009  55.717
18  11  2  144.742  983.372  59.5718
18  11  3  358.758  2647.75  142.275
18  11  4  1165.12  8666.17  385.452
For row 19 and col 0, pedestal is 189.942
19  0  1  138.622  712.423  49.7549
19  0  2  375.401  2128.6  113.508
19  0  3  647.487  3992.46  194.193
19  0  4  2881.64  20147.6  469.022
For row 19 and col 1, pedestal is 220.839
19  1  1  412.525  2293.28  63.4858
19  1  2  978.561  5807.82  144.562
19  1  3  1561.66  10020.4  223.683
For row 19 and col 2, pedestal is 250.678
19  2  1  179.241  968.105  77.7127
19  2  2  446.223  2582.27  172.223
19  2  3  620.485  3907.86  237.357
19  2  4  2681.79  19055.9  645.03
For row 19 and col 3, pedestal is 231.311
19  3  1  143.274  820.252  114.354
19  3  2  294.258  1821.54  238.192
19  3  3  523.984  3314.28  393.785
19  3  4  1057.57  7635.33  737.599
For row 19 and col 4, pedestal is 203.975
19  4  1  125.769  690.612  89.2764
19  4  2  241.602  1523.91  191.459
19  4  3  458.091  2913.41  294.952
19  4  4  950.971  6919.51  539.333
For row 19 and col 5, pedestal is 218.662
19  5  1  182.719  945.596  82.1211
19  5  2  398.463  2206.72  170.719
19  5  3  1166.39  6535.81  382.791
19  5  4  1839.59  11895.2  565.9
For row 19 and col 6, pedestal is 219.082
19  6  1  174.198  946.51  92.236
19  6  2  288.56  1672.96  154.6
19  6  3  556.12  3534.27  269.743
19  6  4  999.777  6471.91  454.703
For row 19 and col 7, pedestal is 237.362
19  7  1  98.3473  629.806  91.6697
19  7  2  151.426  1018.85  147.313
19  7  3  239.735  1819.42  225.721
19  7  4  729.823  5539.7  640.593
For row 19 and col 8, pedestal is 208.21
19  8  1  260.678  1615.26  135.971
19  8  2  382.75  2480.16  181.629
19  8  3  691.184  4935.08  335.147
19  8  4  1514.66  10775  658.868
For row 19 and col 9, pedestal is 183.86
19  9  1  251.443  1766.4  87.5648
19  9  2  423.363  2924.98  126.505
19  9  3  941.299  7041.74  290.09
19  9  4  2423.09  18239.1  565.964
For row 19 and col 10, pedestal is 199.795
19  10  1  141.895  1001.27  76.8233
19  10  2  292.638  2065.85  133.913
19  10  3  607.816  4637.75  299.497
19  10  4  1512.51  11710.9  590.736
For row 19 and col 11, pedestal is 194.882
19  11  1  90.0157  586.907  63.759
19  11  2  135.64  895.438  75.2548
19  11  3  461.061  3443.32  253.474
19  11  4  1173.76  8842.27  557.54
For row 20 and col 0, pedestal is 240.788
20  0  1  58.1992  307.485  47.8164
20  0  2  177.576  1034.92  136.989
20  0  3  308.672  1944.18  223.017
20  0  4  1526.09  10868.9  638.319
For row 20 and col 1, pedestal is 234.22
20  1  1  162.522  927.248  60.1742
20  1  2  409.759  2441.29  137.579
20  1  3  756.893  4841.53  255.562
20  1  4  2796.29  20046.9  689.752
For row 20 and col 2, pedestal is 213.223
20  2  1  444.227  2463.85  67.6622
20  2  2  1107.69  6413.94  164.581
20  2  3  1730.96  10876.4  240.211
For row 20 and col 3, pedestal is 216.425
20  3  1  191.238  1137.33  100.248
20  3  2  447.323  2757.89  225.702
20  3  3  692.392  4283.02  321.248
20  3  4  1663.1  11666.5  660.41
For row 20 and col 4, pedestal is 171.477
20  4  1  94.7568  518.43  71.2899
20  4  2  24.9395  75.8716  178.907
20  4  3  427.034  2694.13  283.33
20  4  4  731.932  5306.67  454.084
For row 20 and col 5, pedestal is 187.84
20  5  1  353.051  1833.91  88.711
20  5  2  815.584  4591.17  187.532
20  5  3  2098.97  12065.8  351.652
20  5  4  3634.64  24837.8  651.383
For row 20 and col 6, pedestal is 222.734
20  6  1  213.908  1237.46  169.768
20  6  2  359.925  2204.43  218.161
20  6  3  698.189  4941.26  393.905
20  6  4  1480.61  10831.3  668.838
For row 20 and col 7, pedestal is 194.175
20  7  1  118.811  774.144  129.976
20  7  2  176.299  1212.91  180.223
20  7  3  340.984  2585.98  327.856
20  7  4  760.459  5829.93  610.911
For row 20 and col 8, pedestal is 214.365
20  8  1  342.525  2044.33  153.818
20  8  2  468.303  2948.01  203.166
20  8  3  1033.4  7155.47  434.459
20  8  4  1819.15  12593.6  684.522
For row 20 and col 9, pedestal is 211.346
20  9  1  154.79  1114.79  76.0811
20  9  2  253.589  1830.75  107.919
20  9  3  583.626  4560.18  262.494
20  9  4  1021.97  8083.35  396.016
For row 20 and col 10, pedestal is 224.455
20  10  1  104.69  718.856  72.0815
20  10  2  225.175  1534.64  123.534
20  10  3  456.157  3424.71  260.142
20  10  4  774.637  5883.33  359.9
For row 20 and col 11, pedestal is 210.69
20  11  1  116.543  824.091  88.9762
20  11  2  152.069  1075.49  101.998
20  11  3  477.419  3624.63  299.814
20  11  4  1355.71  10372.9  561.191
For row 21 and col 0, pedestal is 221.157
21  0  1  78.4316  443.194  45.6722
21  0  2  190.434  1202  122.359
21  0  3  359.406  2366.92  231.095
21  0  4  1287.96  9451.07  595.125
For row 21 and col 1, pedestal is 294.16
21  1  1  231.373  1285.36  55.4172
21  1  2  621.688  3643.17  137.828
21  1  3  1210.15  7627.67  255.632
For row 21 and col 2, pedestal is 214.509
21  2  1  393.546  2247.17  61.052
21  2  2  953.27  5694.49  142.929
21  2  3  1707.75  10978.6  249.965
For row 21 and col 3, pedestal is 254.447
21  3  1  429.568  2471.2  105.892
21  3  2  837.555  5095.55  196.392
21  3  3  1737.34  10658.4  365.919
21  3  4  3286.76  23319.6  581.31
For row 21 and col 4, pedestal is 205.583
21  4  1  161.276  924.648  94.5351
21  4  2  316.556  2050.74  161.889
21  4  3  762.091  5048.27  369.406
21  4  4  1321.68  10104.9  583.784
For row 21 and col 5, pedestal is 187.037
21  5  1  183.945  969.765  62.7812
21  5  2  438.304  2464.35  139.304
21  5  3  1042.19  5967.32  309.25
21  5  4  2078.74  13679.9  538.249
For row 21 and col 6, pedestal is 240.654
21  6  1  299.212  1574.03  118.678
21  6  2  441.119  2493.92  165.129
21  6  3  982.812  6175.33  323.704
21  6  4  1929.43  12360.9  568.614
For row 21 and col 7, pedestal is 247.634
21  7  1  189.777  1226.2  110.437
21  7  2  226.309  1556.64  129.209
21  7  3  306.777  2293.71  176.684
21  7  4  981.95  7442.18  502.273
For row 21 and col 8, pedestal is 239.926
21  8  1  305.537  1815.29  155.444
21  8  2  443.22  2762.01  218.542
21  8  3  877.444  6045.12  398.515
21  8  4  852.047  5819.71  409.401
For row 21 and col 9, pedestal is 248.624
21  9  1  182.57  1289.9  86.0556
21  9  2  318.687  2177.16  129.747
21  9  3  748.385  5563.91  300.063
21  9  4  1976.33  14771.3  622.344
For row 21 and col 10, pedestal is 234.03
21  10  1  184.563  1319.82  80.7477
21  10  2  305.73  2144.36  117.069
21  10  3  658.938  5001.04  239.298
21  10  4  1507.55  11560.1  484.637
For row 21 and col 11, pedestal is 219.877
21  11  1  275.042  1968.93  88.9373
21  11  2  541.237  3788.81  147.474
21  11  3  868.053  6557.65  234.394
21  11  4  2207.16  16886.5  498.592
For row 22 and col 0, pedestal is 267.439
22  0  1  32.3702  175  44.0371
22  0  2  56.7991  346.548  91.761
22  0  3  136.624  852.749  205.813
22  0  4  580.742  4070.96  638.92
For row 22 and col 1, pedestal is 225.007
22  1  1  80.1318  492.186  30.2295
22  1  2  224.948  1424.43  82.9446
22  1  3  645.871  4271.59  223.799
22  1  4  1888.6  13958.6  534.083
For row 22 and col 2, pedestal is 246.203
22  2  1  186.44  1041.65  46.2911
22  2  2  381.911  2283.61  94.2889
22  2  3  1090.4  6905.85  242.908
22  2  4  3365.6  23831.8  459.444
For row 22 and col 3, pedestal is 253.858
22  3  1  372.54  2156.27  112.531
22  3  2  773.497  4770.21  215.742
22  3  3  1486.35  9279.29  388.852
22  3  4  3149.84  22264.7  583.214
For row 22 and col 4, pedestal is 218.285
22  4  1  150.711  790.952  85.4099
22  4  2  313.241  1946.07  203.277
22  4  3  760.99  4928.75  400.392
22  4  4  1208.83  8980.27  577.453
For row 22 and col 5, pedestal is 231.359
22  5  1  294.09  1530.01  93.5487
22  5  2  510.941  2793.18  154.961
22  5  3  1518.41  8525.08  351.95
22  5  4  2118.88  13626.8  472.821
For row 22 and col 6, pedestal is 250.62
22  6  1  176.118  1069.41  104.567
22  6  2  311.177  2055.56  179.929
22  6  3  687.988  5077.3  363.494
22  6  4  1066.04  7971.2  572.735
For row 22 and col 7, pedestal is 246.388
22  7  1  142.427  996.925  96.6457
22  7  2  195.575  1476.44  119.548
22  7  3  472.549  3673.04  289.428
22  7  4  1042.59  7955.67  582.852
For row 22 and col 8, pedestal is 236.889
22  8  1  425.99  2549.49  122.041
22  8  2  681.729  4278.35  191.773
22  8  3  1124.2  7757.06  286.245
22  8  4  3023.83  20780.8  526.995
For row 22 and col 9, pedestal is 208.056
22  9  1  142.447  1006.51  54.3534
22  9  2  258.63  1787.16  79.7067
22  9  3  450.728  3374.11  148.062
22  9  4  1489.79  11237.3  403.063
For row 22 and col 10, pedestal is 230.124
22  10  1  85.9907  605.858  67.0345
22  10  2  158.696  1097.28  105.592
22  10  3  255.591  1929.15  177.12
22  10  4  846.303  6423.4  428.007
For row 22 and col 11, pedestal is 223.642
22  11  1  162.835  1145.01  57.5272
22  11  2  431.079  3046.56  121.939
22  11  3  847.251  6451.75  237.676
22  11  4  1965.25  15111.4  477.737
For row 23 and col 0, pedestal is 232.032
23  0  1  91.8866  481.002  50.31
23  0  2  297.051  1761.64  135.549
23  0  3  478.171  3061.27  198.377
23  0  4  2176.94  15810.1  522.246
For row 23 and col 1, pedestal is 202.655
23  1  1  49.7943  256.003  53.8533
23  1  2  125.412  752.1  141.037
23  1  3  268.365  1713.51  276.134
23  1  4  1021.16  7498.86  734.013
For row 23 and col 2, pedestal is 227.195
23  2  1  62.1242  329.027  41.598
23  2  2  262.984  1555.06  143.422
23  2  3  488.364  3111.35  246.293
23  2  4  1740.17  12487.7  531.979
For row 23 and col 3, pedestal is 239.05
23  3  1  130.05  717.083  101.521
23  3  2  237.612  1410.94  168.845
23  3  3  403.242  2406.23  286.149
23  3  4  963.452  6644.57  577.318
For row 23 and col 4, pedestal is 231.693
23  4  1  180.4  1102.24  116.509
23  4  2  359.678  2345.48  211.763
23  4  3  778.441  5150.6  402.417
23  4  4  1702.45  12775.1  715.179
For row 23 and col 5, pedestal is 232.911
23  5  1  191.489  930.157  78.0044
23  5  2  517.814  2874.44  203.229
23  5  3  1173.98  6736.88  387.655
23  5  4  1749.87  11478  523.29
For row 23 and col 6, pedestal is 226
23  6  1  156.103  911.037  184.037
23  6  2  224.958  1435.36  191.381
23  6  3  290.921  2100.11  262.314
23  6  4  828.57  6151.15  587.218
For row 23 and col 7, pedestal is 191.391
23  7  1  153.235  862.993  100.284
23  7  2  204.352  1451.09  166.258
23  7  3  454.958  3554.6  347
23  7  4  775.892  6122.48  574.506
For row 23 and col 8, pedestal is 214.544
23  8  1  375.186  2268.04  113.924
23  8  2  713.682  4525.29  206.472
23  8  3  1275.03  8905.81  351.325
23  8  4  2379.09  16572.4  599.944
For row 23 and col 9, pedestal is 194.852
23  9  1  162.485  1204.04  58.6341
23  9  2  352.135  2482.87  112.827
23  9  3  686.96  5207.87  232.068
23  9  4  1677.63  12795.3  452.933
For row 23 and col 10, pedestal is 197.038
23  10  1  163.311  1209.01  67.0647
23  10  2  344.694  2386.45  121.076
23  10  3  721.89  5481.82  264.55
23  10  4  1922.25  14587.5  580.794
For row 23 and col 11, pedestal is 249.118
23  11  1  119.731  856.1  61.0617
23  11  2  216.539  1525.83  98.1061
23  11  3  396.146  3009.57  181.437
23  11  4  1130.2  8704.77  440.995
