#All information for run 1201.
#Row Col LED <Max> <Int> NPE
For row 0 and col 0 ,pedestal is 236.348
0  0  1  255.018  93.095  16898.6
0  0  2  275.626  236.163  7172.37
0  0  3  312.239  493.299  6114.92
0  0  4  398.038  1178.58  4506.12
0  0  5  592.504  3234.65  4478.25
For row 0 and col 1 ,pedestal is 191.896
0  1  1  199.743  17.8287  15760.2
0  1  2  223.869  183.933  7780.55
0  1  3  300.905  664.786  3433.51
0  1  4  333.251  953.029  3089.17
0  1  5  374.039  1567.08  3394.63
For row 0 and col 2 ,pedestal is 211.92
0  2  1  224.065  63.1553  22805.2
0  2  2  238.725  156.13  9527.23
0  2  3  262.637  310.885  5734.14
0  2  4  323.704  787.372  4604.34
0  2  5  467.092  2247.86  3402.01
For row 0 and col 3 ,pedestal is 215.236
0  3  1  242.356  169.318  9155.08
0  3  2  278.172  405.306  4047.01
0  3  3  301.093  585.297  3247.08
0  3  4  504.003  1826.4  2105.23
0  3  5  963.93  5280.2  2674.9
For row 0 and col 4 ,pedestal is 229.928
0  4  1  259.408  108.544  6820.8
0  4  2  259.403  184.154  10154.7
0  4  3  301.225  475.904  3301.08
0  4  4  483.371  1664.36  2124.44
0  4  5  879.485  4725.45  2837.91
For row 0 and col 5 ,pedestal is 206.463
0  5  1  246.867  324.932  5528.77
0  5  2  285.651  588.067  2082.28
0  5  3  363.237  1177.19  1504.11
0  5  4  635.809  2836.4  1394.49
0  5  5  1739.85  11322.4  2177.34
For row 0 and col 6 ,pedestal is 202.256
0  6  1  247.692  288.496  2771.26
0  6  2  259.48  408.222  3438.41
0  6  3  298.423  749.912  3428.75
0  6  4  367.144  1639.5  3412.55
0  6  5  727.496  4202.03  1904.53
For row 0 and col 7 ,pedestal is 193.259
0  7  1  219.968  140.636  8700.68
0  7  2  233.315  159.593  3571.87
0  7  3  268.853  477.794  2060.58
0  7  4  297.126  847.319  2273.56
0  7  5  559.871  2790.03  2101.41
For row 0 and col 8 ,pedestal is 232.374
0  8  1  250.709  81.2544  20828.5
0  8  2  260.85  188.118  8770.98
0  8  3  326.783  646.273  4769.97
0  8  4  345.296  1029.8  5085.55
0  8  5  605.462  2723.16  3440.18
For row 0 and col 9 ,pedestal is 231.53
0  9  1  253.711  121.245  12239.1
0  9  2  279.673  280.422  6231.57
0  9  3  302.859  450.122  6117.89
0  9  4  336.328  702.661  5176.57
0  9  5  476.246  1833.92  3923.94
For row 0 and col 10 ,pedestal is 213.267
0  10  1  235.292  108.461  7425.36
0  10  2  251.9  242.605  6481.4
0  10  3  271.875  371.555  5687.52
0  10  4  324.138  739.346  3794.38
0  10  5  415.585  1510.51  3596.98
For row 0 and col 11 ,pedestal is 181.903
0  11  1  206.749  123.56  8029.85
0  11  2  231.024  258.045  4253.25
0  11  3  261.636  465.087  2428.39
0  11  4  339.01  1009.09  1689.12
0  11  5  405.035  1623.04  1786.07
For row 1 and col 0 ,pedestal is 168.453
1  0  1  181.908  61.8028  5960.12
1  0  2  205.445  217.766  3420.1
1  0  3  275.293  678.413  1651.31
1  0  4  362.033  1369.87  1505.54
1  0  5  746.886  5101.33  1513.48
For row 1 and col 1 ,pedestal is 199.657
1  1  1  217.258  104.262  9252.02
1  1  2  251.368  333.535  3737.16
1  1  3  283.826  541.114  2466.37
1  1  4  398.262  1415  1971.49
1  1  5  539.018  3000.99  2248.42
For row 1 and col 2 ,pedestal is 213.173
1  2  1  227.928  81.8481  17078.8
1  2  2  242.977  193.808  11170.3
1  2  3  282.833  482.312  6791.93
1  2  4  347.689  1011  5646.79
1  2  5  481.157  2453.67  5608.93
For row 1 and col 3 ,pedestal is 195.118
1  3  1  213.239  125.19  10309.8
1  3  2  225.141  211.778  7212.81
1  3  3  255.858  432.288  4492.74
1  3  4  403.123  1323.16  3324.1
1  3  5  648.768  3181.65  3458.56
For row 1 and col 4 ,pedestal is 203.71
1  4  1  224.884  140.509  9195.38
1  4  2  361.032  921.758  852.383
1  4  3  440.479  1512.11  897.368
1  4  4  1162.08  5651.6  1216.74
1  4  5  2842.95  17535.1  2073.69
For row 1 and col 5 ,pedestal is 203.395
1  5  1  231.529  165.143  5762.96
1  5  2  253.117  302.065  3555.49
1  5  3  292.682  622.964  3487.77
1  5  4  439.481  1514.76  2967.64
1  5  5  928.485  5287.81  3059.39
For row 1 and col 6 ,pedestal is 147.776
1  6  1  277.621  682.57  729.625
1  6  2  340.469  1073.26  651.223
1  6  3  550.619  2620.25  780.18
1  6  4  807.267  5535.41  1100.73
1  6  5  2146.76  14034.8  1524.74
For row 1 and col 7 ,pedestal is 194.641
1  7  1  256.058  358.854  1928.64
1  7  2  305.079  706.473  1329.89
1  7  3  404.882  1482.17  1291.84
1  7  4  519.693  3053.52  1692.19
1  7  5  1191.48  7774.83  1846.93
For row 1 and col 8 ,pedestal is 224.348
1  8  1  258.198  176.001  6657.86
1  8  2  265.834  274.288  6629.7
1  8  3  327.774  723.968  3497.9
1  8  4  368.512  1298.32  3755.16
1  8  5  664.496  3317.56  3053.47
For row 1 and col 9 ,pedestal is 212.952
1  9  1  230.971  86.7574  9222.3
1  9  2  248.434  223.632  7497.06
1  9  3  268.222  351.004  6046.13
1  9  4  326.409  751.189  4064.89
1  9  5  444.83  1726.72  3457.4
For row 1 and col 10 ,pedestal is 195.48
1  10  1  210.369  117.174  17173.4
1  10  2  232.533  250.378  3969
1  10  3  264.204  458.513  4468.7
1  10  4  321.275  915.695  3282.77
1  10  5  450.101  1952.45  3332.52
For row 1 and col 11 ,pedestal is 209.877
1  11  1  225.245  91.6057  9405.73
1  11  2  234.653  166.301  13198.2
1  11  3  265.744  347.668  6595.98
1  11  4  306.443  667.15  5227.49
1  11  5  388.408  1371.36  4665.54
For row 2 and col 0 ,pedestal is 200.303
2  0  1  211.092  34.5306  26044.9
2  0  2  222.167  116.47  15371
2  0  3  248.901  294.419  6286.31
2  0  4  311.803  786.111  3773.02
2  0  5  479.671  2466.75  3034.91
For row 2 and col 1 ,pedestal is 225.21
2  1  1  242.35  98.4128  15881.4
2  1  2  256.21  199.075  9266.69
2  1  3  306.266  525.133  4331.38
2  1  4  316.938  668.232  4817.9
2  1  5  504.185  2534.39  2999.25
For row 2 and col 2 ,pedestal is 187.308
2  2  1  209.981  130.888  6171.78
2  2  2  224.314  268.443  4167.55
2  2  3  311.995  843.327  1949.61
2  2  4  329.194  1069.91  2063.25
2  2  5  551.578  3368.75  1729.77
For row 2 and col 3 ,pedestal is 210.483
2  3  1  226.241  56.3416  17220.6
2  3  2  234.47  130.349  16288.1
2  3  3  233.724  135.708  17713.1
2  3  4  307.326  632.321  8181.95
2  3  5  543.003  2367.05  5976.45
For row 2 and col 4 ,pedestal is 183.355
2  4  1  218.183  223.486  5278.12
2  4  2  248.583  456.5  1785.53
2  4  3  303.774  885.416  1669.15
2  4  4  535.414  2341.09  1554.36
2  4  5  1604.55  10454.7  2378.6
For row 2 and col 5 ,pedestal is 216.453
2  5  1  268.404  310.125  2199.68
2  5  2  301.105  495.42  1511.46
2  5  3  390.717  1203.21  1344.92
2  5  4  805.117  3876.32  1424.59
2  5  5  2008.29  13226.4  2438.56
For row 2 and col 6 ,pedestal is 180.058
2  6  1  255.471  302.919  1044.29
2  6  2  272.335  579.085  1503.38
2  6  3  332.236  1091.66  1594.2
2  6  4  444.919  2562.08  1535.03
2  6  5  1026.79  6903.3  1902.14
For row 2 and col 7 ,pedestal is 227.33
2  7  1  273.78  284.771  7111.29
2  7  2  302.044  503.969  2812.79
2  7  3  386.082  1219.68  2198.53
2  7  4  415.952  1945.76  2807.42
2  7  5  955.294  5993.8  2115.36
For row 2 and col 8 ,pedestal is 201.492
2  8  1  229.386  189.081  8595.57
2  8  2  236.217  242.184  10053.2
2  8  3  281.227  638.643  5324.59
2  8  4  334.537  1268.93  5872.79
2  8  5  555.433  2851.22  4599.22
For row 2 and col 9 ,pedestal is 211.361
2  9  1  225.529  76.997  11083.8
2  9  2  240.717  169.792  9228.85
2  9  3  252.767  258.348  8789.61
2  9  4  286.868  516.457  5585.18
2  9  5  350.41  1073.61  5786.04
For row 2 and col 10 ,pedestal is 236.526
2  10  1  257.245  140.859  9370.9
2  10  2  278.872  288.562  4727.25
2  10  3  332.418  634.594  2910.41
2  10  4  384.62  1066.46  2474.97
2  10  5  554.89  2521.27  1958.37
For row 2 and col 11 ,pedestal is 208.303
2  11  1  229.544  143.023  5043.38
2  11  2  252.515  280.071  2145.77
2  11  3  289.456  538.643  3325.4
2  11  4  362.351  1124.68  2933.92
2  11  5  528.287  2541.15  2706.93
For row 3 and col 0 ,pedestal is 231.075
3  0  1  252.195  125.926  6954.04
3  0  2  283.73  320.837  5106.07
3  0  3  370.729  899.267  2254.88
3  0  4  466.065  1674.72  1962.47
3  0  5  669.03  3851.98  2295.21
For row 3 and col 1 ,pedestal is 199.823
3  1  1  213.637  33.8784  5972.94
3  1  2  227.526  139.955  7455.39
3  1  3  277.268  511.057  4090.58
3  1  4  306.757  776.882  3821.87
3  1  5  451.165  2261.32  3380.41
For row 3 and col 2 ,pedestal is 218.412
3  2  1  235.505  95.6855  16559.5
3  2  2  251.398  216.6  10993.9
3  2  3  304.191  586.52  6472.48
3  2  4  358.191  1017.74  5585.09
3  2  5  601.883  3329.4  4899.22
For row 3 and col 3 ,pedestal is 172.956
3  3  1  182.952  47.247  26019.9
3  3  2  195.178  106.814  10874.9
3  3  3  178.824  16.2237  33171.3
3  3  4  246.269  475.453  9654.78
3  3  5  382.493  1480.37  6977.32
For row 3 and col 4 ,pedestal is 209.938
3  4  1  260.88  226.773  1991.97
3  4  2  274.81  447.22  1980.03
3  4  3  400.485  1316.19  1152.09
3  4  4  682.457  3165.67  1435.81
3  4  5  1953.56  13141.1  2458.28
For row 3 and col 5 ,pedestal is 178.998
3  5  1  236.96  324.678  3277.89
3  5  2  251.247  475.459  2579.21
3  5  3  363.321  1322.39  1270.14
3  5  4  801.166  4242.06  1640.18
3  5  5  1813.97  12586.3  2625.54
For row 3 and col 6 ,pedestal is 217.981
3  6  1  305.997  524.281  1648.47
3  6  2  336.46  733.902  1447.1
3  6  3  543.523  2193  1102.64
3  6  4  716.996  4263.66  1416.38
3  6  5  1892.82  11788.5  1690.19
For row 3 and col 7 ,pedestal is 222.375
3  7  1  311.716  487.701  981.188
3  7  2  321.264  624.608  1496.51
3  7  3  413.584  1482.98  1754.5
3  7  4  533.609  2993.11  1853.87
3  7  5  836.303  4840.31  1832
For row 3 and col 8 ,pedestal is 172.986
3  8  1  194.96  100.392  10828.7
3  8  2  196.865  115.258  9694.92
3  8  3  236.024  412.856  7775.52
3  8  4  253.528  675.764  7438.59
3  8  5  377.074  1540.68  5916.59
For row 3 and col 9 ,pedestal is 187.556
3  9  1  202.718  79.6837  12234.6
3  9  2  216.874  135.563  5767.78
3  9  3  236.212  272.283  6091.78
3  9  4  284.796  613.282  4207.27
3  9  5  385.256  1452.22  3912.59
For row 3 and col 10 ,pedestal is 183.151
3  10  1  195.979  63.5167  14166.1
3  10  2  205.194  123.957  9348.78
3  10  3  222.572  246.693  9092.31
3  10  4  227.09  306.585  6826.89
3  10  5  317.431  1028.99  5574.72
For row 3 and col 11 ,pedestal is 205.244
3  11  1  216.12  66.002  26230.6
3  11  2  233.488  164.354  10288.5
3  11  3  255.982  314.977  7699.4
3  11  4  302.957  651.94  4347.49
3  11  5  379.927  1327.71  4059.59
For row 4 and col 0 ,pedestal is 181.345
4  0  1  187.726  32.4387  32560.8
4  0  2  215.753  208.418  5362.43
4  0  3  255.23  479.489  4252.96
4  0  4  301.853  865.599  3353.88
4  0  5  481.697  2650.06  3124.72
For row 4 and col 1 ,pedestal is 216.259
4  1  1  233.145  87.8842  13430.8
4  1  2  256.061  252.31  7677.03
4  1  3  312.136  611.156  4474.42
4  1  4  359.591  1026.95  4121.63
4  1  5  641.673  3795.51  1781.68
For row 4 and col 2 ,pedestal is 209.567
4  2  1  222.178  58.407  57686.5
4  2  2  231.001  131.997  11552.5
4  2  3  263.535  366.692  7942.75
4  2  4  267.016  434.286  10623.9
4  2  5  329.581  1118.8  8417.02
For row 4 and col 3 ,pedestal is 201.842
4  3  1  215.802  63.4955  23837.1
4  3  2  228.164  142.476  13848.9
4  3  3  239.443  237.746  11347.2
4  3  4  337.784  853.568  5590.58
4  3  5  562.162  2519.15  5405.72
For row 4 and col 4 ,pedestal is 227.767
4  4  1  269.113  234.186  7321.64
4  4  2  266.402  326.268  13339.3
4  4  3  325.902  773.15  3394.49
4  4  4  632.598  2695.04  1854.72
4  4  5  1313.03  8044.01  2769.74
For row 4 and col 5 ,pedestal is 192.294
4  5  1  214.575  33.7137  14099
4  5  2  320.681  761.237  936.672
4  5  3  456.93  1672.91  861.342
4  5  4  238.07  219.636  2892.25
4  5  5  2242.18  13652.3  2154.8
For row 4 and col 6 ,pedestal is 188.955
4  6  1  283.246  397.453  996.412
4  6  2  261.658  630.297  1265.47
4  6  3  385.905  1598.36  1669.06
4  6  4  407.37  2388.45  2054.87
4  6  5  976.829  6472.38  2101.6
For row 4 and col 7 ,pedestal is 219.52
4  7  1  276.291  262.362  3213.16
4  7  2  285.821  460.627  10495.8
4  7  3  354.854  1035.68  1643.77
4  7  4  420.552  2103.98  1817.75
4  7  5  1050.05  6753.5  1801.42
For row 4 and col 8 ,pedestal is 192.246
4  8  1  228.184  229.385  3957.55
4  8  2  249.727  395.972  3483.33
4  8  3  322.925  997.07  2652.95
4  8  4  363.3  1577.71  2697.72
4  8  5  728.959  4096.74  2580.58
For row 4 and col 9 ,pedestal is 216.084
4  9  1  233.709  69.5229  13691.7
4  9  2  248.739  157.83  6233.8
4  9  3  271.578  332.044  5466.44
4  9  4  309.932  621.321  3705.87
4  9  5  403.044  1386.68  2785.78
For row 4 and col 10 ,pedestal is 210.703
4  10  1  236.762  173.314  8825.41
4  10  2  273.918  403.951  5091.97
4  10  3  317.799  658.655  3743.9
4  10  4  384.554  1145.33  3039.81
4  10  5  517.296  2289.18  2952.33
For row 4 and col 11 ,pedestal is 206.434
4  11  1  222.162  59.2119  12991
4  11  2  225.202  83.5355  23490
4  11  3  225.228  132.94  38261.1
4  11  4  246.481  307.453  9237.11
4  11  5  273.927  528.516  5648.7
For row 5 and col 0 ,pedestal is 191.503
5  0  1  205.087  57.1525  11698.9
5  0  2  218.757  153.312  9132.96
5  0  3  257.029  402.886  6396.37
5  0  4  298.048  708.308  4996.39
5  0  5  432.465  2063.68  4265.06
For row 5 and col 1 ,pedestal is 199.271
5  1  1  206.866  36.1717  32522.8
5  1  2  213.454  86.2174  23582.7
5  1  3  207.68  38.1259  41795.4
5  1  4  239.831  300.247  11908
5  1  5  309.431  968.141  8209.55
For row 5 and col 2 ,pedestal is 195.799
5  2  1  225.098  162.957  4545.43
5  2  2  270.144  437.545  2872.93
5  2  3  361.076  1069.3  1870.06
5  2  4  413.101  1548.7  1888.84
5  2  5  838.375  5740.12  2246.55
For row 5 and col 3 ,pedestal is 224.773
5  3  1  237.634  76.0553  26373.8
5  3  2  249.545  153.163  14228
5  3  3  264.646  276.489  10369
5  3  4  376.226  935.41  4830.52
5  3  5  710.145  3331.78  4134.07
For row 5 and col 4 ,pedestal is 208.472
5  4  1  267.114  302.901  2243.88
5  4  2  290.825  648.129  2158.2
5  4  3  363.576  1139.6  1881.96
5  4  4  578.191  2552.82  1490.9
5  4  5  1902.35  12718.4  2302.61
For row 5 and col 5 ,pedestal is 172.876
5  5  1  296.788  613.101  603.269
5  5  2  372.111  1119.43  618.512
5  5  3  567.717  2466.99  661.709
5  5  4  1319.37  6814.95  1019.64
5  5  5  3874.45  25377.3  1242.52
For row 5 and col 6 ,pedestal is 218.573
5  6  1  294.024  355.455  1901.26
5  6  2  295.869  603.597  1514.41
5  6  3  450.275  1514.47  1153.46
5  6  4  539.221  2829.52  1321.67
5  6  5  1267.26  7259.16  1704.78
For row 5 and col 7 ,pedestal is 230.507
5  7  1  276.272  214.556  7960.66
5  7  2  276.79  368.097  5705.86
5  7  3  296.932  618.175  4977.36
5  7  4  345.335  1189.91  8965.45
5  7  5  542.583  2637.4  2691.01
For row 5 and col 8 ,pedestal is 211.997
5  8  1  237.068  191.108  6406.5
5  8  2  282.522  453.27  4227.24
5  8  3  363.322  1087.3  2550.01
5  8  4  399.021  1667.68  2853.36
5  8  5  898.061  5034.19  2675.71
For row 5 and col 9 ,pedestal is 216.069
5  9  1  234.88  133.961  10206.8
5  9  2  238.792  208.926  8509.83
5  9  3  278.738  479.021  1632.32
5  9  4  321.203  775.305  958.888
5  9  5  508.005  2284.82  809.266
For row 5 and col 10 ,pedestal is 205.062
5  10  1  227.953  150.959  8571.8
5  10  2  245.883  285.803  6444.94
5  10  3  268.063  428.104  5363.11
5  10  4  311.914  766.807  3943.65
5  10  5  501.992  2274.29  3305.61
For row 5 and col 11 ,pedestal is 239.783
5  11  1  260.815  40.8295  15403.3
5  11  2  266.559  87.8819  10064.2
5  11  3  272.626  166.95  15017.6
5  11  4  282.062  241.33  14026.3
5  11  5  320.759  590.791  10319.5
For row 6 and col 0 ,pedestal is 207.906
6  0  1  218.272  53.3718  18023.2
6  0  2  233.586  158.578  7290.68
6  0  3  243.762  243.444  7084.7
6  0  4  429.531  1618.92  2512.36
6  0  5  419.797  1399.4  3047.33
For row 6 and col 1 ,pedestal is 216.548
6  1  1  226.805  25.7214  18378.3
6  1  2  223.798  23.9052  92285.3
6  1  3  223.774  20.1909  95958.9
6  1  4  225.787  25.5207  55748.6
6  1  5  225.481  21.2664  61202.5
For row 6 and col 2 ,pedestal is 208.559
6  2  1  226.554  99.3318  6349.19
6  2  2  250.732  266.936  4693.33
6  2  3  273.615  427.064  3586.86
6  2  4  521.311  2264.11  2165.33
6  2  5  575.03  2403.38  2530.08
For row 6 and col 3 ,pedestal is 241.201
6  3  1  253.821  72.2803  15420
6  3  2  263.647  161.368  13685.9
6  3  3  295.675  393.571  5001.05
6  3  4  340.29  795.181  2606.73
6  3  5  467.404  1803  1930.35
For row 6 and col 4 ,pedestal is 192.476
6  4  1  263.138  342.968  1341.88
6  4  2  328.3  756.072  1093.48
6  4  3  463.597  1536.65  938.229
6  4  4  672.623  3145.3  941.064
6  4  5  1379.02  7971.57  1392.97
For row 6 and col 5 ,pedestal is 186.528
6  5  1  249.954  255.435  1546.1
6  5  2  296.054  608.901  1429.67
6  5  3  377.908  1199.12  1226.74
6  5  4  530.077  2542.69  1298.88
6  5  5  923.736  5645.61  1838.24
For row 6 and col 6 ,pedestal is 209.144
6  6  1  273.248  325.804  1441.74
6  6  2  293.463  575.673  1996.73
6  6  3  377.049  1277.14  1518.93
6  6  4  591.1  3003.9  1571.04
6  6  5  718.677  4332.1  1829.89
For row 6 and col 7 ,pedestal is 228.607
6  7  1  285.154  392.821  2302.93
6  7  2  319.526  681.902  1755.35
6  7  3  422.037  1516.77  1521.07
6  7  4  720.776  3885.65  1681.6
6  7  5  973.272  6147.45  1860.41
For row 6 and col 8 ,pedestal is 238.3
6  8  1  291.295  323.567  3131.07
6  8  2  338.261  636.434  2339.22
6  8  3  405.684  1182.38  2052.42
6  8  4  618.889  2657.91  1782.47
6  8  5  971.135  5428.92  1817.29
For row 6 and col 9 ,pedestal is 231.541
6  9  1  247.829  102.298  17228.6
6  9  2  255.909  169.521  11222.6
6  9  3  278.894  352.53  6723.33
6  9  4  353.804  995.041  4921.91
6  9  5  473.068  2021.19  4708.16
For row 6 and col 10 ,pedestal is 216.794
6  10  1  235.95  118.913  10352.6
6  10  2  239.315  159.022  9191.61
6  10  3  259.637  320.149  6746.31
6  10  4  343.347  981.155  3177.14
6  10  5  504.353  2326  2620.9
For row 6 and col 11 ,pedestal is 181.137
6  11  1  195.963  73.2891  13598.7
6  11  2  194.31  83.6587  15701.1
6  11  3  208.071  198.669  10907.2
6  11  4  259.957  628.774  4464.86
6  11  5  393.79  1703.26  3038.75
For row 7 and col 0 ,pedestal is 187.673
7  0  1  200.272  42.1623  11666.2
7  0  2  214.016  135.986  5952.05
7  0  3  231.484  250.329  4138.28
7  0  4  364.638  1241.42  1469.99
7  0  5  439.58  1618.69  1636.66
For row 7 and col 1 ,pedestal is 219.596
7  1  1  249.926  167.52  4520.43
7  1  2  291.518  427.22  2465.83
7  1  3  332.489  731.743  1845.47
7  1  4  787.48  4176.54  1199.79
7  1  5  908.785  4608.37  1503.47
For row 7 and col 2 ,pedestal is 248.068
7  2  1  264.647  71.4191  17907.8
7  2  2  282.291  183.252  10374.3
7  2  3  291.206  274.733  9867.91
7  2  4  426.911  1296.37  2719.25
7  2  5  555.302  2031.97  2623.42
For row 7 and col 3 ,pedestal is 230.372
7  3  1  245.54  82.442  23273.6
7  3  2  256.713  168.315  15282.6
7  3  3  274.436  303.59  13830.5
7  3  4  319.32  679.45  9447.04
7  3  5  420.659  1431.6  7018.35
For row 7 and col 4 ,pedestal is 202.426
7  4  1  256.586  214.93  2907.64
7  4  2  279.045  461.881  2394.87
7  4  3  332.722  892.047  1876.39
7  4  4  474.669  2078.73  1742.29
7  4  5  847.837  4901.96  1948.15
For row 7 and col 5 ,pedestal is 218.738
7  5  1  276.131  309.415  2155.95
7  5  2  344.325  698.455  1446.64
7  5  3  578.957  2048.67  1079.84
7  5  4  782.373  3708.9  1152.86
7  5  5  1429.75  8093.47  1565.45
For row 7 and col 6 ,pedestal is 217.923
7  6  1  275.644  300.469  2046.88
7  6  2  305.059  513.2  1706.38
7  6  3  386.716  1070.96  1267.49
7  6  4  516.703  1943.82  1361.05
7  6  5  947.924  5100.58  1604.86
For row 7 and col 7 ,pedestal is 236.217
7  7  1  271.351  232.821  4611.56
7  7  2  284.688  363.393  4210.32
7  7  3  312.555  618.597  3601.81
7  7  4  469.263  1823.72  2441.91
7  7  5  540.85  2509.74  2506.33
For row 7 and col 8 ,pedestal is 208.862
7  8  1  234.231  146.034  10541.8
7  8  2  241.525  218.87  9438.08
7  8  3  266.942  428.513  7071.3
7  8  4  336.769  933.244  4790.64
7  8  5  440.954  1796.82  4303.26
For row 7 and col 9 ,pedestal is 182.326
7  9  1  200.983  135.966  10073.3
7  9  2  212.259  219.569  6859.99
7  9  3  247.869  506.645  4507.07
7  9  4  349.439  1295.2  2612.15
7  9  5  603.598  3390.37  2670.22
For row 7 and col 10 ,pedestal is 198.82
7  10  1  212.134  85.5241  15416.8
7  10  2  221.674  165.942  11107.7
7  10  3  245.096  347.828  7440.01
7  10  4  308.396  866.153  5145.88
7  10  5  420.153  1824.64  3884.8
For row 7 and col 11 ,pedestal is 195.194
7  11  1  208.816  50.2633  5899.41
7  11  2  209.039  74.9769  18716.7
7  11  3  231.781  268.338  8342.66
7  11  4  285.971  689.215  4703.98
7  11  5  372.393  1414.77  4004
For row 8 and col 0 ,pedestal is 237.338
8  0  1  245.107  27.0096  49957.9
8  0  2  249.145  74.5511  36579.5
8  0  3  258.141  132.253  23941.2
8  0  4  334.734  715.011  6500.75
8  0  5  331.788  613.556  8863.86
For row 8 and col 1 ,pedestal is 232.097
8  1  1  245.348  90.1252  20822.2
8  1  2  261.469  200.964  7992.37
8  1  3  282  365.585  6657.61
8  1  4  422.424  1442.91  3423.77
8  1  5  514.348  1921.43  3988.22
For row 8 and col 2 ,pedestal is 210.919
8  2  1  243.775  191.732  4560.05
8  2  2  289.754  472.922  2155.34
8  2  3  330.094  786.267  1785.7
8  2  4  582.373  2680.82  1469.6
8  2  5  575.76  2393.83  1667.91
For row 8 and col 3 ,pedestal is 212.574
8  3  1  220.716  50.2387  47119.2
8  3  2  226.649  107.864  28482.5
8  3  3  232.787  154.389  22388.1
8  3  4  264.95  402.408  12692.7
8  3  5  311.772  739.853  8604.8
For row 8 and col 4 ,pedestal is 169.93
8  4  1  211.036  169.46  1953.88
8  4  2  196.443  26.4214  5250.49
8  4  3  314.713  845.195  1475.14
8  4  4  413.931  1648.55  1443.33
8  4  5  919.099  5606.67  1832.3
For row 8 and col 5 ,pedestal is 184.244
8  5  1  298.197  588.949  604.539
8  5  2  436.698  1446.84  568.722
8  5  3  818.599  3757.13  690.141
8  5  4  1238.36  7146.73  895.999
8  5  5  2073.54  12992.5  1295.3
For row 8 and col 6 ,pedestal is 220.151
8  6  1  308.239  418.232  1566.95
8  6  2  351.55  709.453  1049.02
8  6  3  443.194  1502.94  1180.93
8  6  4  653.556  3198.23  1591.34
8  6  5  577.043  2815.93  1846.76
For row 8 and col 7 ,pedestal is 192.911
8  7  1  233.324  289.338  2897.42
8  7  2  255.391  459.5  3403.66
8  7  3  300.972  834.166  2230.32
8  7  4  421.557  1802.46  2252.7
8  7  5  549.895  2935.74  2293.67
For row 8 and col 8 ,pedestal is 211.667
8  8  1  240.227  179.212  10455.1
8  8  2  250.318  246.445  7873.93
8  8  3  291.866  575.001  4899.35
8  8  4  348.347  1000.57  4510.25
8  8  5  478.549  2030.94  3777.22
For row 8 and col 9 ,pedestal is 207.98
8  9  1  219.567  76.6522  18895.2
8  9  2  225.296  124.955  12267.7
8  9  3  248.047  321.438  7869.85
8  9  4  276.101  580.874  5476.03
8  9  5  414.339  1756.32  4107.35
For row 8 and col 10 ,pedestal is 222.113
8  10  1  233.136  58.7316  38754
8  10  2  240.054  104.834  14581.5
8  10  3  253.851  215.555  9945.53
8  10  4  271.355  369.022  9221.41
8  10  5  387.674  1328.17  4824.93
For row 8 and col 11 ,pedestal is 205.976
8  11  1  218.763  96.5438  25686
8  11  2  218.809  117.471  25253.7
8  11  3  243.51  306.885  8265.56
8  11  4  307.01  810.27  2890.81
8  11  5  423.234  1810.83  2409.39
For row 9 and col 0 ,pedestal is 220.178
9  0  1  232.403  48.6158  17612.5
9  0  2  235.575  107.023  22000
9  0  3  243.607  186.353  18596.1
9  0  4  306.198  692.615  6950.15
9  0  5  343.889  861.051  5974.75
For row 9 and col 1 ,pedestal is 292.443
9  1  1  310.087  100.892  21892.1
9  1  2  330.65  254.606  8810.66
9  1  3  366.367  513.134  4807.14
9  1  4  600.325  2263.68  2138.27
9  1  5  605.063  2088.82  2854.37
For row 9 and col 2 ,pedestal is 212.967
9  2  1  237.534  188.446  4609.21
9  2  2  279.134  432.261  2511.63
9  2  3  330.119  807.869  1758.91
9  2  4  625.177  3092.9  1572.69
9  2  5  740.37  3605.83  1808.13
For row 9 and col 3 ,pedestal is 253.475
9  3  1  282.685  169.176  8688.03
9  3  2  305.148  334.04  6590.83
9  3  3  359.283  686.11  3904.49
9  3  4  453.469  1472.65  3162.72
9  3  5  739.87  3566.34  3092.38
For row 9 and col 4 ,pedestal is 205.01
9  4  1  258.421  311.554  2999.65
9  4  2  295.869  656.745  1546.31
9  4  3  429.171  1564.95  1399.1
9  4  4  597.152  3105.38  1318.12
9  4  5  1293.15  8576.27  1887.83
For row 9 and col 5 ,pedestal is 186.285
9  5  1  237.158  290.89  1250.66
9  5  2  312.236  736.972  893.269
9  5  3  481.589  1745.07  802.704
9  5  4  771.757  3955.63  952.446
9  5  5  1407.78  8375.19  1410.33
For row 9 and col 6 ,pedestal is 239.519
9  6  1  331.945  501.726  1419.34
9  6  2  369.587  794.837  1289.64
9  6  3  530.872  1898.26  1053.76
9  6  4  813.337  3784.67  1134.75
9  6  5  1167.36  6443.89  1397.55
For row 9 and col 7 ,pedestal is 246.83
9  7  1  298.412  435.583  2564
9  7  2  305.692  525.27  3016.98
9  7  3  338.908  773.609  2076.96
9  7  4  565.586  2465.37  1597.19
9  7  5  868.119  5003.19  1625.32
For row 9 and col 8 ,pedestal is 238.64
9  8  1  262.34  153.907  14546.1
9  8  2  270.295  222.748  12901.3
9  8  3  302.311  455.803  8384.52
9  8  4  300.092  447.233  9543.11
9  8  5  386.62  1107.56  5334.05
For row 9 and col 9 ,pedestal is 247.191
9  9  1  266.037  99.9988  23558.1
9  9  2  269.75  160.289  20207.7
9  9  3  296.573  381.018  13060.7
9  9  4  374.631  985.187  4745.64
9  9  5  523.009  2202.46  3861.64
For row 9 and col 10 ,pedestal is 232.764
9  10  1  248.061  98.4181  16751.4
9  10  2  253.781  154.521  12296.1
9  10  3  277.783  354.65  8945.87
9  10  4  333.278  815.16  4660.79
9  10  5  404.532  1418.87  3538.13
For row 9 and col 11 ,pedestal is 218.92
9  11  1  236.927  136.658  9332.27
9  11  2  256.269  258.417  6030.59
9  11  3  275.507  436.493  4370.06
9  11  4  363.627  1119  2300.91
9  11  5  609.612  3152.18  1784.8
For row 10 and col 0 ,pedestal is 265.113
10  0  1  278.749  46.6836  40222.3
10  0  2  277.231  57.132  25142.4
10  0  3  277.874  89.0306  65872.3
10  0  4  306.794  310.924  15558.9
10  0  5  313.371  322.976  21420.6
For row 10 and col 1 ,pedestal is 222.692
10  1  1  235.267  51.3392  19823
10  1  2  241.379  115.36  10787.5
10  1  3  268.707  309.615  7031.37
10  1  4  351.445  978.06  4270.54
10  1  5  425.106  1412.22  3951.14
For row 10 and col 2 ,pedestal is 243.424
10  2  1  259.417  80.9142  28759.2
10  2  2  270.55  156.428  10424.7
10  2  3  313.371  453.003  3941.19
10  2  4  451.462  1513.7  1902.14
10  2  5  554.978  2035.05  1834.62
For row 10 and col 3 ,pedestal is 253.969
10  3  1  281.467  168.606  10275.4
10  3  2  310.377  365.031  6154.79
10  3  3  362.283  694.031  4025.88
10  3  4  478.614  1627.51  2897.16
10  3  5  736.092  3546.68  2876.22
For row 10 and col 4 ,pedestal is 216.211
10  4  1  273.682  267.194  2746.49
10  4  2  318.38  648.667  2176.01
10  4  3  457.899  1570.69  1856.28
10  4  4  590.7  2792.4  1547.36
10  4  5  1220.11  7622.62  1950.96
For row 10 and col 5 ,pedestal is 229.446
10  5  1  327.198  488.907  1292.76
10  5  2  391.103  857.736  865.163
10  5  3  686.22  2595.32  871.459
10  5  4  852.235  4079.89  939.228
10  5  5  1806.13  10535  1501.83
For row 10 and col 6 ,pedestal is 248.816
10  6  1  309.713  339.992  2929.21
10  6  2  336.008  633.925  1973.62
10  6  3  449.57  1548.48  1468.12
10  6  4  556.121  2407.82  1587.5
10  6  5  869.769  4982.7  1987.87
For row 10 and col 7 ,pedestal is 245.936
10  7  1  284.936  302.399  4909
10  7  2  298.411  456.832  4636.4
10  7  3  378.453  1110.43  2032.04
10  7  4  554.601  2393.74  2036.33
10  7  5  725.998  3793.13  1927.79
For row 10 and col 8 ,pedestal is 234.092
10  8  1  261.049  189.294  8280.22
10  8  2  277.378  316.041  6466.39
10  8  3  309.521  563.762  4858.09
10  8  4  438.723  1468.51  3303.6
10  8  5  545.104  2335.49  3015.36
For row 10 and col 9 ,pedestal is 207.011
10  9  1  223.238  86.3653  22617.8
10  9  2  224.061  134.271  11097.4
10  9  3  235.49  237.566  8867.88
10  9  4  299.915  764.779  2902.08
10  9  5  455.688  2025.17  2464.98
For row 10 and col 10 ,pedestal is 229.989
10  10  1  239.844  36.2196  25803.8
10  10  2  242.835  65.5726  14409.5
10  10  3  246.909  117.51  25337.4
10  10  4  278.916  398.326  10384.3
10  10  5  360.592  1072.41  6867.89
For row 10 and col 11 ,pedestal is 223.489
10  11  1  241.643  89.9231  15910.2
10  11  2  254.786  207.831  8250.43
10  11  3  278.273  432.374  6876.68
10  11  4  348.685  986.295  3905.37
10  11  5  470.467  1988.31  3154.03
For row 11 and col 0 ,pedestal is 230.239
11  0  1  243.797  46.356  35078.5
11  0  2  256.122  143.296  11868.4
11  0  3  264.693  231.065  8534.74
11  0  4  382.389  1109.85  1999.41
11  0  5  473.612  1639.27  1916.51
For row 11 and col 1 ,pedestal is 201.255
11  1  1  215.735  34.6244  18198.2
11  1  2  216.758  69.8463  18949.7
11  1  3  224.411  147.023  13675
11  1  4  270.568  544.294  9450.81
11  1  5  262.396  428.885  10572.1
For row 11 and col 2 ,pedestal is 226.784
11  2  1  243.515  39.8316  22367.7
11  2  2  253.58  123.85  14575.9
11  2  3  267.394  234.526  16308.5
11  2  4  342.533  875.369  4267.6
11  2  5  370.353  939.971  4620.03
For row 11 and col 3 ,pedestal is 237.965
11  3  1  260.265  59.3695  24650.9
11  3  2  267.272  103.766  23726.4
11  3  3  279.296  181.23  20043
11  3  4  316.675  481.352  11625.7
11  3  5  409.413  1153.15  6781.69
For row 11 and col 4 ,pedestal is 230.531
11  4  1  286.18  348.27  3200.11
11  4  2  344.409  723.29  1449.29
11  4  3  454.256  1576.92  1606.76
11  4  4  734.648  3796.7  1376.94
11  4  5  1491.73  9791.78  1955.2
For row 11 and col 5 ,pedestal is 229.221
11  5  1  290.409  264.802  2414.84
11  5  2  391.248  859.186  1041.72
11  5  3  571.464  2022.06  989.421
11  5  4  746.284  3452.63  1043.7
11  5  5  1899.69  11429.7  1636.34
For row 11 and col 6 ,pedestal is 221.42
11  6  1  298.666  305.96  4225.63
11  6  2  300.941  491.249  2815.41
11  6  3  321.076  650.78  1866.71
11  6  4  480.479  1894.1  1532.23
11  6  5  636.77  3135.38  2071.2
For row 11 and col 7 ,pedestal is 189.44
11  7  1  244.304  263.698  9481.22
11  7  2  253.416  448.063  5039.9
11  7  3  319.809  1060.52  1957.6
11  7  4  420.642  1830.64  1910.47
11  7  5  593.729  3233.41  2058.99
For row 11 and col 8 ,pedestal is 213.75
11  8  1  238.672  182.38  9922.36
11  8  2  262.479  357.441  5270.58
11  8  3  302.936  672.519  4082.25
11  8  4  381.925  1240.3  3027.06
11  8  5  544.502  2536.13  3096.41
For row 11 and col 9 ,pedestal is 194.072
11  9  1  211.586  112.405  22811.9
11  9  2  217.743  190.002  11191.3
11  9  3  240.809  369.388  7018.33
11  9  4  301.6  891.601  3852.82
11  9  5  484.866  2401.98  3019.11
For row 11 and col 10 ,pedestal is 195.894
11  10  1  213.095  106.118  11739.8
11  10  2  217.41  166.286  10486.3
11  10  3  234.721  362.634  9582.62
11  10  4  299.807  930.906  3433.48
11  10  5  419.334  1949.07  3532.35
For row 11 and col 11 ,pedestal is 247.312
11  11  1  264.128  97.3614  30318.1
11  11  2  269.189  150.764  16995.1
11  11  3  280.469  246.348  13349.1
11  11  4  334.433  669.638  5164.37
11  11  5  433.822  1518.36  4627.75
