#All information for run 1198.
#Row Col LED <Max> <Int> NPE
For row 0 and col 0 ,pedestal is 236.354
0  0  1  244.779  10.4608  39227.3
0  0  2  244.916  26.3407  41190
0  0  3  246.779  49.2203  52738.6
0  0  4  254.883  115.025  48951.7
0  0  5  272.425  326.541  31789.3
For row 0 and col 1 ,pedestal is 192.058
0  1  1  198.257  6.6434  29371.9
0  1  2  199.317  22.4827  33765.9
0  1  3  206.339  65.9418  20438.8
0  1  4  210.013  94.6489  23286.4
0  1  5  211.6  154.165  27355.6
For row 0 and col 2 ,pedestal is 211.644
0  2  1  217.841  16.0647  35862.4
0  2  2  219.718  29.4055  26953.3
0  2  3  219.654  42.4868  25693.6
0  2  4  223.492  89.766  45752
0  2  5  236.155  226.636  41038.6
For row 0 and col 3 ,pedestal is 214.866
0  3  1  223.309  29.1907  36379.4
0  3  2  225.584  59.7182  34611.6
0  3  3  229.452  77.2285  37638.1
0  3  4  253.467  224.902  21816.8
0  3  5  303.454  609.425  13352
For row 0 and col 4 ,pedestal is 229.965
0  4  1  257.893  68.9892  7784.74
0  4  2  254.785  112.766  12963.4
0  4  3  275.285  293.529  7071.41
0  4  4  382.938  1031.4  3449.7
0  4  5  628.428  2933.93  3891.92
For row 0 and col 5 ,pedestal is 206.571
0  5  1  240.735  212.144  8764.33
0  5  2  259.781  375.019  3166.87
0  5  3  305.627  741.266  2570.39
0  5  4  476.739  1778.79  1829.55
0  5  5  1167.72  7069.27  2505.97
For row 0 and col 6 ,pedestal is 202.196
0  6  1  240.084  202.789  4069.37
0  6  2  245.297  279.043  3921.93
0  6  3  272.704  470.172  4719.1
0  6  4  320.568  1016.69  4132.8
0  6  5  523.096  2588.09  3100
For row 0 and col 7 ,pedestal is 192.843
0  7  1  218.923  93.2995  8532.94
0  7  2  223.131  99.9476  5218.39
0  7  3  243.556  295.588  3363.96
0  7  4  260.611  522.294  3631.69
0  7  5  424.742  1721.18  2698.01
For row 0 and col 8 ,pedestal is 232.846
0  8  1  246.756  13.6149  20529.8
0  8  2  245.658  19.655  31212
0  8  3  247.805  72.6685  43257.1
0  8  4  251.396  117.976  56610
0  8  5  272.49  318.649  26765.5
For row 0 and col 9 ,pedestal is 231.603
0  9  1  239.16  25.2373  51841.1
0  9  2  240.581  49.5841  46342.1
0  9  3  243.19  66.738  42130.5
0  9  4  245.766  101.268  30975.6
0  9  5  256.389  220.252  45730.8
For row 0 and col 10 ,pedestal is 213.135
0  10  1  223.652  21.6119  35590.9
0  10  2  223.583  42.2049  28816.3
0  10  3  222.329  50.0401  60188.1
0  10  4  227.362  96.7723  32121.1
0  10  5  237.048  184.286  25777.3
For row 0 and col 11 ,pedestal is 181.436
0  11  1  190.301  19.4415  26392.2
0  11  2  193.172  31.0125  20582.1
0  11  3  194.253  50.6672  25796.5
0  11  4  203.352  104.551  17333
0  11  5  209.674  165.596  12092.2
For row 1 and col 0 ,pedestal is 168.275
1  0  1  175.303  3.919  21676.3
1  0  2  175.616  19.7818  23185.8
1  0  3  179.59  65.9681  15459
1  0  4  189.131  137.448  13320.9
1  0  5  226.515  506.123  8541.8
For row 1 and col 1 ,pedestal is 199.188
1  1  1  206.904  4.33128  34168.6
1  1  2  207.683  24.083  30020.4
1  1  3  208.264  47.5928  43648.8
1  1  4  217.098  134.443  29340.8
1  1  5  233.89  289.906  20021.2
For row 1 and col 2 ,pedestal is 212.918
1  2  1  219.415  13.4322  44859.1
1  2  2  221.245  26.2722  23026.9
1  2  3  222.935  57.6443  52127.2
1  2  4  229.148  117.729  41012
1  2  5  244.316  270.488  34830.9
For row 1 and col 3 ,pedestal is 194.961
1  3  1  201.475  15.9194  31836.4
1  3  2  202.65  23.2891  30508.9
1  3  3  203.558  46.4075  38886.4
1  3  4  218.401  149.814  22281.6
1  3  5  245.068  346.968  20953
For row 1 and col 4 ,pedestal is 203.137
1  4  1  221.295  92.4459  13246.9
1  4  2  299.147  589.934  1539.49
1  4  3  352.296  966.313  1389.37
1  4  4  809.665  3584.96  1391.33
1  4  5  1873.03  11147.6  2474.89
For row 1 and col 5 ,pedestal is 202.939
1  5  1  221.631  105.852  23302.3
1  5  2  233.358  191.345  9323.16
1  5  3  258.022  393.199  6896.06
1  5  4  354.585  950.212  4130.21
1  5  5  656.521  3307.1  3710.34
For row 1 and col 6 ,pedestal is 148.104
1  6  1  233.841  423.748  966.471
1  6  2  268.49  661.624  993.262
1  6  3  396.75  1618.71  1129.31
1  6  4  556.004  3423.11  1341.92
1  6  5  1379.24  8668.11  1764.42
For row 1 and col 7 ,pedestal is 194.956
1  7  1  232.464  225.897  4013.71
1  7  2  260.371  442.403  2367.71
1  7  3  325.086  912.381  1740.36
1  7  4  392.218  1882.34  2548.2
1  7  5  807.523  4781.05  2236.55
For row 1 and col 8 ,pedestal is 224.711
1  8  1  233.321  14.9439  59781
1  8  2  234.695  23.1849  41594.3
1  8  3  237.66  71.3889  44936
1  8  4  243.135  132.998  48473.3
1  8  5  270.166  352.876  28825.2
For row 1 and col 9 ,pedestal is 213.307
1  9  1  221.029  22.0187  20663.8
1  9  2  223.378  42.9151  43554.9
1  9  3  222.152  46.9492  39285.5
1  9  4  230.487  97.8513  20296.9
1  9  5  240.333  203.455  23402.8
For row 1 and col 10 ,pedestal is 195.404
1  10  1  202.417  25.8019  43714.8
1  10  2  203.017  42.4433  59050.8
1  10  3  203.774  60.8804  36967.8
1  10  4  212.936  125.586  25320.4
1  10  5  227.322  239.533  23559.3
For row 1 and col 11 ,pedestal is 209.689
1  11  1  215.341  20.3653  65728.8
1  11  2  215.88  24.8578  59024.3
1  11  3  216.509  42.6844  38003.5
1  11  4  219.645  81.9986  46876.6
1  11  5  231.811  153.425  28958.4
For row 2 and col 0 ,pedestal is 200.3
2  0  1  207.187  -6.97364  21836.7
2  0  2  207.458  4.58765  48418.6
2  0  3  208.079  17.2383  36600.9
2  0  4  214.916  67.5727  28908.2
2  0  5  233.885  228.352  18186.6
For row 2 and col 1 ,pedestal is 224.901
2  1  1  231.941  10.5203  31096.7
2  1  2  233.656  22.6473  39322.9
2  1  3  236.199  58.0394  57788.4
2  1  4  237.619  77.1194  50721.5
2  1  5  255.371  274.435  32963.6
For row 2 and col 2 ,pedestal is 187.304
2  2  1  194.999  20.0324  26606.1
2  2  2  195.123  34.6784  38733.5
2  2  3  199.984  91.2611  30792.3
2  2  4  202.715  123.358  22240
2  2  5  224.044  351.801  14408.2
For row 2 and col 3 ,pedestal is 210.423
2  3  1  218.573  7.25753  22116.2
2  3  2  217.798  13.9527  56722.7
2  3  3  217.69  16.4649  46370.7
2  3  4  221.126  75.5339  60527.5
2  3  5  247.665  271.04  37313.5
For row 2 and col 4 ,pedestal is 182.986
2  4  1  212.574  148.474  6391.08
2  4  2  219.374  291.906  3828.36
2  4  3  258.484  554.537  3154.96
2  4  4  399.955  1458.07  2274.73
2  4  5  1056  6435.93  2835.81
For row 2 and col 5 ,pedestal is 216.259
2  5  1  249.636  193.292  4960.03
2  5  2  270.217  309.431  2865.1
2  5  3  325.406  748.218  2390.15
2  5  4  581.872  2405.41  1956.4
2  5  5  1324.73  8187.92  2816.97
For row 2 and col 6 ,pedestal is 179.612
2  6  1  237.143  192.206  1423.72
2  6  2  237.808  364.199  2485.37
2  6  3  275.052  679.087  2836.71
2  6  4  341.717  1601.2  2095.11
2  6  5  705.562  4294.92  1974.49
For row 2 and col 7 ,pedestal is 227.057
2  7  1  262.153  191.53  8577.71
2  7  2  275.17  330.095  5587.29
2  7  3  324.58  756.739  3725.87
2  7  4  340.714  1219.77  4822.39
2  7  5  674.442  3701.28  2955.06
For row 2 and col 8 ,pedestal is 201.01
2  8  1  208.624  36.4874  57267.9
2  8  2  209.835  42.4629  45071.4
2  8  3  215.22  87.9454  18594.4
2  8  4  223.091  165.317  23634.7
2  8  5  244.284  347.937  27006.4
For row 2 and col 9 ,pedestal is 211.663
2  9  1  224.703  31.4177  11511.2
2  9  2  222.257  37.1658  44048.1
2  9  3  219.837  41.3662  61716.1
2  9  4  222.077  74.4129  49564.9
2  9  5  226  128.239  40573.8
For row 2 and col 10 ,pedestal is 236.28
2  10  1  244.457  25.8505  30016
2  10  2  246.217  43.2851  37571.5
2  10  3  247.248  74.0735  42442.1
2  10  4  252.289  119.832  42893.8
2  10  5  269.726  273.276  23092.9
For row 2 and col 11 ,pedestal is 208.045
2  11  1  217.209  30.5121  35705.7
2  11  2  216.66  39.226  26230.3
2  11  3  217.263  62.4182  50048.1
2  11  4  224.076  123.724  37141.7
2  11  5  237.276  261.929  23789.3
For row 3 and col 0 ,pedestal is 230.633
3  0  1  239.767  6.31158  44610.8
3  0  2  239.779  31.7017  61387.5
3  0  3  242.319  87.5588  31782
3  0  4  251.204  171.522  27350.8
3  0  5  271.486  386.91  18969.8
For row 3 and col 1 ,pedestal is 199.705
3  1  1  210.034  7.43089  9029.06
3  1  2  211.239  26.6985  12600
3  1  3  209.759  63.9558  41479.9
3  1  4  211.388  98.8662  43853.9
3  1  5  223.885  251.849  30577.5
For row 3 and col 2 ,pedestal is 218.334
3  2  1  223.579  9.34691  100122
3  2  2  227.325  25.4557  36235.8
3  2  3  229.233  64.9806  35548.7
3  2  4  235.798  117.682  39167.7
3  2  5  262.664  359.153  33391
For row 3 and col 3 ,pedestal is 173.447
3  3  1  180.718  21.8775  22517
3  3  2  185.224  41.2678  20462.7
3  3  3  178.835  10.5284  37744.4
3  3  4  199.225  168.958  26611.8
3  3  5  242.105  506.392  19913.4
For row 3 and col 4 ,pedestal is 209.671
3  4  1  247.925  139.686  3695.84
3  4  2  255.005  275.709  5212.55
3  4  3  327.007  821.088  1822.25
3  4  4  501.15  1967.05  2203.1
3  4  5  1288.26  8126.08  2781.55
For row 3 and col 5 ,pedestal is 179.301
3  5  1  225.019  218.805  6588.82
3  5  2  235.563  310.602  5924.1
3  5  3  295.589  838.268  2192.47
3  5  4  577.061  2677.74  2107.34
3  5  5  1210.53  7881.97  3115.52
For row 3 and col 6 ,pedestal is 217.91
3  6  1  276.932  338.682  2577.19
3  6  2  293.289  470.348  2895.26
3  6  3  420.382  1371.17  1805.32
3  6  4  525.813  2667.53  2071.96
3  6  5  1257.51  7320.64  2030.61
For row 3 and col 7 ,pedestal is 222.216
3  7  1  284.042  327.579  1213.76
3  7  2  288.98  416.385  2020.46
3  7  3  351.292  952.576  2277.08
3  7  4  422.79  1904.4  3868.3
3  7  5  613.681  3041.02  2176.91
For row 3 and col 8 ,pedestal is 172.978
3  8  1  182.713  10.3965  22646.6
3  8  2  180.859  11.8409  29641.5
3  8  3  186.674  45.4087  23522.9
3  8  4  187.648  82.2604  30887.3
3  8  5  203.588  185.944  21047.4
For row 3 and col 9 ,pedestal is 187.722
3  9  1  197.451  23.0328  29792.6
3  9  2  198.772  27.8639  8664.05
3  9  3  198.868  42.7449  16255.2
3  9  4  204.763  87.1072  16712.8
3  9  5  212.935  183.226  20957
For row 3 and col 10 ,pedestal is 183.706
3  10  1  196.466  19.3932  10809.3
3  10  2  195.861  13.0769  7351.59
3  10  3  192.332  25.6895  30626.3
3  10  4  195.125  28.5504  30318.2
3  10  5  197.845  98.1827  30468.7
For row 3 and col 11 ,pedestal is 205.389
3  11  1  211.748  19.3066  83170.1
3  11  2  214.566  31.0683  23819.6
3  11  3  213.879  41.2682  54423.2
3  11  4  217.273  79.6371  49416.5
3  11  5  222.98  146.392  60923.8
For row 4 and col 0 ,pedestal is 181.235
4  0  1  186.87  22.252  47970.6
4  0  2  189.512  47.5666  19234
4  0  3  190.809  76.6499  32964.7
4  0  4  195.212  123.748  26671.1
4  0  5  216.971  326.019  16404.1
For row 4 and col 1 ,pedestal is 215.873
4  1  1  223.118  21.8737  69982.3
4  1  2  224.007  39.5716  56390.4
4  1  3  227.288  74.5532  42512
4  1  4  233.228  113.651  33154.2
4  1  5  257.391  360.512  23144.4
For row 4 and col 2 ,pedestal is 209.664
4  2  1  220.02  12.9477  48913.4
4  2  2  219.385  24.9179  38890.4
4  2  3  224.045  47.3872  41331.1
4  2  4  224.184  58.3096  36857.7
4  2  5  226.871  139.298  46774.3
For row 4 and col 3 ,pedestal is 202.139
4  3  1  209.667  4.10524  52115.4
4  3  2  210.463  16.1573  53278.1
4  3  3  210.671  31.8959  55738.6
4  3  4  218.146  92.6339  38827.6
4  3  5  242.453  281.504  32792.8
For row 4 and col 4 ,pedestal is 227.948
4  4  1  262.248  162.813  16492.8
4  4  2  262.084  222.466  24628.2
4  4  3  292.956  496.263  5416.71
4  4  4  478.126  1680.21  2483.69
4  4  5  894.41  4948.23  3345.87
For row 4 and col 5 ,pedestal is 192.358
4  5  1  214.498  27.3628  14879.2
4  5  2  274.489  487.854  1808.98
4  5  3  357.251  1050.23  1399.76
4  5  4  228.318  148.131  6224.87
4  5  5  1455.6  8415.91  2448.77
For row 4 and col 6 ,pedestal is 188.893
4  6  1  263.257  272.483  1815.12
4  6  2  242.111  412.11  7124.31
4  6  3  304.12  1008.74  2228.83
4  6  4  320.892  1500.07  4096.22
4  6  5  668.052  4013.29  2190.72
For row 4 and col 7 ,pedestal is 219.674
4  7  1  269.81  159.563  4217.59
4  7  2  278.45  278.068  10533.2
4  7  3  299.673  636.758  2594.68
4  7  4  344.881  1319.58  6540.47
4  7  5  737.728  4238.17  2177.3
For row 4 and col 8 ,pedestal is 192.036
4  8  1  202.702  37.6741  28558.5
4  8  2  204.54  58.8294  34430.7
4  8  3  207.164  117.109  33368.9
4  8  4  213.814  180.561  31186.8
4  8  5  252.207  444.854  14796
For row 4 and col 9 ,pedestal is 216.507
4  9  1  227.815  16.021  50576.2
4  9  2  230.59  19.7883  17217.7
4  9  3  227.652  34.3484  31396.5
4  9  4  230.104  72.4421  34159
4  9  5  237.17  140.449  23132.1
For row 4 and col 10 ,pedestal is 210.711
4  10  1  223.098  46.4057  19633.1
4  10  2  225.006  75.8784  24527.2
4  10  3  231.731  97.9703  17157.8
4  10  4  238.069  153.013  18491.8
4  10  5  255.114  273.856  13897.7
For row 4 and col 11 ,pedestal is 206.914
4  11  1  222.757  35.3287  12263.1
4  11  2  223.681  28.0916  20448.8
4  11  3  220.755  29.4337  28551.2
4  11  4  225.456  58.8054  40538.4
4  11  5  223.996  66.1112  39182.6
For row 5 and col 0 ,pedestal is 191.791
5  0  1  198.921  5.4021  37149.2
5  0  2  198.108  17.793  49723.9
5  0  3  198.991  40.749  68644.1
5  0  4  203.909  75.0491  24337.8
5  0  5  217.335  218.823  32762.3
For row 5 and col 1 ,pedestal is 198.744
5  1  1  206.47  32.3093  35078.8
5  1  2  206.85  36.7423  36799.8
5  1  3  207.347  32.2138  41033.7
5  1  4  207.641  70.2705  65108.4
5  1  5  213.373  128.147  48326.3
For row 5 and col 2 ,pedestal is 196.111
5  2  1  202.452  5.94941  37890
5  2  2  207.638  36.1409  24681.9
5  2  3  211.282  101.846  26584.3
5  2  4  217.271  147.017  20564.1
5  2  5  259.027  572.628  15514.9
For row 5 and col 3 ,pedestal is 224.817
5  3  1  231.049  13.7481  39352.1
5  3  2  230.794  22.3557  44434.2
5  3  3  231.031  33.5805  62775.3
5  3  4  244.838  114.675  32619.5
5  3  5  281.194  388.096  19962.6
For row 5 and col 4 ,pedestal is 208.206
5  4  1  253.367  207.348  4101.61
5  4  2  257.282  427.774  6504.52
5  4  3  309.991  730.771  2757.64
5  4  4  434.998  1613.12  1813.39
5  4  5  1260.74  7909.87  2617.2
For row 5 and col 5 ,pedestal is 173.093
5  5  1  251.78  377.86  938.934
5  5  2  294.03  688.717  1018.9
5  5  3  412.027  1513.54  933.783
5  5  4  871.772  4176.62  1220.99
5  5  5  2376.63  14858.9  2348.68
For row 5 and col 6 ,pedestal is 218.152
5  6  1  267.401  210.254  4311.28
5  6  2  267.033  372.757  18413.3
5  6  3  353.738  940.884  1744.81
5  6  4  399.723  1751.35  2617.49
5  6  5  854.271  4509.62  1994.51
For row 5 and col 7 ,pedestal is 230.078
5  7  1  276.048  155.381  9169.78
5  7  2  271.013  260.073  7625.38
5  7  3  273.563  392.246  11766.3
5  7  4  309.292  760.261  18291.1
5  7  5  413.298  1635.04  3792.97
For row 5 and col 8 ,pedestal is 211.88
5  8  1  224.949  58.4743  20919.8
5  8  2  224.365  91.0787  41694.3
5  8  3  230.569  150.593  26948.6
5  8  4  235.387  222.283  33370.4
5  8  5  287.716  562.34  14200.5
For row 5 and col 9 ,pedestal is 215.506
5  9  1  230.68  54.2099  25706.4
5  9  2  226.245  60.8248  26681.4
5  9  3  225.883  82.6765  59114.6
5  9  4  231.445  125.563  16619.4
5  9  5  249.933  273.234  8959.86
For row 5 and col 10 ,pedestal is 205.235
5  10  1  216.625  44.2305  23529.8
5  10  2  215.885  56.0169  33411.2
5  10  3  214.901  65.8844  48271.5
5  10  4  221.485  112.173  36518.7
5  10  5  241.207  276.245  28298.4
For row 5 and col 11 ,pedestal is 239.694
5  11  1  258.181  19.893  18110.1
5  11  2  256.185  22.0616  20652.7
5  11  3  252.104  24.4285  44037.4
5  11  4  254.281  37.0322  34751
5  11  5  258.499  75.446  31406.7
For row 6 and col 0 ,pedestal is 207.75
6  0  1  214.72  10.7266  23679.5
6  0  2  213.101  20.0985  47113.9
6  0  3  214.732  26.7233  36302.3
6  0  4  232.713  177.518  21027.3
6  0  5  229.241  153.368  28987.3
For row 6 and col 1 ,pedestal is 216.664
6  1  1  226.962  25.0772  18230.2
6  1  2  223.894  22.033  84090.2
6  1  3  223.782  16.9711  113448
6  1  4  225.622  16.0687  47464.9
6  1  5  225.539  12.7417  56693
For row 6 and col 2 ,pedestal is 208.745
6  2  1  216.286  24.1191  39404.2
6  2  2  215.384  45.1516  53078.3
6  2  3  216.758  59.9594  34281.2
6  2  4  238.083  245.764  21400.7
6  2  5  243.481  251.848  19714.5
For row 6 and col 3 ,pedestal is 241.14
6  3  1  248.071  12.1468  38834.2
6  3  2  248.384  18.0028  35362.2
6  3  3  249.426  37.0589  49596.3
6  3  4  252.707  76.6628  47305.6
6  3  5  263.43  179.116  26661.1
For row 6 and col 4 ,pedestal is 192.157
6  4  1  240.846  214.002  2233.36
6  4  2  278.325  472.223  1992.09
6  4  3  361.123  955.499  1385.36
6  4  4  489.137  1960.71  1365.58
6  4  5  929.707  4970.77  1675.26
For row 6 and col 5 ,pedestal is 186.445
6  5  1  233.442  154.732  1930.36
6  5  2  261.345  379.03  1780.98
6  5  3  306.608  738.272  1707.64
6  5  4  399.982  1580.92  1896.12
6  5  5  644.713  3506.16  2273.3
For row 6 and col 6 ,pedestal is 209.028
6  6  1  257.838  214.668  3181.96
6  6  2  261.096  366.852  3394.7
6  6  3  313.432  804.863  2133.6
6  6  4  440.337  1885.87  2141.39
6  6  5  517.07  2703.58  2856.56
For row 6 and col 7 ,pedestal is 228.018
6  7  1  262.158  246.854  4286.75
6  7  2  278.208  425.791  4248
6  7  3  342.285  941.386  2536.15
6  7  4  523.239  2401.2  2501.69
6  7  5  679.364  3771.26  2688.51
For row 6 and col 8 ,pedestal is 238.142
6  8  1  247.205  43.4707  43625.7
6  8  2  249.741  69.1551  37942.6
6  8  3  256.817  127.418  26283.3
6  8  4  279.854  283.278  15307.8
6  8  5  316.264  571.415  12508.3
For row 6 and col 9 ,pedestal is 231.821
6  9  1  239.587  24.8807  72436.6
6  9  2  240.557  36.3153  45233.9
6  9  3  241.787  55.2067  26909.9
6  9  4  248.299  137.79  51911.4
6  9  5  259.711  256.774  58144.1
For row 6 and col 10 ,pedestal is 216.53
6  10  1  226.082  13.6092  28826.4
6  10  2  225.185  19.6584  38910.5
6  10  3  226.261  28.2813  30941.5
6  10  4  230.526  83.2885  48280.9
6  10  5  242.42  208.375  36017.2
For row 6 and col 11 ,pedestal is 180.933
6  11  1  190.761  18.3321  26163.5
6  11  2  187.167  22.4211  38109.7
6  11  3  189.241  32.9778  23320.6
6  11  4  196.407  84.7408  25687.1
6  11  5  209.405  204.403  24135.1
For row 7 and col 0 ,pedestal is 187.734
7  0  1  193.618  -1.1137  33805.1
7  0  2  194.805  13.8963  34964.6
7  0  3  195.623  21.5308  30880.5
7  0  4  204.774  104.567  26343.5
7  0  5  212.785  137.23  23387.6
For row 7 and col 1 ,pedestal is 220.082
7  1  1  227.216  18.46  57877.6
7  1  2  229.214  47.991  44439.2
7  1  3  233.142  78.3247  33669.7
7  1  4  278.322  423.724  8884.91
7  1  5  288.51  467.332  11112.6
For row 7 and col 2 ,pedestal is 248.386
7  2  1  254.791  11.2124  84936.3
7  2  2  255.965  22.6704  56190.1
7  2  3  256.025  32.576  98343.8
7  2  4  268.932  142.544  35062.6
7  2  5  283.481  228.709  25007.9
For row 7 and col 3 ,pedestal is 230.402
7  3  1  238.908  20.0955  73547.5
7  3  2  239.892  29.3959  33136.2
7  3  3  240.387  49.7607  71722.4
7  3  4  245.453  93.7259  48266
7  3  5  258.771  191.809  38848.1
For row 7 and col 4 ,pedestal is 202.728
7  4  1  250.309  138.714  3637.71
7  4  2  256.788  294.17  7006.63
7  4  3  284.725  562.314  6329.63
7  4  4  367.23  1302.35  2816.01
7  4  5  602.433  3049.21  2818.52
For row 7 and col 5 ,pedestal is 218.569
7  5  1  259.184  202.373  4849.88
7  5  2  300.69  444.13  2686.56
7  5  3  445.671  1287.33  1587.49
7  5  4  573.813  2330.65  1625.5
7  5  5  974.421  5063.03  1738.23
For row 7 and col 6 ,pedestal is 217.446
7  6  1  254.238  193.535  3190.71
7  6  2  270.82  325.363  3223.21
7  6  3  322.017  666.468  2082.42
7  6  4  401.777  1208.88  2254.5
7  6  5  669.339  3168.17  2001.39
For row 7 and col 7 ,pedestal is 236.101
7  7  1  262.456  160.985  12106.4
7  7  2  264.911  242.462  7378.73
7  7  3  282.357  400.513  6933.19
7  7  4  381.528  1167.49  3906.88
7  7  5  426.654  1595.62  3776.23
For row 7 and col 8 ,pedestal is 208.639
7  8  1  218.242  23.2345  37289.7
7  8  2  215.961  30.7382  46636.2
7  8  3  217.689  55.1736  44657.6
7  8  4  225.711  117.658  49053.5
7  8  5  237.49  220.459  30527
For row 7 and col 9 ,pedestal is 182.797
7  9  1  190.828  26.4543  24392.8
7  9  2  190.04  34.9569  43474.9
7  9  3  193.549  65.8863  34610.5
7  9  4  204.46  157.898  29221.4
7  9  5  232.009  397.819  21023.4
For row 7 and col 10 ,pedestal is 198.717
7  10  1  206.587  23.1008  27100.6
7  10  2  204.506  33.9253  65456.2
7  10  3  207.032  52.6862  39294.2
7  10  4  213.285  115.866  36313.9
7  10  5  223.805  224.335  36952.9
For row 7 and col 11 ,pedestal is 194.542
7  11  1  203.439  11.5681  10619.3
7  11  2  202.008  14.9784  34869.2
7  11  3  202.551  34.0493  45779
7  11  4  207.014  83.6631  35558
7  11  5  215.707  168.084  26830.7
For row 8 and col 0 ,pedestal is 237.38
8  0  1  244.141  7.90932  55230.2
8  0  2  244.206  10.793  49296.1
8  0  3  245.826  16.1118  28716.1
8  0  4  248.858  76.4461  56610.9
8  0  5  248.678  63.4896  64863.4
For row 8 and col 1 ,pedestal is 232.277
8  1  1  241.598  32.8222  64051.1
8  1  2  240.783  47.6906  43260
8  1  3  242.384  62.1867  54258.3
8  1  4  250.777  187.333  46770.2
8  1  5  261.407  235.205  34676.8
For row 8 and col 2 ,pedestal is 211.284
8  2  1  221.51  33.1782  31175.4
8  2  2  221.62  63.2686  52627.6
8  2  3  223.946  96.1051  25875.5
8  2  4  249.988  300.823  17670.1
8  2  5  247.54  264.253  19313.5
For row 8 and col 3 ,pedestal is 212.404
8  3  1  219.454  15.5582  37982.7
8  3  2  220.013  21.9056  49493.6
8  3  3  219.198  25.5876  78295.7
8  3  4  220.313  42.532  56058.8
8  3  5  224.456  73.7335  50852.8
For row 8 and col 4 ,pedestal is 169.557
8  4  1  205.155  109.146  2429.99
8  4  2  196.218  16.6679  4527.43
8  4  3  265.561  525.486  2719.55
8  4  4  329.001  1028.54  2011.66
8  4  5  643.951  3506.14  2182.21
For row 8 and col 5 ,pedestal is 184.373
8  5  1  256.1  371.106  1157.41
8  5  2  340.307  912.308  968.924
8  5  3  578.193  2361.03  963.386
8  5  4  841.413  4481.08  1077.45
8  5  5  1364.28  8151.69  1473.11
For row 8 and col 6 ,pedestal is 219.612
8  6  1  285.209  277.372  1856.99
8  6  2  309.514  457.282  1543.48
8  6  3  363.007  938.076  1840.62
8  6  4  482.699  1973.05  2161.01
8  6  5  440.769  1722.82  2876.61
For row 8 and col 7 ,pedestal is 192.438
8  7  1  220.42  202.012  7717.89
8  7  2  234.118  323.657  5591.66
8  7  3  261.689  535.512  3815.4
8  7  4  334.308  1137.83  3583.38
8  7  5  418.149  1826.1  3515.97
For row 8 and col 8 ,pedestal is 211.548
8  8  1  219.717  37.4808  28656.4
8  8  2  219.656  43.7909  38620.9
8  8  3  222.17  81.8622  30751.8
8  8  4  228.633  137.006  36441.9
8  8  5  242.825  251.222  31051.5
For row 8 and col 9 ,pedestal is 208.188
8  9  1  215.551  8.21394  33876.9
8  9  2  214.965  11.3231  43561.7
8  9  3  216.423  33.2246  39761.2
8  9  4  219.818  67.0898  34639.4
8  9  5  229.842  207.655  41803.8
For row 8 and col 10 ,pedestal is 222.216
8  10  1  230.994  19.2366  62011.6
8  10  2  229.361  21.0586  70231.9
8  10  3  230.112  30.9117  46035.4
8  10  4  231.285  51.6157  46270.5
8  10  5  240.172  130.892  40788.9
For row 8 and col 11 ,pedestal is 205.865
8  11  1  215.641  40.5857  18846.5
8  11  2  213.141  47.5554  32367.3
8  11  3  214.936  63.8802  32308.2
8  11  4  219.501  120.016  39213.8
8  11  5  228.825  222.199  38729.3
For row 9 and col 0 ,pedestal is 219.742
9  0  1  229.182  17.1959  22036.7
9  0  2  228.09  27.3974  37934.4
9  0  3  227.713  35.5749  43205.6
9  0  4  233.615  88.5229  29129.5
9  0  5  236.126  103.409  38621
For row 9 and col 1 ,pedestal is 292.378
9  1  1  301.299  23.3478  34743.1
9  1  2  300.795  38.3288  71574.1
9  1  3  301.867  64.5774  54432.5
9  1  4  319.905  234.167  42624.3
9  1  5  321.324  214.485  39156.1
For row 9 and col 2 ,pedestal is 212.78
9  2  1  220.934  45.4693  41866.3
9  2  2  220.779  68.2978  47041.2
9  2  3  225.154  108.004  30274.4
9  2  4  251.758  348.871  15564.1
9  2  5  264.048  398.675  12808.5
For row 9 and col 3 ,pedestal is 252.883
9  3  1  261.774  35.2913  42524.6
9  3  2  262.02  54.1686  51757.3
9  3  3  266.182  90.1979  47161.5
9  3  4  274.943  180.417  56803
9  3  5  301.613  396.946  33955.3
For row 9 and col 4 ,pedestal is 204.097
9  4  1  243.32  210.195  7752.14
9  4  2  257.012  424.739  3434.45
9  4  3  342.009  991.931  2359.27
9  4  4  445.952  1964.11  1765.95
9  4  5  871.593  5303.09  2317.5
For row 9 and col 5 ,pedestal is 186.279
9  5  1  217.277  187.834  2732.94
9  5  2  263.122  464.36  1734.59
9  5  3  365.819  1074.96  1222.89
9  5  4  540.858  2432.9  1349.54
9  5  5  928.48  5127.94  1611.11
For row 9 and col 6 ,pedestal is 239.358
9  6  1  295.299  317.963  2502.56
9  6  2  317.575  508.139  2448.38
9  6  3  418.104  1188.91  1724.32
9  6  4  591.833  2358.77  1695.26
9  6  5  816.011  4006.54  1699.21
For row 9 and col 7 ,pedestal is 246.354
9  7  1  275.815  291.159  12469.1
9  7  2  287.771  339.691  6795.19
9  7  3  302.403  497.338  6932.83
9  7  4  447.255  1564.82  2537.31
9  7  5  636.298  3155.42  2219.81
For row 9 and col 8 ,pedestal is 238.309
9  8  1  247.13  36.7457  51489.5
9  8  2  247.364  45.3232  48533.7
9  8  3  248.68  67.5234  68665
9  8  4  248.408  72.5647  86598.5
9  8  5  255.77  140.795  51139.9
For row 9 and col 9 ,pedestal is 247.564
9  9  1  257.329  27.5197  40926.3
9  9  2  256.285  34.4573  64030.8
9  9  3  257.908  54.8811  52662.4
9  9  4  265.882  119.826  44737.8
9  9  5  276.348  233.939  52510.1
For row 9 and col 10 ,pedestal is 233.009
9  10  1  243.521  13.015  35601.4
9  10  2  239.748  21.264  41942.2
9  10  3  240.587  43.4282  73269.1
9  10  4  246.116  93.2128  34679.9
9  10  5  252.174  158.569  46928.4
For row 9 and col 11 ,pedestal is 219.169
9  11  1  228.196  19.0488  16649.6
9  11  2  226.417  35.7193  37526.2
9  11  3  226.504  46.9958  38792.5
9  11  4  233.358  112.037  28887.2
9  11  5  257.599  315.052  11706
For row 10 and col 0 ,pedestal is 265.113
10  0  1  278.443  36.9983  34424.3
10  0  2  276.927  35.6957  18962.7
10  0  3  275.366  36.1168  38668.5
10  0  4  277.221  58.0073  64096.4
10  0  5  276.972  58.9931  67834.5
For row 10 and col 1 ,pedestal is 222.567
10  1  1  234.69  20.9619  30851.8
10  1  2  233.536  31.3463  19143.9
10  1  3  231.321  48.5025  55657.9
10  1  4  237.436  118.329  21272.1
10  1  5  245.047  169.678  32175.1
For row 10 and col 2 ,pedestal is 243.361
10  2  1  257.128  17.5219  17572.5
10  2  2  256.118  22.2209  28097.6
10  2  3  254.907  47.8365  33682
10  2  4  265.978  146.078  31103.8
10  2  5  278.416  189.55  21449.7
For row 10 and col 3 ,pedestal is 253.166
10  3  1  261.916  28.8776  40326.9
10  3  2  262.776  52.8891  61403.9
10  3  3  267.699  88.3849  58297.5
10  3  4  279.255  191.092  46227.4
10  3  5  307.861  407.525  24933.9
For row 10 and col 4 ,pedestal is 215.848
10  4  1  263.471  171.631  3483.16
10  4  2  286.001  419.586  5930.67
10  4  3  380.508  992.856  2796.13
10  4  4  455.893  1749.57  2459.51
10  4  5  843.434  4757.09  2401.86
For row 10 and col 5 ,pedestal is 229.075
10  5  1  294.508  317.686  2063.41
10  5  2  333.319  547.282  1465.65
10  5  3  511.3  1617.73  1305.3
10  5  4  611.686  2534.62  1278.24
10  5  5  1192.63  6508.91  1644.06
For row 10 and col 6 ,pedestal is 249.126
10  6  1  294.241  218.596  9176.13
10  6  2  298.647  393.086  6875.95
10  6  3  367.903  958.678  2170.33
10  6  4  432.604  1487.24  2975.85
10  6  5  635.884  3067.55  2375.75
For row 10 and col 7 ,pedestal is 245.033
10  7  1  272.701  190.614  9925.34
10  7  2  281.818  288.221  5810.48
10  7  3  321.652  688.76  4067.52
10  7  4  436.346  1478.16  3561.12
10  7  5  549.694  2343.61  2470.11
For row 10 and col 8 ,pedestal is 234.421
10  8  1  242.245  30.6867  44494.5
10  8  2  242.473  51.1893  68139.2
10  8  3  245.093  76.2197  48133
10  8  4  257.741  179.237  36661.1
10  8  5  269.82  272.32  28431.4
For row 10 and col 9 ,pedestal is 206.582
10  9  1  219.513  24.0761  30864.4
10  9  2  214.188  22.5147  33862.7
10  9  3  213.859  30.8273  41085.7
10  9  4  218.996  85.8979  37648
10  9  5  230.01  206.792  31504.9
For row 10 and col 10 ,pedestal is 230.079
10  10  1  238.382  1.75224  23182.2
10  10  2  237.011  5.68894  57030
10  10  3  236.498  11.2329  55389.3
10  10  4  239.923  41.5684  38647.2
10  10  5  247.143  107.545  36536.1
For row 10 and col 11 ,pedestal is 223.881
10  11  1  235.676  22.67  47050.3
10  11  2  231.422  30.7306  29803.5
10  11  3  231.953  55.7036  42484.2
10  11  4  239.183  112.999  40372.7
10  11  5  251.733  212.76  32911.7
For row 11 and col 0 ,pedestal is 229.805
11  0  1  242.67  13.5666  25018.8
11  0  2  240.431  31.9689  26036.9
11  0  3  240.488  37.0557  59698.9
11  0  4  246.496  111.835  31342.8
11  0  5  252.231  159.356  28516.6
For row 11 and col 1 ,pedestal is 201.293
11  1  1  214.596  17.4852  19856
11  1  2  213.215  22.681  16474.7
11  1  3  213.863  40.0102  27958.3
11  1  4  216.283  77.9427  36271.2
11  1  5  212.45  53.363  31551.2
For row 11 and col 2 ,pedestal is 226.648
11  2  1  241.59  18.9448  37337.9
11  2  2  240.928  27.4  23828.8
11  2  3  245.581  43.2611  35152.9
11  2  4  252.923  119.857  29839.6
11  2  5  251.295  114.842  35727.6
For row 11 and col 3 ,pedestal is 238.246
11  3  1  253.553  10.0715  23758.9
11  3  2  254.768  9.85276  28674.6
11  3  3  256.351  24.0362  59435.3
11  3  4  260.231  59.6972  43477.3
11  3  5  266.165  127.226  43648.7
For row 11 and col 4 ,pedestal is 230.489
11  4  1  279.697  220.728  2264.32
11  4  2  301.089  455.978  2341.86
11  4  3  364.398  989.142  2468.18
11  4  4  540.834  2351.95  1917.03
11  4  5  1002.88  6028.16  2424.94
For row 11 and col 5 ,pedestal is 229.118
11  5  1  275.549  153.002  5583.37
11  5  2  328.897  520.817  1964.08
11  5  3  432.552  1243.56  1423.21
11  5  4  541.428  2133.18  1548.58
11  5  5  1254.05  7076.1  2025.92
For row 11 and col 6 ,pedestal is 221.31
11  6  1  287.97  212.637  12891.8
11  6  2  275.686  331.54  7906.79
11  6  3  287.486  410.832  3004.2
11  6  4  384.728  1195.66  2102.32
11  6  5  488.981  1932.9  2686.68
For row 11 and col 7 ,pedestal is 188.586
11  7  1  239.53  173.326  4532.91
11  7  2  237.936  286.417  5097.27
11  7  3  275.618  653.724  4010.55
11  7  4  328.614  1137.79  3509.46
11  7  5  444.97  1993.02  2725.57
For row 11 and col 8 ,pedestal is 213.12
11  8  1  222.159  38.491  32865.3
11  8  2  223.563  66.9007  28417
11  8  3  225.68  92.0209  29004.3
11  8  4  233.417  156.176  27966.4
11  8  5  251.603  300.818  33024.2
For row 11 and col 9 ,pedestal is 194.02
11  9  1  208.647  42.1106  12449.1
11  9  2  204.155  40.4288  23057.7
11  9  3  204.352  58.3739  24122.5
11  9  4  208.478  118.646  41346
11  9  5  224.453  273.603  31506.3
For row 11 and col 10 ,pedestal is 196.231
11  10  1  209.777  41.565  18452.8
11  10  2  206.593  35.5304  41045.6
11  10  3  208.292  61.4002  34946.4
11  10  4  212.569  123.063  30796.4
11  10  5  222.426  213.101  32968.3
For row 11 and col 11 ,pedestal is 247.204
11  11  1  262.492  41.9138  33523.4
11  11  2  257.636  51.408  26160.7
11  11  3  256.339  49.1555  48165.7
11  11  4  261.319  101.162  22793.6
11  11  5  270.902  188.043  38947.4
