#All information for run 1204.
#Row Col LED <Max> <Int> NPE
For row 0 and col 0 ,pedestal is 236.588
0  0  1  490.442  1465.24  313.882
0  0  2  824.828  3726.54  357.947
0  0  3  1445.11  7808.36  487.955
0  0  4  2844.21  18732.8  785.834
0  0  5  8191.13  72804.9  nan
For row 0 and col 1 ,pedestal is 192.366
0  1  1  234.955  221.967  556.55
0  1  2  675.393  2926.88  293.08
0  1  3  1925.68  10734.2  523.858
0  1  4  2411.77  15306.8  676.325
0  1  5  3086.76  25094.9  954.991
For row 0 and col 2 ,pedestal is 211.758
0  2  1  342.922  730.618  549.174
0  2  2  542.477  2032.19  525.661
0  2  3  909.637  4333.55  590.967
0  2  4  1852.91  11416.9  799.527
0  2  5  20286  24027.6  29.6122
For row 0 and col 3 ,pedestal is 215.036
0  3  1  568.931  2070.28  264.159
0  3  2  1068.56  5134.33  338.469
0  3  3  1355.16  7584.16  418.39
0  3  4  14419.3  18391.4  25.9229
0  3  5  8191.14  130967  nan
For row 0 and col 4 ,pedestal is 229.751
0  4  1  264.634  200.549  6739.27
0  4  2  286.034  351.681  2508.08
0  4  3  359.864  903.202  1590.04
0  4  4  714.409  3136.11  1408.91
0  4  5  1463.52  8952.97  2148.63
For row 0 and col 5 ,pedestal is 206.253
0  5  1  288.731  582.648  759.213
0  5  2  358.847  1071.87  755.604
0  5  3  501.807  2169.37  751.443
0  5  4  1003.75  5276.91  1023.04
0  5  5  3078.91  21289.1  1830.31
For row 0 and col 6 ,pedestal is 202.257
0  6  1  271.236  498.382  2623.28
0  6  2  307.653  719.105  1172.8
0  6  3  382.36  1411.42  945.595
0  6  4  506.183  3109.57  1255.28
0  6  5  1209.86  8036.98  1435.21
For row 0 and col 7 ,pedestal is 192.995
0  7  1  230.773  251.839  1706.14
0  7  2  257.398  307.297  1630.29
0  7  3  325.927  917.871  1180.61
0  7  4  380.249  1621.71  1228.22
0  7  5  877.084  5324.46  1389.59
For row 0 and col 8 ,pedestal is 232.506
0  8  1  417.608  1022.02  343.637
0  8  2  655.698  2541.87  355.822
0  8  3  1537.26  8724.08  551.333
0  8  4  1852.2  13851.6  718.036
0  8  5  8191.14  54778.5  nan
For row 0 and col 9 ,pedestal is 231.697
0  9  1  516.17  1573.82  339.299
0  9  2  916.515  3874.08  433.904
0  9  3  1322.92  6472.74  496.385
0  9  4  1814.94  10100  600.295
0  9  5  8207.95  32429.1  413.576
For row 0 and col 10 ,pedestal is 213.264
0  10  1  439.932  1287.96  363.964
0  10  2  739.836  3073.16  392.177
0  10  3  1022.35  4921.38  471.154
0  10  4  1743.24  9920.19  675.573
0  10  5  2996.71  20307.7  914.022
For row 0 and col 11 ,pedestal is 181.96
0  11  1  476.209  1660.67  267.453
0  11  2  814.626  3681.22  305.686
0  11  3  1279.87  6705.4  358.493
0  11  4  2439.42  14709.2  506.061
0  11  5  3327.84  23713.5  966.764
For row 1 and col 0 ,pedestal is 168.304
1  0  1  334.515  955.985  168.494
1  0  2  685.851  3249.97  205.865
1  0  3  1754.39  10092.3  350.349
1  0  4  3089.35  20523.3  479.929
1  0  5  8191.14  123683  nan
For row 1 and col 1 ,pedestal is 199.618
1  1  1  505.799  1737.89  178.284
1  1  2  1090.58  5490.08  249.8
1  1  3  1593.15  8765.62  342.397
1  1  4  3493.26  23160.8  483.303
1  1  5  8191.14  68847  nan
For row 1 and col 2 ,pedestal is 213.295
1  2  1  394.783  1107.54  424.06
1  2  2  638.958  2768.4  427.792
1  2  3  1274.66  6954.87  615.074
1  2  4  2239.86  14682.7  890.857
1  2  5  6179.86  40709.4  254.293
For row 1 and col 3 ,pedestal is 194.747
1  3  1  477.765  1629.44  317.747
1  3  2  667.691  2838.36  344.732
1  3  3  1072.37  5832.9  462.592
1  3  4  3035.75  17691.2  898.706
1  3  5  8191.14  70092  nan
For row 1 and col 4 ,pedestal is 203.505
1  4  1  243.377  248.53  1068.07
1  4  2  501.384  1679.24  487.823
1  4  3  644.095  2769.38  569.665
1  4  4  1967.64  10345.5  978.591
1  4  5  8191.14  54335.9  nan
For row 1 and col 5 ,pedestal is 203.225
1  5  1  253.742  290.724  2564.31
1  5  2  297.237  549.4  1666.22
1  5  3  372.415  1147.31  1602.32
1  5  4  635.301  2819.38  1805.93
1  5  5  1550.26  9884.59  2473.31
For row 1 and col 6 ,pedestal is 147.748
1  6  1  383.027  1296.65  419.475
1  6  2  507.274  2047.46  429.241
1  6  3  922.664  5018.46  551.534
1  6  4  1403.2  10534.1  988.262
1  6  5  26088.4  34091.6  29.4692
For row 1 and col 7 ,pedestal is 195.046
1  7  1  310.528  674.556  912.683
1  7  2  408.393  1327.33  725.265
1  7  3  587.738  2816.99  829.921
1  7  4  819.226  5833.38  1159.15
1  7  5  2087.92  14824.2  1479.36
For row 1 and col 8 ,pedestal is 224.462
1  8  1  656.806  2579.1  267.284
1  8  2  866.62  4038.24  314.316
1  8  3  1722.7  10540.6  499.404
1  8  4  2350.7  18845.6  711.464
1  8  5  8191.13  81927  nan
For row 1 and col 9 ,pedestal is 213.319
1  9  1  388.392  1040.64  356.332
1  9  2  692.558  2819.84  391.08
1  9  3  983.735  4706.78  472.704
1  9  4  1778.15  10228.2  663.586
1  9  5  3448.53  23858.3  1003.37
For row 1 and col 10 ,pedestal is 195.628
1  10  1  440.738  1414.27  306.707
1  10  2  740.629  3195.79  398.994
1  10  3  1194.34  6053.09  520.614
1  10  4  2045.34  12081.4  686.101
1  10  5  3824.01  26913.7  835.717
For row 1 and col 11 ,pedestal is 209.749
1  11  1  404.694  1128.87  457.312
1  11  2  592.357  2256.82  478.516
1  11  3  993.326  4811.93  567.156
1  11  4  1621.39  9284.14  767.68
1  11  5  2815.32  19297  1125.34
For row 2 and col 0 ,pedestal is 200.383
2  0  1  316.72  658.234  498.907
2  0  2  489.174  1833.82  465.394
2  0  3  909.639  4577.22  548.3
2  0  4  1843.75  11817.7  892.602
2  0  5  8183.19  41377.8  208.445
For row 2 and col 1 ,pedestal is 225.346
2  1  1  451.32  1332.09  328.75
2  1  2  640.606  2663.41  355.649
2  1  3  1324.27  7204.87  517.072
2  1  4  1489.48  9201.5  550.065
2  1  5  6118.54  40075.6  253.667
For row 2 and col 2 ,pedestal is 187.312
2  2  1  471.172  1709.83  245.444
2  2  2  733.651  3582.79  269.004
2  2  3  1923.94  11447  503.204
2  2  4  2148.31  14389.1  612.019
2  2  5  8191.14  65111.5  nan
For row 2 and col 3 ,pedestal is 211.078
2  3  1  358.715  819.522  609.02
2  3  2  523.376  1893.65  588.163
2  3  3  507.287  1953.75  605.278
2  3  4  1639.68  9051.82  1087.27
2  3  5  8191.15  54892.6  nan
For row 2 and col 4 ,pedestal is 183.5
2  4  1  241.58  394.52  1113.27
2  4  2  316.546  849.462  805.735
2  4  3  416.807  1672.25  865.233
2  4  4  859.036  4445.68  1080.12
2  4  5  2925.73  20187.1  2089.98
For row 2 and col 5 ,pedestal is 216.437
2  5  1  312.663  591.463  833.146
2  5  2  373.261  945.825  737.152
2  5  3  541.227  2262.92  738.423
2  5  4  1323.51  7285.42  1039.26
2  5  5  3753.22  26426.4  1319.83
For row 2 and col 6 ,pedestal is 179.587
2  6  1  299.34  562.472  651.588
2  6  2  349.355  1087.09  862.9
2  6  3  460.895  2061.44  917.876
2  6  4  676.802  4808.65  1201.57
2  6  5  1773  13046.6  1550.23
For row 2 and col 7 ,pedestal is 227.289
2  7  1  309.412  516.35  2209.98
2  7  2  363.678  920.119  1451.06
2  7  3  529.155  2317.64  1145.23
2  7  4  591.211  3659.33  1465.9
2  7  5  1614.57  11468.4  1667.87
For row 2 and col 8 ,pedestal is 201.29
2  8  1  546.499  2236.99  430.788
2  8  2  630.728  2880.2  468.583
2  8  3  1267.81  7938.58  732.971
2  8  4  1903.04  15817.2  1051.17
2  8  5  8191.2  47171.4  nan
For row 2 and col 9 ,pedestal is 211.657
2  9  1  338.428  790.651  644.319
2  9  2  576.656  2207.2  593.809
2  9  3  784.329  3563.87  666.139
2  9  4  1312.71  7298.73  793.192
2  9  5  2322.39  15737.4  1174.06
For row 2 and col 10 ,pedestal is 236.55
2  10  1  546.218  1856.23  213.03
2  10  2  882.928  3971.74  262.556
2  10  3  1659.85  9045.35  369.699
2  10  4  2514.74  15505.9  450.541
2  10  5  8191.14  54859.3  nan
For row 2 and col 11 ,pedestal is 208.392
2  11  1  562.386  2102.1  222.243
2  11  2  954.348  4503.16  289.146
2  11  3  1608.32  8877.63  418.416
2  11  4  3072.58  19252  534.017
2  11  5  8191.13  71357.9  nan
For row 3 and col 0 ,pedestal is 230.689
3  0  1  551.566  1826.94  229.141
3  0  2  968.653  4484.05  304.066
3  0  3  2260.03  12681.2  462.703
3  0  4  3696.47  23941.3  486.372
3  0  5  8191.13  78044.3  nan
For row 3 and col 1 ,pedestal is 199.582
3  1  1  283.6  429.91  474.093
3  1  2  503.326  1828.01  379.442
3  1  3  1343.52  7187.01  567.151
3  1  4  1760.01  10923.3  742.988
3  1  5  4432.31  32321  219.376
For row 3 and col 2 ,pedestal is 218.891
3  2  1  464.598  1384.96  382.258
3  2  2  730.204  3155.16  433.558
3  2  3  1594.45  8581.11  656.331
3  2  4  2356.01  14760.7  879.379
3  2  5  8191.14  70215.4  nan
For row 3 and col 3 ,pedestal is 172.975
3  3  1  425.74  1418.56  285.001
3  3  2  835.769  3841.67  384.761
3  3  3  215.072  263.931  599.88
3  3  4  3121.27  18021.1  903.498
3  3  5  8191.14  105828  nan
For row 3 and col 4 ,pedestal is 209.406
3  4  1  287.284  427.343  1238.98
3  4  2  338.938  835.105  832.609
3  4  3  562.575  2448.43  743.091
3  4  4  1102.21  5948.56  1081.91
3  4  5  3539.77  25168.8  1745.75
For row 3 and col 5 ,pedestal is 179.614
3  5  1  265.134  569.491  1365.08
3  5  2  307.35  859.358  821.037
3  5  3  517.392  2431.36  797.659
3  5  4  1322.4  7842.74  1284.69
3  5  5  3232.18  23584.9  1962.83
For row 3 and col 6 ,pedestal is 217.91
3  6  1  377.503  962.607  743.865
3  6  2  442.295  1352.9  703.877
3  6  3  834.532  4106.92  687.222
3  6  4  1154.19  7948.1  936.218
3  6  5  3410.98  22881.3  1193.2
For row 3 and col 7 ,pedestal is 222.577
3  7  1  369.445  847.909  764.895
3  7  2  391.902  1110.61  1012.63
3  7  3  560.827  2708.22  1021.09
3  7  4  790.542  5523.26  1220.35
3  7  5  1350.06  9031.89  1454.76
For row 3 and col 8 ,pedestal is 173.152
3  8  1  415.21  1452.59  548.302
3  8  2  442.18  1683.67  592.555
3  8  3  1006.47  5951.32  866.989
3  8  4  1248.91  9588.54  1095.72
3  8  5  3059.18  21748.3  1723.93
For row 3 and col 9 ,pedestal is 187.614
3  9  1  341.025  885.79  484.462
3  9  2  476.967  1685.9  543.684
3  9  3  766.312  3501.61  609.852
3  9  4  1422.12  7995.84  833.193
3  9  5  2811.51  19122.8  1293.89
For row 3 and col 10 ,pedestal is 183.645
3  10  1  320.661  775.294  437.832
3  10  2  511.156  1914.41  452.474
3  10  3  816.273  3851.12  569.464
3  10  4  933.783  4902.47  614.527
3  10  5  2419.71  16344.2  1170.58
For row 3 and col 11 ,pedestal is 205.639
3  11  1  344.931  805.23  400.902
3  11  2  587.4  2244.62  374.07
3  11  3  925.671  4446.1  479.919
3  11  4  1621.34  9341.66  657.488
3  11  5  2755.78  19026.2  991.497
For row 4 and col 0 ,pedestal is 181.268
4  0  1  209.022  153.788  1139.27
4  0  2  546.699  2247.47  397.069
4  0  3  1088.84  5695.42  551.432
4  0  4  1670.97  10423.3  739.382
4  0  5  3903.2  32640.9  1013.98
For row 4 and col 1 ,pedestal is 215.969
4  1  1  417.896  1143.67  323.98
4  1  2  807.324  3670.64  359.525
4  1  3  1708.42  9380.34  504.348
4  1  4  2494.67  16021.2  680.837
4  1  5  8191.14  88198.9  nan
For row 4 and col 2 ,pedestal is 209.254
4  2  1  337.976  733.93  688.207
4  2  2  486.218  1739.23  662.021
4  2  3  990.835  5018.48  813.58
4  2  4  1036.37  5902.46  876.653
4  2  5  1920.11  15338.2  1540.92
For row 4 and col 3 ,pedestal is 202.23
4  3  1  368.851  940.592  483.99
4  3  2  544.454  2026.4  496.64
4  3  3  712.368  3352.59  561.822
4  3  4  2165.41  12228  1077.2
4  3  5  8191.14  55655  nan
For row 4 and col 4 ,pedestal is 228.07
4  4  1  287.226  414.823  3184.69
4  4  2  304.296  577.41  1620.12
4  4  3  420.54  1440.15  1218.08
4  4  4  998.2  5103.8  1335.48
4  4  5  2311.29  15464.2  2280.2
For row 4 and col 5 ,pedestal is 192.339
4  5  1  215.504  42.6422  12780.7
4  5  2  433.162  1396.99  485.415
4  5  3  694.832  3139.8  539.21
4  5  4  261.195  388.71  1151.85
4  5  5  6153.35  53684.9  266.501
For row 4 and col 6 ,pedestal is 189.368
4  6  1  332.92  692.854  717.894
4  6  2  345.194  1142.3  782.09
4  6  3  573.803  2985.49  1094.94
4  6  4  631.473  4479.66  1230.71
4  6  5  1694.77  12299.4  1707.29
For row 4 and col 7 ,pedestal is 219.774
4  7  1  316.732  501.102  1268.59
4  7  2  342.165  882.636  869.298
4  7  3  475.456  1943.89  1060.57
4  7  4  613.265  3898.16  1167.63
4  7  5  1768.77  12591.3  1615.48
For row 4 and col 8 ,pedestal is 192.058
4  8  1  741.014  3225.43  248.602
4  8  2  1095.56  5619.06  333.381
4  8  3  2283.62  14497.4  522.381
4  8  4  2752.52  22622  737.41
4  8  5  8191.14  102796  nan
For row 4 and col 9 ,pedestal is 216.32
4  9  1  365.354  827.449  525.143
4  9  2  584.171  2118.97  452.059
4  9  3  947.001  4516.14  568.715
4  9  4  1485.42  8370.7  687.754
4  9  5  2756.4  18824.3  940.562
For row 4 and col 10 ,pedestal is 210.846
4  10  1  551.489  1978.88  284.753
4  10  2  1052.91  5022.93  398.347
4  10  3  1599.76  8597.88  520.985
4  10  4  2520.7  15163.1  673.977
4  10  5  7869.67  40446.9  1324.74
For row 4 and col 11 ,pedestal is 206.661
4  11  1  272.1  382.143  1171.13
4  11  2  346.266  874.788  817.706
4  11  3  471.179  1641.98  700.064
4  11  4  808.631  4000.87  779.523
4  11  5  1198.66  7315.69  1015.98
For row 5 and col 0 ,pedestal is 191.548
5  0  1  357.765  889.947  429.619
5  0  2  582.882  2313.91  460.377
5  0  3  1199.41  6127.73  656.385
5  0  4  1758.02  10588.2  845.978
5  0  5  3845.78  30973.3  1008.01
For row 5 and col 1 ,pedestal is 199.107
5  1  1  212.252  84.4878  5810.08
5  1  2  327.944  822.551  841.881
5  1  3  220.938  152.747  2809.49
5  1  4  733.679  3717.33  823.27
5  1  5  1737.62  13436.7  1291.02
For row 5 and col 2 ,pedestal is 195.865
5  2  1  624.424  2478.53  210.763
5  2  2  1214.73  6387.01  308.979
5  2  3  2634.63  15605.3  487.122
5  2  4  3401.39  22756.3  512.252
5  2  5  8191.14  119734  nan
For row 5 and col 3 ,pedestal is 224.633
5  3  1  394.351  958.188  480.845
5  3  2  563.058  1980.33  461.627
5  3  3  792.576  3680.94  568.523
5  3  4  2254.81  12358.8  1095.09
5  3  5  8191.14  75425.6  nan
For row 5 and col 4 ,pedestal is 208.831
5  4  1  305.751  520.865  1084.59
5  4  2  380.928  1156.46  874.197
5  4  3  493.796  2084.26  953.706
5  4  4  907.703  4728.94  1031.29
5  4  5  3415.57  24242.9  1902.4
For row 5 and col 5 ,pedestal is 173.09
5  5  1  400.406  1159.77  345.052
5  5  2  557.014  2130.09  363.852
5  5  3  939.342  4730.54  469.291
5  5  4  2389.58  13097.3  878.631
5  5  5  8191.13  92425.6  nan
For row 5 and col 6 ,pedestal is 218.508
5  6  1  365.991  694.006  794.06
5  6  2  403.488  1150.69  681.518
5  6  3  672.408  2866.82  756.876
5  6  4  861.644  5367.95  943.773
5  6  5  2225.73  13691.1  1433.39
For row 5 and col 7 ,pedestal is 229.993
5  7  1  284.667  353.037  2418.32
5  7  2  301.772  620.459  1817.95
5  7  3  365.497  1148.74  2074
5  7  4  434.672  2195.57  2323.76
5  7  5  836.872  4987.25  1900.19
For row 5 and col 8 ,pedestal is 212.09
5  8  1  574.353  2142.02  227.078
5  8  2  1165.2  5774.87  334.482
5  8  3  2411.56  14795  513.529
5  8  4  2858.52  22708.7  705.22
5  8  5  8191.14  116090  nan
For row 5 and col 9 ,pedestal is 215.688
5  9  1  425.451  1259.22  266.409
5  9  2  602.873  2340.87  258.397
5  9  3  1168.41  5909.8  319.838
5  9  4  1720.73  9949.64  419.949
5  9  5  14834.9  34583.3  38.5411
For row 5 and col 10 ,pedestal is 205.475
5  10  1  496.379  1699.22  305.414
5  10  2  824.832  3611.01  386.329
5  10  3  1137.32  5659.6  491.985
5  10  4  1785.19  10219.8  581.731
5  10  5  8191.14  40829.1  nan
For row 5 and col 11 ,pedestal is 239.929
5  11  1  321.761  403.656  1205.45
5  11  2  455.555  1200.85  862.286
5  11  3  659.905  2551.35  803.816
5  11  4  805.825  3683.91  874.264
5  11  5  1485.66  9189.65  1225.39
For row 6 and col 0 ,pedestal is 208.389
6  0  1  341.329  756.215  276.874
6  0  2  592.355  2295.65  294.702
6  0  3  770.293  3609.9  313.549
6  0  4  3588.91  24373.9  600.426
6  0  5  3460.81  21187.2  667.483
For row 6 and col 1 ,pedestal is 216.576
6  1  1  229.677  74.2924  21472.8
6  1  2  238.563  152.578  11327.1
6  1  3  260.329  309.551  8022.14
6  1  4  375.606  1205.5  3921.57
6  1  5  424.234  1417.07  4214.23
For row 6 and col 2 ,pedestal is 208.754
6  2  1  442.628  1269.24  213.665
6  2  2  851.893  3735.55  261.884
6  2  3  1177.86  6078.15  349.444
6  2  4  8191.14  52442.7  nan
6  2  5  8191.16  63884.6  nan
For row 6 and col 3 ,pedestal is 241.385
6  3  1  398.61  1030.99  532.79
6  3  2  589.724  2373.91  469.934
6  3  3  1092.1  5846.44  551.498
6  3  4  1737.51  11630  673.878
6  3  5  3809.8  28023  736.542
For row 6 and col 4 ,pedestal is 192.11
6  4  1  312.362  641.07  671.353
6  4  2  442.965  1412.06  550.719
6  4  3  702.897  2908.04  623.108
6  4  4  1096.52  5905.11  712.505
6  4  5  2430.18  14944.9  1204.59
For row 6 and col 5 ,pedestal is 186.323
6  5  1  283.988  487.89  1154.91
6  5  2  373.433  1141.35  935.875
6  5  3  542.175  2281.08  881.851
6  5  4  829.626  4810.62  1014.93
6  5  5  1577.96  10705.4  1524.6
For row 6 and col 6 ,pedestal is 208.804
6  6  1  309.541  591.897  1054.54
6  6  2  366.82  1068.51  1017.46
6  6  3  519.89  2380.11  988.187
6  6  4  934.051  5619.62  1120.78
6  6  5  1190.32  8163.8  1333.93
For row 6 and col 7 ,pedestal is 228.22
6  7  1  337.139  734.646  1246.88
6  7  2  413.922  1289.44  982.762
6  7  3  605.987  2882.76  943.077
6  7  4  1190.08  7453.38  1209.49
6  7  5  1681.68  11859.4  1454.79
For row 6 and col 8 ,pedestal is 238.231
6  8  1  984.523  4421.92  198.687
6  8  2  1685.81  8971.36  283.063
6  8  3  2681.72  16712  385.784
6  8  4  8191.14  65224  nan
6  8  5  8191.14  138180  nan
For row 6 and col 9 ,pedestal is 231.623
6  9  1  400.199  1210.28  522.261
6  9  2  519.016  2045.38  435.841
6  9  3  825.651  4549.28  513.66
6  9  4  1918.12  13140  839.238
6  9  5  3596.09  27149.9  1058.78
For row 6 and col 10 ,pedestal is 216.767
6  10  1  481.73  1871.22  256.714
6  10  2  567.799  2465.96  250.08
6  10  3  894.524  5097.52  345.563
6  10  4  2282.26  15567.8  542.942
6  10  5  8191.14  49341.2  nan
For row 6 and col 11 ,pedestal is 180.762
6  11  1  307.562  871.416  323.136
6  11  2  324.242  987.419  281.332
6  11  3  536.807  2636.81  323.114
6  11  4  1334  8595.24  521.081
6  11  5  3219.51  23443.5  873.456
For row 7 and col 0 ,pedestal is 187.773
7  0  1  327.345  732.637  260.72
7  0  2  562.659  2149.7  244.881
7  0  3  837.278  4039.16  285.872
7  0  4  3039.17  20105.7  481.549
7  0  5  9044.37  32009.7  43.1089
For row 7 and col 1 ,pedestal is 219.759
7  1  1  631.887  2316.66  154.497
7  1  2  1204.5  5877.48  231.82
7  1  3  1783.11  10104.3  282.009
7  1  4  8191.14  107550  nan
7  1  5  8191.14  115756  nan
For row 7 and col 2 ,pedestal is 248.153
7  2  1  427.647  984.172  428.134
7  2  2  691.598  2587.08  402.932
7  2  3  861.325  3896.75  447.979
7  2  4  2883.35  18841.3  778.06
7  2  5  8191.17  45794.8  nan
For row 7 and col 3 ,pedestal is 230.587
7  3  1  373.335  837.086  775.039
7  3  2  523.154  1833.5  784.261
7  3  3  753.543  3351.28  842.475
7  3  4  1278.79  7640.21  1084.95
7  3  5  2423.97  16081.8  1669.14
For row 7 and col 4 ,pedestal is 202.322
7  4  1  277.883  398.996  1798.16
7  4  2  341.78  867.044  1098.95
7  4  3  457.068  1676.06  894.428
7  4  4  729.739  3930.25  1027.67
7  4  5  1435.65  9324.37  1483.76
For row 7 and col 5 ,pedestal is 218.557
7  5  1  323.294  569.373  752.441
7  5  2  448.432  1299.49  682.468
7  5  3  891.714  3829.56  693.841
7  5  4  1272.67  6925.57  874.35
7  5  5  2498.65  15149.9  1252.21
For row 7 and col 6 ,pedestal is 218.17
7  6  1  322.591  550.156  940.236
7  6  2  381.527  948.845  826.411
7  6  3  534.834  2017.56  787.198
7  6  4  785.772  3677.02  896.507
7  6  5  1599.21  9601.8  1225.7
For row 7 and col 7 ,pedestal is 236.257
7  7  1  296.711  396.899  2104.39
7  7  2  326.365  635.093  1810.06
7  7  3  378.497  1105.27  1650.95
7  7  4  666.4  3313.55  1533.67
7  7  5  800.329  4597.33  1641.52
For row 7 and col 8 ,pedestal is 208.678
7  8  1  465.865  1618.94  428.97
7  8  2  586.61  2475.36  470.686
7  8  3  889.966  4909.31  572.125
7  8  4  1703.7  10715.7  873.029
7  8  5  2920.22  20630.9  1290.47
For row 7 and col 9 ,pedestal is 183.011
7  9  1  425.148  1723.66  270.943
7  9  2  595.542  2874.94  269.176
7  9  3  1095.49  6845.55  422.473
7  9  4  2525.84  17686.1  662.139
7  9  5  8191.14  71016.9  nan
For row 7 and col 10 ,pedestal is 198.594
7  10  1  339.26  997.728  478.146
7  10  2  488.863  2062.44  400.546
7  10  3  799.442  4607.57  520.131
7  10  4  1696.79  11640.4  774.716
7  10  5  3274.93  24753.6  1123.06
For row 7 and col 11 ,pedestal is 194.616
7  11  1  282.995  592.199  649.94
7  11  2  326.89  895.811  491.36
7  11  3  647.748  3413.46  539.011
7  11  4  1352.25  8770.37  766.69
7  11  5  2480.83  18009.3  1179.52
For row 8 and col 0 ,pedestal is 237.366
8  0  1  296.601  330.605  1152.37
8  0  2  413.359  1047.78  702.245
8  0  3  540.363  1941.01  672.267
8  0  4  1737.92  10789.3  790.297
8  0  5  1674.21  9335.6  1027.97
For row 8 and col 1 ,pedestal is 232.407
8  1  1  398.276  945.381  365.684
8  1  2  642.841  2469.09  360.138
8  1  3  987.087  4863.65  439.572
8  1  4  3024.33  20150.9  791.896
8  1  5  8191.14  37864.1  nan
For row 8 and col 2 ,pedestal is 210.96
8  2  1  649.673  2466.71  148.764
8  2  2  1309.06  6417.49  224.681
8  2  3  1927.54  10872.6  300.704
8  2  4  8191.14  60783.4  nan
8  2  5  8191.14  59935.4  nan
For row 8 and col 3 ,pedestal is 212.625
8  3  1  328.487  716.924  750.73
8  3  2  485.837  1728.35  643.343
8  3  3  640.19  2684.04  689.679
8  3  4  1234.09  7237.59  827.697
8  3  5  2085.01  13507.5  1055.8
For row 8 and col 4 ,pedestal is 169.697
8  4  1  227.158  309.149  1205.4
8  4  2  196.83  42.4406  4314.65
8  4  3  426.403  1589.81  836.034
8  4  4  605.468  3089.51  861.184
8  4  5  1558.72  10499.1  1427.98
For row 8 and col 5 ,pedestal is 184.449
8  5  1  392.949  1081.81  327.171
8  5  2  655.843  2672.33  372.935
8  5  3  1384.6  6999.17  542.183
8  5  4  2171.96  13344.2  741.969
8  5  5  3865.81  25560.7  718.603
For row 8 and col 6 ,pedestal is 220.178
8  6  1  357.178  742.387  1004.91
8  6  2  440.885  1298  737.186
8  6  3  625.425  2832.03  844.401
8  6  4  1046.73  6093.25  1091.11
8  6  5  897.808  5395.81  1258.65
For row 8 and col 7 ,pedestal is 192.771
8  7  1  261.78  486.975  1580.93
8  7  2  301.836  774.199  1534.44
8  7  3  390.003  1526.24  1205.6
8  7  4  622.568  3359.43  1303.17
8  7  5  859.629  5535.25  1541.92
For row 8 and col 8 ,pedestal is 211.842
8  8  1  550.486  2043.89  407.432
8  8  2  675.256  2944.16  413.473
8  8  3  1237.22  7149.95  600.602
8  8  4  2015.28  12571  850.34
8  8  5  3764.52  26392.4  1037.53
For row 8 and col 9 ,pedestal is 208.15
8  9  1  350.673  1039.8  443.83
8  9  2  442.866  1701.95  398.067
8  9  3  744.532  4209.07  506.439
8  9  4  1149  7480.39  604.818
8  9  5  2918.08  22364.5  1108.61
For row 8 and col 10 ,pedestal is 222.743
8  10  1  329.325  744.918  671.179
8  10  2  449.043  1571.89  487.644
8  10  3  679.917  3468.47  585.93
8  10  4  995.377  5917.35  612.282
8  10  5  3017.29  22360.4  921.058
For row 8 and col 11 ,pedestal is 206.114
8  11  1  322.065  844.27  610.506
8  11  2  358.743  1103.09  524.132
8  11  3  690.617  3720.77  499.28
8  11  4  1578.74  10630.4  569.982
8  11  5  3203.19  24054.5  913.322
For row 9 and col 0 ,pedestal is 219.845
9  0  1  297.455  447.644  714.987
9  0  2  411.346  1203.68  560.311
9  0  3  574.153  2351.17  570.085
9  0  4  1484.9  9347.35  822.292
9  0  5  1980.48  11705.9  1073.14
For row 9 and col 1 ,pedestal is 292.535
9  1  1  533.115  1335.11  294.17
9  1  2  926.772  3734.94  305.25
9  1  3  1519.36  7783.38  366.725
9  1  4  8191.14  52900.7  nan
9  1  5  8191.14  52742.4  nan
For row 9 and col 2 ,pedestal is 213.418
9  2  1  608.577  2271.97  145.392
9  2  2  1163.36  5716.34  224.72
9  2  3  1908.4  10978.1  299.79
9  2  4  8191.13  64830.2  nan
9  2  5  8191.14  84383  nan
For row 9 and col 3 ,pedestal is 252.991
9  3  1  675.04  2439.3  277.79
9  3  2  1070.74  4996.43  361.416
9  3  3  1960.91  10548.6  510.828
9  3  4  3472.75  22938.9  719.668
9  3  5  8191.17  85431.1  nan
For row 9 and col 4 ,pedestal is 204.621
9  4  1  300.226  549.287  841.025
9  4  2  384.007  1200.93  728.337
9  4  3  635.577  2923.96  823.351
9  4  4  952.622  5821.91  992.07
9  4  5  2291.49  16391  1571.43
For row 9 and col 5 ,pedestal is 186.309
9  5  1  285.767  553.651  528.571
9  5  2  430.19  1394.89  455.795
9  5  3  763.066  3360.95  554.339
9  5  4  1331.55  7635.11  718.434
9  5  5  2559.71  16151  1192
For row 9 and col 6 ,pedestal is 239.972
9  6  1  412.116  917.71  678.391
9  6  2  488.036  1452.7  650.084
9  6  3  793.067  3543.04  673.613
9  6  4  1328.35  7090.85  864.981
9  6  5  1992.86  12108.6  1126.28
For row 9 and col 7 ,pedestal is 246.768
9  7  1  353.718  771.078  1079.37
9  7  2  373.056  952.511  1044.39
9  7  3  424.83  1417.37  1025.92
9  7  4  836.081  4529.03  1012.36
9  7  5  1394.26  9269.02  1329.61
For row 9 and col 8 ,pedestal is 238.139
9  8  1  538.407  1821.18  491.746
9  8  2  676.661  2773.66  507.664
9  8  3  1100.91  6004.41  668.355
9  8  4  1073.55  5755.94  644.713
9  8  5  2263.94  14867.2  1023.2
For row 9 and col 9 ,pedestal is 247.418
9  9  1  430.468  1306.31  471.55
9  9  2  564.059  2200.35  417.518
9  9  3  992.322  5585.49  541.204
9  9  4  2209.96  14774.8  778.721
9  9  5  8191.14  42505.3  nan
For row 9 and col 10 ,pedestal is 232.712
9  10  1  417.306  1339.62  394.88
9  10  2  535.941  2151.21  349.731
9  10  3  890.05  5022.1  436.833
9  10  4  1732.98  11564.1  629.347
9  10  5  2747.05  20208.6  796.555
For row 9 and col 11 ,pedestal is 218.883
9  11  1  498.71  2014.7  250.254
9  11  2  766.434  3850.64  274.704
9  11  3  1094.36  6651.43  350.16
9  11  4  2469.37  17306.1  552.862
9  11  5  8191.14  70843.2  nan
For row 10 and col 0 ,pedestal is 265.214
10  0  1  300.804  186.831  3044.56
10  0  2  321.492  356.406  3118.86
10  0  3  398.59  847.096  1994.13
10  0  4  832.658  3996.15  1290.25
10  0  5  910.387  4122.46  1658.64
For row 10 and col 1 ,pedestal is 222.673
10  1  1  304.573  483.975  429.581
10  1  2  444.153  1395.82  343.138
10  1  3  851.435  4174.46  415.682
10  1  4  2050.91  13595.7  658.08
10  1  5  3163.8  19790.2  861.58
For row 10 and col 2 ,pedestal is 243.157
10  2  1  428.827  1053.37  233.387
10  2  2  621.823  2282.36  243.46
10  2  3  1323.78  6891.68  317.598
10  2  4  3554.52  23641.2  438.453
10  2  5  8191.15  52549.3  nan
For row 10 and col 3 ,pedestal is 253.187
10  3  1  623.784  2177.06  304.981
10  3  2  1025.72  4799.71  364.446
10  3  3  1745.96  9368.74  546.061
10  3  4  3403.6  22386.8  654.49
10  3  5  8191.14  -63060  nan
For row 10 and col 4 ,pedestal is 216.475
10  4  1  306.996  483.369  1105.66
10  4  2  405.789  1172.9  909.346
10  4  3  651.182  2908.26  1061.43
10  4  4  910.614  5213.9  1058.31
10  4  5  2102.68  14381.3  1677.99
For row 10 and col 5 ,pedestal is 229.633
10  5  1  403.438  902.593  564.088
10  5  2  526.094  1612.49  498.227
10  5  3  1098.78  4913.64  596.612
10  5  4  1422.81  7751.83  704.364
10  5  5  3301.63  20258.4  978.385
For row 10 and col 6 ,pedestal is 249.05
10  6  1  349.815  631.432  1099.97
10  6  2  423.041  1200.63  1016.12
10  6  3  635.755  2930.39  930.388
10  6  4  842.97  4568.93  1047.79
10  6  5  1425.07  9499.15  1450.86
For row 10 and col 7 ,pedestal is 245.354
10  7  1  323.957  575.916  1291.81
10  7  2  349.502  856.727  1244.5
10  7  3  508.285  2107.76  1042.57
10  7  4  837.175  4563.33  1145.33
10  7  5  1138.74  7193.78  1401.95
For row 10 and col 8 ,pedestal is 234.537
10  8  1  660.787  2568.23  277.151
10  8  2  919.709  4315.85  321.202
10  8  3  1370.23  7872.51  402.614
10  8  4  3277.76  21026.5  582.414
10  8  5  8191.14  48621.3  nan
For row 10 and col 9 ,pedestal is 206.887
10  9  1  349.473  1038.64  303.361
10  9  2  471.472  1842.11  261.054
10  9  3  664.615  3457.77  316.167
10  9  4  1706.83  11388.9  499.066
10  9  5  6118.13  35619.8  172.812
For row 10 and col 10 ,pedestal is 230.007
10  10  1  312.408  583.31  926.834
10  10  2  383.65  1054.53  660.932
10  10  3  474.923  1843.81  659.267
10  10  4  1037.87  6129.2  732.094
10  10  5  2331.77  16615.7  1275.97
For row 10 and col 11 ,pedestal is 223.41
10  11  1  381.159  1123.98  313.405
10  11  2  647.585  2974.69  295.727
10  11  3  1051.22  6286.12  384.523
10  11  4  2131.71  14620.7  593.508
10  11  5  6086.28  33858.5  155.072
For row 11 and col 0 ,pedestal is 230.48
11  0  1  325.006  525.014  533.823
11  0  2  535.176  1841.55  367.228
11  0  3  721.12  3208.93  374.211
11  0  4  2443.65  16295.8  485.102
11  0  5  3932.94  24725.6  531.638
For row 11 and col 1 ,pedestal is 201.298
11  1  1  248.163  266.971  1411.38
11  1  2  324.547  765.51  894.084
11  1  3  464.611  1721.99  840.477
11  1  4  1196.66  7381.52  1096.65
11  1  5  1080.66  5932.26  1198.99
For row 11 and col 2 ,pedestal is 226.309
11  2  1  285.163  347.198  912.44
11  2  2  483.02  1564.42  487.938
11  2  3  704.328  3107.04  475.279
11  2  4  1951.82  12484.6  537.657
11  2  5  2308.86  13626.3  882.842
For row 11 and col 3 ,pedestal is 238.52
11  3  1  367.554  727.608  795.981
11  3  2  471.846  1409.78  690.051
11  3  3  638.266  2415.62  719.748
11  3  4  1183.02  6573.74  907.846
11  3  5  2474.47  15825.8  1522.43
For row 11 and col 4 ,pedestal is 230.209
11  4  1  332.776  637.534  1222.87
11  4  2  439.923  1344.82  895.083
11  4  3  665.455  2954.65  973.363
11  4  4  1188.1  7223.16  1114.73
11  4  5  2656.07  18822.5  1570.1
For row 11 and col 5 ,pedestal is 229.208
11  5  1  343.576  522.596  754.608
11  5  2  532.222  1643.55  573.91
11  5  3  894.255  3858.23  683.814
11  5  4  1223.52  6570.78  822.569
11  5  5  3478.9  22031  1122.39
For row 11 and col 6 ,pedestal is 221.441
11  6  1  327.847  519.89  1182.61
11  6  2  360.211  863.236  1415.67
11  6  3  396.773  1217.18  1252.56
11  6  4  698.476  3539.82  1218.22
11  6  5  982.916  5981.57  1499.53
For row 11 and col 7 ,pedestal is 189.306
11  7  1  270.829  487.743  1265.06
11  7  2  306.173  833.824  1148.92
11  7  3  448.459  2034.06  950.2
11  7  4  635.533  3486.25  1129.73
11  7  5  946.715  6193.53  1470.69
For row 11 and col 8 ,pedestal is 213.788
11  8  1  576.34  2227.36  290.775
11  8  2  906.483  4430.66  348.717
11  8  3  1457.87  8739.11  508.387
11  8  4  2533.42  16256.7  736.897
11  8  5  8191.14  47750.2  nan
For row 11 and col 9 ,pedestal is 194.008
11  9  1  353.471  1176.94  310.375
11  9  2  538.058  2431.12  287.149
11  9  3  858.81  5065.64  396.375
11  9  4  1842.43  12617  607.357
11  9  5  8191.14  43256.4  nan
For row 11 and col 10 ,pedestal is 196.282
11  10  1  355.427  1204.45  306.471
11  10  2  540.215  2403.69  318.213
11  10  3  908.302  5467.82  425.32
11  10  4  2097.97  14526.1  712.006
11  10  5  7511.34  36286.2  56.4518
For row 11 and col 11 ,pedestal is 247.297
11  11  1  367.367  866.807  596.121
11  11  2  464.934  1541  425.807
11  11  3  643.427  3018.05  467.368
11  11  4  1370.93  8676.17  647.444
11  11  5  2751.5  20078.8  1029.52
