#All information for run 1294.
#Row Col LED <Max> <Int> NPE
For row 12 and col 0, pedestal is 238.473
12  0  1  1206.96  6942.71  78.6739
12  0  2  2912.21  18060.3  131.586
For row 12 and col 1, pedestal is 194.848
12  1  1  185.389  1001.95  14.5623
12  1  2  2314.13  13675.2  131.963
For row 12 and col 2, pedestal is 215.167
12  2  1  561.667  3102.29  75.379
12  2  2  1499.65  9029.2  175.402
For row 12 and col 3, pedestal is 216.051
12  3  1  1523.86  8624.52  101.114
12  3  2  3805.65  22302.1  246.513
For row 12 and col 4, pedestal is 232.042
12  4  1  109.945  633.98  60.9055
12  4  2  189.397  1149.75  102.509
For row 12 and col 5, pedestal is 207.89
12  5  1  295.481  1793.65  84.4816
12  5  2  542.589  3361.46  148.914
For row 12 and col 6, pedestal is 204.413
12  6  1  239.98  1517.84  103.655
12  6  2  353.605  2224.96  144.782
For row 12 and col 7, pedestal is 195.98
12  7  1  129.704  786.666  58.1603
12  7  2  174.017  1023.33  92.7629
For row 12 and col 8, pedestal is 234.646
12  8  1  816.42  4548.22  64.6164
12  8  2  1918.99  11316.3  138.699
For row 12 and col 9, pedestal is 230.648
12  9  1  1309.61  7119.07  94.8371
12  9  2  3351.46  18562.7  147.992
For row 12 and col 10, pedestal is 215.016
12  10  1  986.049  5524.52  94.5739
12  10  2  2373.45  13493.5  186.92
For row 12 and col 11, pedestal is 184.46
12  11  1  1318.79  7383.89  115.794
12  11  2  2943.69  17396.6  265.625
For row 13 and col 0, pedestal is 169.119
13  0  1  867.157  4914.56  41.4793
13  0  2  2894.89  17518.8  95.7395
For row 13 and col 1, pedestal is 199.567
13  1  1  1425.81  7917.81  66.4309
13  1  2  3874.54  24020.6  697.606
For row 13 and col 2, pedestal is 215.067
13  2  1  920.474  5376.87  85.2302
13  2  2  2148.7  13525.1  172.484
For row 13 and col 3, pedestal is 195.431
13  3  1  1213.91  6810.69  101.478
13  3  2  2076.27  12100.5  152.995
For row 13 and col 4, pedestal is 205.219
13  4  1  140.244  738.72  32.8581
13  4  2  965.646  5230.01  171.162
For row 13 and col 5, pedestal is 203.573
13  5  1  150.409  887.708  106.65
13  5  2  289.452  1719.57  188.374
For row 13 and col 6, pedestal is 150.428
13  6  1  817.227  4407.49  136.571
13  6  2  1226.34  6982.09  211.502
For row 13 and col 7, pedestal is 197.283
13  7  1  374.217  2224.9  133.875
13  7  2  692.579  4361.68  229.51
For row 13 and col 8, pedestal is 225.55
13  8  1  1911.17  11262.1  109.747
13  8  2  2906.34  17858.8  125.036
For row 13 and col 9, pedestal is 214.764
13  9  1  779.78  4403.69  69.8627
13  9  2  2108.96  12039.3  164.802
For row 13 and col 10, pedestal is 196.856
13  10  1  1118.01  6227.22  95.0001
13  10  2  2526.77  14385.2  170.814
For row 13 and col 11, pedestal is 211.52
13  11  1  839.592  4710.39  106.771
13  11  2  1683.11  9658.63  204.952
For row 14 and col 0, pedestal is 203.151
14  0  1  553.332  3177.51  66.3911
14  0  2  1423.42  8884.14  164.359
For row 14 and col 1, pedestal is 227.524
14  1  1  967.776  5639.79  82.0742
14  1  2  1789.4  11305.2  142.417
For row 14 and col 2, pedestal is 189.289
14  2  1  1193.52  7074.43  80.9821
14  2  2  2365.34  15063.6  136.519
For row 14 and col 3, pedestal is 212.147
14  3  1  634.147  3575.46  98.6565
14  3  2  1416.07  8391.19  193.553
For row 14 and col 4, pedestal is 185.857
14  4  1  195.973  1226.38  71.0382
14  4  2  456.673  2765.38  149.847
For row 14 and col 5, pedestal is 217.624
14  5  1  320.716  1925.19  83.4882
14  5  2  500.502  3096.41  129.445
For row 14 and col 6, pedestal is 181.44
14  6  1  316.072  1817.16  131.468
14  6  2  540.46  3574.06  215.984
For row 14 and col 7, pedestal is 228.556
14  7  1  263.872  1660.11  124.226
14  7  2  446.31  2971.26  201.154
For row 14 and col 8, pedestal is 201.674
14  8  1  1497.67  9303.89  162.203
14  8  2  1841.52  11948.2  209.972
For row 14 and col 9, pedestal is 213.282
14  9  1  606.83  3499.48  87.8373
14  9  2  1749.37  10196.1  223.5
For row 14 and col 10, pedestal is 238.457
14  10  1  1330.81  7791.53  66.6217
14  10  2  2949.96  17534.6  92.8386
For row 14 and col 11, pedestal is 209.915
14  11  1  1635.79  9521.43  81.0665
14  11  2  3629.02  21633.6  171.81
For row 15 and col 0, pedestal is 231.899
15  0  1  1372.36  7609.47  76.8339
15  0  2  3223.27  19145.1  120.212
For row 15 and col 1, pedestal is 200.1
15  1  1  338.925  1867.02  37.3465
15  1  2  1321.43  7984.37  135.493
For row 15 and col 2, pedestal is 221.402
15  2  1  1268.36  7015.4  105.991
15  2  2  2707.26  16099.6  167.544
For row 15 and col 3, pedestal is 174.081
15  3  1  1129.03  6266.42  93.9598
15  3  2  3092.55  17812.3  165.866
For row 15 and col 4, pedestal is 212.196
15  4  1  224.713  1393.88  69.976
15  4  2  441.724  2698.99  130.925
For row 15 and col 5, pedestal is 180.288
15  5  1  263.127  1712.9  88.5639
15  5  2  401.859  2655.26  138.955
For row 15 and col 6, pedestal is 219.85
15  6  1  615.606  3393.6  125.634
15  6  2  844.938  4762.89  170.934
For row 15 and col 7, pedestal is 224.271
15  7  1  389.104  2571.66  142.638
15  7  2  499.307  3422.62  192.819
For row 15 and col 8, pedestal is 175.801
15  8  1  1107.67  6627.81  170.971
15  8  2  1225.27  7627.73  205.976
For row 15 and col 9, pedestal is 190.204
15  9  1  699.921  3890.52  105.482
15  9  2  1307.07  7471.91  188.633
For row 15 and col 10, pedestal is 184.67
15  10  1  621.966  3453.22  80.6021
15  10  2  1536.13  8727.65  178.498
For row 15 and col 11, pedestal is 206.505
15  11  1  650.967  3679.55  58.5825
15  11  2  1841.23  10667.1  147.94
For row 16 and col 0, pedestal is 181.804
16  0  1  99.1495  533.822  16.8925
16  0  2  1443.58  8711.16  194.63
For row 16 and col 1, pedestal is 218.001
16  1  1  868.865  4862.73  70.4168
16  1  2  2691.47  16254.6  157.668
For row 16 and col 2, pedestal is 208.778
16  2  1  586.891  3328.46  101.434
16  2  2  1273.96  7848.04  196.206
For row 16 and col 3, pedestal is 203.61
16  3  1  758.159  4234.24  96.0649
16  3  2  1571.94  9195.05  184.05
For row 16 and col 4, pedestal is 229.138
16  4  1  199.979  1314.5  77.2995
16  4  2  283.915  1816.86  120.039
For row 16 and col 5, pedestal is 193.896
16  5  1  28.3556  107.801  46.0939
16  5  2  825.631  4499.77  141.049
For row 16 and col 6, pedestal is 190.197
16  6  1  361.6  2130.28  185.137
16  6  2  553.951  3658.84  251.738
For row 16 and col 7, pedestal is 220.741
16  7  1  269.125  1572.32  113.478
16  7  2  427.381  2789.8  172.797
For row 16 and col 8, pedestal is 190.661
16  8  1  2643.45  15269.7  104.578
16  8  2  6221.44  24683.9  134.129
For row 16 and col 9, pedestal is 216.889
16  9  1  642.043  3648.1  89.8385
16  9  2  1606.5  9290.6  192.073
For row 16 and col 10, pedestal is 211.626
16  10  1  1460.98  8226.95  109.26
16  10  2  3779.33  22089.9  275.924
For row 16 and col 11, pedestal is 207.872
16  11  1  279.106  1548.08  82.6396
16  11  2  664.66  3816.95  175.05
For row 17 and col 0, pedestal is 192.364
17  0  1  730.077  3933.39  83.478
17  0  2  1825.83  10730.3  183.906
For row 17 and col 1, pedestal is 200.875
17  1  1  43.0018  266.431  12.4917
17  1  2  567.431  3448.22  122.082
For row 17 and col 2, pedestal is 198.645
17  2  1  1913.66  10897.7  92.382
17  2  2  3808.52  24532.5  86.9996
For row 17 and col 3, pedestal is 225.292
17  3  1  707.328  3889.41  93.9887
17  3  2  1419.73  8072.27  164.86
For row 17 and col 4, pedestal is 210.7
17  4  1  289.956  1585.12  97.9952
17  4  2  599.807  3603.29  180.265
For row 17 and col 5, pedestal is 175.455
17  5  1  758.303  3980.48  102.803
17  5  2  1378.92  7474.15  169.002
For row 17 and col 6, pedestal is 220.383
17  6  1  481.554  2309.69  125.491
17  6  2  685.506  3739.81  171.172
For row 17 and col 7, pedestal is 231.075
17  7  1  171.567  1033.36  117.974
17  7  2  266.846  1848.27  182.854
For row 17 and col 8, pedestal is 214.611
17  8  1  1611.98  9138.53  81.3503
17  8  2  3848.21  23454.5  540.427
For row 17 and col 9, pedestal is 217.292
17  9  1  899.835  5115.58  74.7855
17  9  2  1705.19  9782.47  131.847
For row 17 and col 10, pedestal is 205.491
17  10  1  1321.24  7385.67  100.607
17  10  2  2889.03  16250.1  160.54
For row 17 and col 11, pedestal is 243.169
17  11  1  343.509  1884.87  64.5229
17  11  2  1024.56  5822.76  174.951
For row 18 and col 0, pedestal is 210.343
18  0  1  636.328  3510.12  43.3614
18  0  2  1847.89  10776.9  108.508
For row 18 and col 1, pedestal is 215.838
18  1  1  118.875  663.007  61.7398
18  1  2  304.322  1816.57  144.455
For row 18 and col 2, pedestal is 209.577
18  2  1  1065.61  5715.61  58.2479
18  2  2  3062.48  17353.7  100.857
For row 18 and col 3, pedestal is 240.994
18  3  1  724.889  4560.91  88.2205
18  3  2  1613.62  10715.7  184.589
For row 18 and col 4, pedestal is 195.578
18  4  1  400.305  2089.95  91.5041
18  4  2  840.229  4649.59  176.67
For row 18 and col 5, pedestal is 188.534
18  5  1  264.457  1604.69  110.508
18  5  2  577.958  3722.1  230.751
For row 18 and col 6, pedestal is 209.613
18  6  1  270.094  1861.79  120.865
18  6  2  511.849  3461.24  203.064
For row 18 and col 7, pedestal is 231.04
18  7  1  380.906  2439.17  125.77
18  7  2  651.134  4308.5  203.189
For row 18 and col 8, pedestal is 239.569
18  8  1  3157.6  18503.5  86.1958
For row 18 and col 9, pedestal is 231.958
18  9  1  709.537  5051.76  87.6857
18  9  2  1218.64  8558.37  123.21
For row 18 and col 10, pedestal is 218.106
18  10  1  1452.34  10134  76.3599
18  10  2  1949.77  13300.3  83.5049
For row 18 and col 11, pedestal is 184.023
18  11  1  545.383  3730.12  57.4672
18  11  2  628.699  4225.78  52.9741
For row 19 and col 0, pedestal is 189.365
19  0  1  626.195  3334.62  50.7675
19  0  2  1753.37  9986.78  124.287
For row 19 and col 1, pedestal is 221.063
19  1  1  1716.17  9452.15  58.3505
19  1  2  3827.42  22961.8  274.88
For row 19 and col 2, pedestal is 250.378
19  2  1  768.071  4194.97  72.8415
19  2  2  1956.64  11312.1  168.081
For row 19 and col 3, pedestal is 231.282
19  3  1  575.048  3317.51  112.159
19  3  2  1184.17  7272.79  240.969
For row 19 and col 4, pedestal is 203.652
19  4  1  235.427  1320.57  90.61
19  4  2  461.539  2902.15  180.034
For row 19 and col 5, pedestal is 218.561
19  5  1  352.063  1795.84  77.04
19  5  2  766.986  4207.33  165.231
For row 19 and col 6, pedestal is 219.165
19  6  1  330.687  1800.68  96.3799
19  6  2  555.885  3184.6  153.767
For row 19 and col 7, pedestal is 237.45
19  7  1  172.368  1142.91  108.471
19  7  2  274.794  1867.68  161.302
For row 19 and col 8, pedestal is 207.924
19  8  1  1015.39  6182.71  131.529
19  8  2  1485.65  9481.84  196.406
For row 19 and col 9, pedestal is 183.459
19  9  1  1111.16  7766.33  88.4866
19  9  2  1889.09  12899.5  121.173
For row 19 and col 10, pedestal is 199.989
19  10  1  592.633  4209.42  72.8039
19  10  2  1245.57  8750.71  134.564
For row 19 and col 11, pedestal is 195.301
19  11  1  354.533  2441.31  54.601
19  11  2  550.795  3727.49  74.8901
For row 20 and col 0, pedestal is 240.334
20  0  1  273.239  1470.24  53.0626
20  0  2  833.106  4836.99  146.632
For row 20 and col 1, pedestal is 234.898
20  1  1  717.114  3960.86  56.9854
20  1  2  1808.4  10607.1  147.951
For row 20 and col 2, pedestal is 213.395
20  2  1  2129.82  11459.3  55.6503
For row 20 and col 3, pedestal is 216.379
20  3  1  901.652  5160.62  90.6778
20  3  2  2069.27  12440.7  166.064
For row 20 and col 4, pedestal is 171.499
20  4  1  170.678  969.829  64.2193
20  4  2  28.3627  135.382  80.3615
For row 20 and col 5, pedestal is 187.982
20  5  1  656.551  3434.13  90.786
20  5  2  1531.99  8629.21  184.339
For row 20 and col 6, pedestal is 222.598
20  6  1  371.096  2345.77  162.705
20  6  2  657.006  4238.05  237.87
For row 20 and col 7, pedestal is 194.92
20  7  1  215.641  1447.63  123.846
20  7  2  331.86  2280.62  179.281
For row 20 and col 8, pedestal is 214.523
20  8  1  1448.67  8594.29  141.478
20  8  2  1995.65  12421.8  196.53
For row 20 and col 9, pedestal is 211.318
20  9  1  645.462  4673.09  74.571
20  9  2  1069.26  7661.23  109.119
For row 20 and col 10, pedestal is 224.556
20  10  1  518.841  3648.43  65.9255
20  10  2  1129.53  7802.86  116.624
For row 20 and col 11, pedestal is 210.807
20  11  1  474.92  3371.84  89.1517
20  11  2  643.749  4466.13  108.602
For row 21 and col 0, pedestal is 221.518
21  0  1  343.64  1922.58  50.9304
21  0  2  875.172  5272.83  126.399
For row 21 and col 1, pedestal is 294.423
21  1  1  1080.73  5840.94  58.6966
21  1  2  3004.81  17375  116.255
For row 21 and col 2, pedestal is 214.151
21  2  1  1701.49  9441.28  62.5439
21  2  2  3881.72  23019.4  273.679
For row 21 and col 3, pedestal is 254.297
21  3  1  2090.6  11839.8  98.7882
21  3  2  3856.42  23678.1  418.299
For row 21 and col 4, pedestal is 205.163
21  4  1  298.585  1729.22  94.4349
21  4  2  606.002  3898.88  165.071
For row 21 and col 5, pedestal is 187.607
21  5  1  363.089  1885.34  67.7448
21  5  2  861.443  4799.94  137.248
For row 21 and col 6, pedestal is 240.742
21  6  1  554.694  2961.86  114.221
21  6  2  838.463  4709.06  155.487
For row 21 and col 7, pedestal is 247.785
21  7  1  355.482  2246.03  117.949
21  7  2  430.419  2869.31  137.984
For row 21 and col 8, pedestal is 239.809
21  8  1  1414.01  8294.55  148.723
21  8  2  2057.38  12614.8  202.086
For row 21 and col 9, pedestal is 248.993
21  9  1  863.459  6027.16  83.1087
21  9  2  1492.84  10121.8  122.487
For row 21 and col 10, pedestal is 234.507
21  10  1  808.607  5726.86  79.9499
21  10  2  1338.37  9289.21  110.105
For row 21 and col 11, pedestal is 220.25
21  11  1  1212.9  8575.83  85.1793
21  11  2  2429.01  16613.9  134.25
For row 22 and col 0, pedestal is 268.023
22  0  1  127.314  690.196  51.4512
22  0  2  246.765  1446.15  94.1574
For row 22 and col 1, pedestal is 224.866
22  1  1  369.419  2131.91  31.8502
22  1  2  1025.16  6251  81.9822
For row 22 and col 2, pedestal is 245.954
22  2  1  887.998  4874.68  48.544
22  2  2  1832.8  10764.8  93.2305
For row 22 and col 3, pedestal is 253.988
22  3  1  1634.15  9385.88  100.554
22  3  2  3540.04  21605.4  221.276
For row 22 and col 4, pedestal is 218.402
22  4  1  266.226  1495.5  104.047
22  4  2  584.658  3673.33  196.148
For row 22 and col 5, pedestal is 231.646
22  5  1  574.341  2940.25  91.6788
22  5  2  982.035  5372.46  150.017
For row 22 and col 6, pedestal is 250.348
22  6  1  318.421  2051.5  118.941
22  6  2  596.565  3953.06  199.194
For row 22 and col 7, pedestal is 246.088
22  7  1  289.319  1904.66  97.7293
22  7  2  403.91  2829.25  139.406
For row 22 and col 8, pedestal is 236.418
22  8  1  1977.43  11586.9  113.544
22  8  2  3338.48  20580.3  131.803
For row 22 and col 9, pedestal is 208.599
22  9  1  626.976  4375.46  52.3975
22  9  2  1143.92  7784.8  80.9848
For row 22 and col 10, pedestal is 230.114
22  10  1  409.663  2892.1  62.9737
22  10  2  753.728  5205.65  98.8522
For row 22 and col 11, pedestal is 223.585
22  11  1  687.835  4877.87  50.1677
22  11  2  1859.51  12969.5  118.716
For row 23 and col 0, pedestal is 232.086
23  0  1  374.631  2086.85  45.3627
23  0  2  1275.3  7587.63  138.421
For row 23 and col 1, pedestal is 203.23
23  1  1  206.353  1130.39  47.9407
23  1  2  557.291  3335.23  130.085
For row 23 and col 2, pedestal is 227.301
23  2  1  262.295  1430.01  35.8887
23  2  2  1163.27  6769.85  147.494
For row 23 and col 3, pedestal is 238.671
23  3  1  584.416  3258.46  89.6779
23  3  2  1078.01  6405.03  164.599
For row 23 and col 4, pedestal is 231.583
23  4  1  354.174  2129.52  123.318
23  4  2  690.773  4520.02  224.247
For row 23 and col 5, pedestal is 232.818
23  5  1  359.66  1801.51  82.1847
23  5  2  990.451  5538.39  197.536
For row 23 and col 6, pedestal is 226.008
23  6  1  258.027  1640.68  144.651
23  6  2  414.642  2691.25  180.143
For row 23 and col 7, pedestal is 191.43
23  7  1  277.709  1639.22  114.707
23  7  2  405.471  2785.77  176.09
For row 23 and col 8, pedestal is 214.909
23  8  1  1700.58  10114.4  109.035
23  8  2  3333.74  20976.7  171.821
For row 23 and col 9, pedestal is 194.92
23  9  1  748.302  5300.86  59.0854
23  9  2  1594.88  10999.4  104.091
For row 23 and col 10, pedestal is 197.435
23  10  1  816.669  5764.52  66.6804
23  10  2  1684.98  11540.5  117.812
For row 23 and col 11, pedestal is 248.967
23  11  1  498.247  3548.79  56.1584
23  11  2  915.118  6397.88  93.0251
