#All information for run 1685.
#Row Col LED <Max> <Int> NPE
For row 0 and col 0, pedestal is 221.653
0  0  1  31.7736  176.874  68.0132
0  0  2  82.4598  489.452  160.188
0  0  3  157.832  1024.51  282.32
0  0  4  238.244  1624.85  439.119
0  0  5  594.379  4552.02  914.888
For row 0 and col 1, pedestal is 215.968
0  1  1  25.4043  127.051  41.1508
0  1  2  35.2614  209.974  59.9405
0  1  3  111.541  685.261  175.655
0  1  4  314.714  2088.47  432.945
0  1  5  823.863  6091.84  774.531
For row 0 and col 2, pedestal is 216.28
0  2  1  31.7363  154.7  71.32
0  2  2  83.2134  490.979  168.164
0  2  3  96.0765  618.555  194.337
0  2  4  289.553  1949  511.78
0  2  5  703.12  5317.74  1032.63
For row 0 and col 3, pedestal is 209.297
0  3  1  32.9146  186.779  89.5687
0  3  2  6.08945  -10.3742  nan
0  3  3  194.041  1311.92  399.34
0  3  4  401.246  2783.94  654.716
0  3  5  860.994  5888.62  1094.62
For row 0 and col 4, pedestal is 220.26
0  4  1  33.558  159.738  73.6544
0  4  2  18.5237  4.4359  212.134
0  4  3  198.25  1421.27  298.534
0  4  4  494.877  3561.33  587.194
0  4  5  922.315  6623.01  965.477
For row 0 and col 5, pedestal is 217.637
0  5  1  34.5519  241.484  61.0653
0  5  2  14.4487  2.44352  980.333
0  5  3  212.981  1505.91  289.364
0  5  4  483.201  3496.69  586.718
0  5  5  974.513  6989.13  1007.87
For row 0 and col 6, pedestal is 217.307
0  6  1  60.1243  475.135  126.297
0  6  2  107.824  827.918  131.883
0  6  3  187.597  1217.01  216.833
0  6  4  464.858  4163.67  543.589
0  6  5  2040.65  14299.4  1445.27
For row 0 and col 7, pedestal is 187.84
0  7  1  69.3811  502.584  115.102
0  7  2  105.258  888.342  189.853
0  7  3  254.948  1692.56  338.119
0  7  4  664.395  6029.97  815.517
0  7  5  1935.13  13947.9  1541.45
For row 0 and col 8, pedestal is 189.943
0  8  1  45.2278  330.959  179.208
0  8  2  66.5567  517.97  232.766
0  8  3  170.21  1060.64  436.241
0  8  4  411.388  3449.23  907.308
0  8  5  1362.98  9095.26  1882.33
For row 0 and col 9, pedestal is 208.932
0  9  1  69.0508  429.152  87.4587
0  9  2  161.689  1081.53  200.867
0  9  3  279.235  2012.8  352.263
0  9  4  492.914  3519.35  528.357
0  9  5  1338.8  10085  1128.23
For row 0 and col 10, pedestal is 218.129
0  10  1  54.9397  346.888  99.0522
0  10  2  99.9268  696.503  179.357
0  10  3  240.558  1769.27  340.637
0  10  4  381.153  2664.41  508.744
0  10  5  961.119  7229.2  1023.74
For row 0 and col 11, pedestal is 198.759
0  11  1  33.4938  222.543  93.4243
0  11  2  81.231  536.728  225.182
0  11  3  134.383  974.031  345.709
0  11  4  180.963  1304.95  442.561
0  11  5  572.986  4304.06  1047.42
For row 1 and col 0, pedestal is 237.082
1  0  1  61.2131  346.525  80.3624
1  0  2  93.2955  628.715  119.232
1  0  3  209.938  1440.53  265.935
1  0  4  349.589  2580.06  410.226
1  0  5  844.22  6882.01  821.53
For row 1 and col 1, pedestal is 221.576
1  1  1  26.1761  137.988  69.947
1  1  2  54.8124  332.16  136.107
1  1  3  103.168  695.484  242.174
1  1  4  269.12  1907.96  515.801
1  1  5  637.496  5069.77  889.745
For row 1 and col 2, pedestal is 222.63
1  2  1  61.1052  322.053  78.8182
1  2  2  132.241  773.898  153.145
1  2  3  270.26  1715.36  271.373
1  2  4  555.743  3704.32  442.796
1  2  5  1292.41  9651.34  694.889
For row 1 and col 3, pedestal is 223.14
1  3  1  35.3075  214.104  60.1837
1  3  2  6.30137  -15.0866  nan
1  3  3  202.587  1341.53  297.079
1  3  4  548.688  3686.04  648.058
1  3  5  843.365  5654  900.641
For row 1 and col 4, pedestal is 207.937
1  4  1  22.0374  135.381  94.9625
1  4  2  19.8368  1.65095  nan
1  4  3  121.526  927.399  436.594
1  4  4  333.754  2440.74  588.382
1  4  5  675.277  4819.42  1005.07
For row 1 and col 5, pedestal is 208.091
1  5  1  50.6923  302.756  79.5173
1  5  2  14.9955  -0.0622498  628.186
1  5  3  303.091  2085.97  366.608
1  5  4  694.245  4895.64  631.443
1  5  5  1282.67  8971.22  1061.35
For row 1 and col 6, pedestal is 216.973
1  6  1  93.4527  850.176  124.244
1  6  2  196.558  1687.4  177.976
1  6  3  349.697  2442.91  295.048
1  6  4  1246.58  11993.9  876.529
1  6  5  3606.99  27688  1299.47
For row 1 and col 7, pedestal is 198.778
1  7  1  89.7938  679.648  143.003
1  7  2  135.904  1089.79  166.056
1  7  3  303.673  1887.85  274.69
1  7  4  962.155  8134.11  829.383
1  7  5  3170.95  20963.3  1234.74
For row 1 and col 8, pedestal is 229.556
1  8  1  180.834  1329.99  168.169
1  8  2  238.474  1817.99  190.351
1  8  3  638.09  3869.29  400.204
1  8  4  1622.15  13314.6  849.933
1  8  5  3314.95  21789  1026.88
For row 1 and col 9, pedestal is 203.692
1  9  1  71.1006  458.873  154.807
1  9  2  9.01286  50.9108  69.8138
1  9  3  208.888  1528.43  444.223
1  9  4  360.226  2578.43  635.334
1  9  5  703.464  5392.81  1063.49
For row 1 and col 10, pedestal is 218.544
1  10  1  32.3477  176.432  96.5305
1  10  2  67.3027  414.766  180.168
1  10  3  128.951  900.08  337.391
1  10  4  12.8372  59.8139  47.8273
1  10  5  437.989  3307.77  959.926
For row 1 and col 11, pedestal is 224.383
1  11  1  21.753  111.505  104.268
1  11  2  56.5324  360.298  220.991
1  11  3  85.3096  586.486  357.663
1  11  4  160.292  1135.48  540.16
1  11  5  351.452  2616.55  1004.94
For row 2 and col 0, pedestal is 185.022
2  0  1  34.1763  186.13  58.4185
2  0  2  69.4011  422.597  108.113
2  0  3  149.446  948.451  223.336
2  0  4  339.957  2290.56  449.788
2  0  5  675.272  5056.21  738.808
For row 2 and col 1, pedestal is 208.258
2  1  1  16.5558  91.0742  81.0644
2  1  2  20.0247  125.467  113.175
2  1  3  57.9033  381.62  225.081
2  1  4  177.024  1209.93  631.494
2  1  5  133.204  1007.71  505.458
For row 2 and col 2, pedestal is 201.38
2  2  1  49.191  272.026  78.7128
2  2  2  57.5611  353.517  93.9742
2  2  3  215.742  1427.95  319.019
2  2  4  518.3  3571.72  651.305
2  2  5  906.472  6978.85  1058.66
For row 2 and col 3, pedestal is 220.493
2  3  1  31.8501  174.854  79.6664
2  3  2  4.11251  -13.1524  nan
2  3  3  180.641  1215.33  377.37
2  3  4  376.983  2614.53  666.998
2  3  5  766.882  5260.4  1070.66
For row 2 and col 4, pedestal is 227.871
2  4  1  23.9915  161.193  75.7347
2  4  2  18.6826  30.9183  nan
2  4  3  140.412  1001.96  269.378
2  4  4  395.423  2833.96  590.581
2  4  5  727.323  5135.67  964.024
For row 2 and col 5, pedestal is 208.229
2  5  1  49.0458  340.484  83.9369
2  5  2  17.6031  -8.14903  nan
2  5  3  302.024  2195.37  311.583
2  5  4  718.831  5114.63  613.761
2  5  5  1371.34  9718.33  1002.41
For row 2 and col 6, pedestal is 232.715
2  6  1  63.9854  503.883  114.378
2  6  2  110.779  988.66  196.347
2  6  3  173.186  1252.37  272.269
2  6  4  748.318  7054.77  930.249
2  6  5  1916.72  14422  1664.08
For row 2 and col 7, pedestal is 212.521
2  7  1  56.6279  443.924  147.518
2  7  2  97.7738  846.154  228.479
2  7  3  242.131  1618.01  380.772
2  7  4  543.95  4963.31  806.046
2  7  5  1414.78  10371.3  1463.44
For row 2 and col 8, pedestal is 228.324
2  8  1  70.9019  544.178  195.045
2  8  2  110.823  907.177  327.122
2  8  3  242.296  1581.32  473.418
2  8  4  693.854  6001.78  1046.52
2  8  5  1341.83  9341.96  1781.06
For row 2 and col 9, pedestal is 199.139
2  9  1  6.76448  8.83622  nan
2  9  2  167.547  1178.86  321.959
2  9  3  179.522  1373.09  355.157
2  9  4  349.507  2591.84  623.216
2  9  5  824.018  6459  1093.38
For row 2 and col 10, pedestal is 204.397
2  10  1  35.277  210.377  104.463
2  10  2  70.5333  479.391  242.845
2  10  3  151.967  1107.47  401.204
2  10  4  235.717  1713.48  575.597
2  10  5  543.424  4167.18  1061.67
For row 2 and col 11, pedestal is 190.494
2  11  1  49.9733  308.348  110.851
2  11  2  75.2792  504.765  170.608
2  11  3  187.771  1357.8  369.714
2  11  4  333.865  2362.26  558.44
2  11  5  685.514  5188.83  896.516
For row 3 and col 0, pedestal is 166.875
3  0  1  27.5178  139.661  71.6965
3  0  2  7.35341  14.0825  nan
3  0  3  106.962  674.168  258.5
3  0  4  276.576  1885.76  571.468
3  0  5  583.459  4390.36  1043.06
For row 3 and col 1, pedestal is 226.243
3  1  1  23.298  112.991  63.6386
3  1  2  57.4541  312.022  136.249
3  1  3  113.405  693.931  215.797
3  1  4  199.066  1273.61  380.95
3  1  5  648.864  4749.39  944.497
For row 3 and col 2, pedestal is 206.334
3  2  1  52.7961  290.315  93.4351
3  2  2  104.397  623.734  159.936
3  2  3  229.453  1479.46  316.071
3  2  4  442.031  2952.53  500.262
3  2  5  826.656  6217.53  754.715
For row 3 and col 3, pedestal is 189.026
3  3  1  20.8987  129.717  67.4097
3  3  2  5.68747  -4.55366  nan
3  3  3  130.948  890.462  291.357
3  3  4  310.134  2143.21  619.288
3  3  5  513.853  3501.36  901.945
For row 3 and col 4, pedestal is 218.506
3  4  1  58.475  348.707  50.1409
3  4  2  8.43847  4.67987  nan
3  4  3  9.93675  53.9072  603.871
3  4  4  785.476  5097.1  441.955
3  4  5  1936.62  12527.2  870.479
For row 3 and col 5, pedestal is 190.335
3  5  1  93.9859  551.809  69.6149
3  5  2  10.3292  3.40933  nan
3  5  3  569.978  3644.95  330.084
3  5  4  1302.09  8441.72  598.458
3  5  5  2306.93  14929.4  861.115
For row 3 and col 6, pedestal is 230.03
3  6  1  60.0868  408.724  76.2095
3  6  2  210.297  1506.96  225.686
3  6  3  268.578  1499.31  249.94
3  6  4  896.988  7157.39  772.752
3  6  5  2916.93  18227.6  1125.94
For row 3 and col 7, pedestal is 198.299
3  7  1  51.5996  411.173  167.324
3  7  2  89.4191  739.434  176.534
3  7  3  209.487  1434.69  267.607
3  7  4  644.86  5759.61  837.734
3  7  5  1709.84  12033.8  1393.13
For row 3 and col 8, pedestal is 239.489
3  8  1  93.1448  691.058  184.605
3  8  2  130.405  1001.64  219.129
3  8  3  242.841  1488.88  340.672
3  8  4  927.897  7774.66  976.954
3  8  5  2623.91  17558.7  1806.72
For row 3 and col 9, pedestal is 220.526
3  9  1  59.8951  323.687  122.172
3  9  2  109.166  706.65  212.806
3  9  3  216.425  1518.84  429.556
3  9  4  399.998  2810.21  629.623
3  9  5  836.523  6318.88  1116
For row 3 and col 10, pedestal is 218.149
3  10  1  41.8616  210.735  163.568
3  10  2  85.0893  532.949  313.428
3  10  3  162.239  1118.07  500.717
3  10  4  277.478  1886.14  625.752
3  10  5  548.963  4102.73  1037.4
For row 3 and col 11, pedestal is 198.164
3  11  1  58.2211  323.887  115.345
3  11  2  117.649  754.289  211.61
3  11  3  227.858  1569.49  403.768
3  11  4  370.114  2568.79  541.194
3  11  5  725.286  5393.14  888.454
For row 4 and col 0, pedestal is 214.041
4  0  1  27.029  138.79  59.1352
4  0  2  42.3559  254.165  97.2232
4  0  3  105.863  714.99  215.343
4  0  4  266.453  1889.86  479.214
4  0  5  551.325  4350.1  920.595
For row 4 and col 1, pedestal is 189.866
4  1  1  22.7237  112.907  62.9643
4  1  2  55.7325  335.977  146.089
4  1  3  95.5579  617.067  259.577
4  1  4  221.024  1558.92  480.101
4  1  5  372.945  2901.29  798.31
For row 4 and col 2, pedestal is 187.45
4  2  1  10.3496  46.633  1881.99
4  2  2  30.875  178.946  224.214
4  2  3  43.6801  305.264  302.166
4  2  4  120.174  853.255  531.302
4  2  5  245.686  1986.74  987.166
For row 4 and col 3, pedestal is 204.63
4  3  1  24.5827  136.201  77.687
4  3  2  5.67565  -17.9338  nan
4  3  3  137.057  950.369  320.771
4  3  4  322.499  2311.93  640.595
4  3  5  562.082  4038.94  956.016
For row 4 and col 4, pedestal is 176.081
4  4  1  78.6273  482.745  68.1652
4  4  2  18.1956  -1.87364  781.197
4  4  3  392.24  2549.1  279.413
4  4  4  1174.82  7770.27  640.354
4  4  5  2032.9  13355.6  943.514
For row 4 and col 5, pedestal is 195.118
4  5  1  59.4596  379.677  58.4567
4  5  2  11.0777  -3.06926  nan
4  5  3  372.353  2434.18  307.44
4  5  4  973.062  6448.3  647.378
4  5  5  1148.33  7614.48  770.364
For row 4 and col 6, pedestal is 236.376
4  6  1  70.7912  501.536  126.465
4  6  2  142.415  1150.44  181.614
4  6  3  249.901  1748.83  279.52
4  6  4  477.981  4577.79  583.734
4  6  5  1730.37  12859  1347.81
For row 4 and col 7, pedestal is 205.811
4  7  1  78.747  598.775  168.949
4  7  2  122.016  1029.42  272.166
4  7  3  186.791  1416.96  193.177
4  7  4  620.015  5995.83  669.269
4  7  5  2085.68  15540.1  1434.08
For row 4 and col 8, pedestal is 242.875
4  8  1  62.6851  490.974  167.632
4  8  2  102.153  829.971  311.675
4  8  3  192.63  1222.82  331.585
4  8  4  574.236  4999.45  862.919
4  8  5  1350.58  9297.28  1483.36
For row 4 and col 9, pedestal is 211.114
4  9  1  35.9353  200.284  131.386
4  9  2  65.3363  434.159  209.391
4  9  3  132.556  982.905  375.217
4  9  4  256.508  1859.54  607.051
4  9  5  643.193  5055.47  1211.78
For row 4 and col 10, pedestal is 235.392
4  10  1  38.9642  229.493  89.2569
4  10  2  99.0651  666.872  233.263
4  10  3  137.863  1000.97  297.313
4  10  4  344.36  2439.72  608.217
4  10  5  626.423  4774.77  991.425
For row 4 and col 11, pedestal is 202.453
4  11  1  18.1045  85.1771  105.379
4  11  2  39.5999  238.935  179.459
4  11  3  71.424  502.898  334.489
4  11  4  148.636  1034.92  570.677
4  11  5  274.588  2090.93  977.855
For row 5 and col 0, pedestal is 231.999
5  0  1  13.6068  61.6512  45.5844
5  0  2  42.2432  237.309  94.0652
5  0  3  74.2199  453.633  161.833
5  0  4  175.733  1155.59  363.682
5  0  5  407.133  2981  714.617
For row 5 and col 1, pedestal is 200.412
5  1  1  38.3281  207.396  61.0913
5  1  2  78.0108  452.395  122.559
5  1  3  164.931  1066.68  239.73
5  1  4  311.233  2083.81  422.593
5  1  5  772.72  5788.82  955.705
For row 5 and col 2, pedestal is 216.258
5  2  1  21.6984  112.959  79.0205
5  2  2  42.6948  262.856  148.304
5  2  3  76.3414  486.777  263.817
5  2  4  69.2554  460.923  228.346
5  2  5  443.205  3340.86  1164.96
For row 5 and col 3, pedestal is 203.85
5  3  1  32.1939  185.776  83.7021
5  3  2  4.51646  -4.29184  nan
5  3  3  162.771  1057.57  319.197
5  3  4  452.367  3069.15  682.306
5  3  5  781.086  5221.02  1006.43
For row 5 and col 4, pedestal is 225.817
5  4  1  32.6864  217.449  66.1471
5  4  2  13.3267  -3.14723  nan
5  4  3  161.843  1225.04  278.076
5  4  4  462.821  3407.51  629.467
5  4  5  867.635  6334.82  1060.89
For row 5 and col 5, pedestal is 181.267
5  5  1  55.609  363.954  65.7323
5  5  2  11.2894  -5.55108  2252.08
5  5  3  279.977  2001.79  259.636
5  5  4  837.646  5944.84  586.526
5  5  5  1422.75  10037.7  925.841
For row 5 and col 6, pedestal is 218.568
5  6  1  141.594  1007.49  128.216
5  6  2  281.854  2070.43  227.195
5  6  3  671.149  3858.76  406.632
5  6  4  814.107  6610.33  592.519
5  6  5  3923.8  26756.7  2353.46
For row 5 and col 7, pedestal is 237.064
5  7  1  55.0792  404.704  174.926
5  7  2  87.043  709.884  222.533
5  7  3  149.077  988.049  257.877
5  7  4  530.027  4693.88  777.66
5  7  5  1214.62  8522.87  1327.4
For row 5 and col 8, pedestal is 188.886
5  8  1  2.09785  -16.7938  nan
5  8  2  2.10391  -17.0811  nan
5  8  3  2.06576  -18.5261  nan
5  8  4  2.09232  -17.1557  nan
5  8  5  2.12318  -16.4464  nan
For row 5 and col 9, pedestal is 211.401
5  9  1  46.5542  280.54  82.6686
5  9  2  95.442  638.606  173.278
5  9  3  238.462  1706.61  369.283
5  9  4  412.284  2878.82  566.242
5  9  5  794.477  5971.7  926.995
For row 5 and col 10, pedestal is 189.071
5  10  1  48.6972  260.914  110.113
5  10  2  99.5379  649.823  204.274
5  10  3  145.948  1024.32  308.829
5  10  4  323.194  2297.74  573.382
5  10  5  629.734  4778.76  964.45
For row 5 and col 11, pedestal is 213.254
5  11  1  43.6332  233.463  89.0002
5  11  2  91.3467  582.935  163.469
5  11  3  170.267  1186.17  293.04
5  11  4  316.087  2197.6  463.769
5  11  5  662.831  4924.49  848.016
For row 6 and col 0, pedestal is 208.655
6  0  1  25.5201  164.079  96.9523
6  0  2  44.4492  325.387  174.051
6  0  3  76.7824  471.183  244.727
6  0  4  290.007  1963.9  670.423
6  0  5  483.836  3278.94  1004.47
For row 6 and col 1, pedestal is 210.324
6  1  1  35.4007  244.348  109.062
6  1  2  78.9185  556.889  212.976
6  1  3  135.877  817.248  326.86
6  1  4  335.938  2221.43  698.292
6  1  5  547.085  3597.79  1043.25
For row 6 and col 2, pedestal is 221.119
6  2  1  59.9065  407.549  102.784
6  2  2  109.622  782.137  186.789
6  2  3  212.998  1278.48  315.969
6  2  4  491.265  3284.6  649.789
6  2  5  1232.98  8287.62  1360.18
For row 6 and col 3, pedestal is 208.007
6  3  1  43.9401  207.239  110.204
6  3  2  92.6884  523.99  207.568
6  3  3  196.979  1196.22  386.844
6  3  4  276.994  1725.08  565.93
6  3  5  570.352  3752.57  1001.3
For row 6 and col 4, pedestal is 184.756
6  4  1  47.9982  243.642  94.4369
6  4  2  136.135  797.436  210.941
6  4  3  245.621  1533.96  341.391
6  4  4  468.664  3033.39  625.723
6  4  5  454.073  3103.69  644.816
For row 6 and col 5, pedestal is 192.509
6  5  1  53.0538  181.974  86.6264
6  5  2  104.694  410.823  180.844
6  5  3  148.853  636.483  250.474
6  5  4  220.819  936.586  393.893
6  5  5  469.738  2033.01  890.198
For row 6 and col 6, pedestal is 210.211
6  6  1  52.1873  423.352  120.018
6  6  2  117.759  895.433  185.201
6  6  3  274.5  1879.71  362.489
6  6  4  657.893  4904.44  766.58
6  6  5  1060.26  8115.64  1211.18
For row 6 and col 7, pedestal is 214.72
6  7  1  36.8374  340.957  168.548
6  7  2  57.3654  472.238  153.203
6  7  3  198.271  1461.9  394.602
6  7  4  433.564  3294.4  801.966
6  7  5  857.128  6669.61  1499.24
For row 6 and col 8, pedestal is 228.001
6  8  1  45.9283  321.141  79.8987
6  8  2  90.3583  695.422  139.511
6  8  3  218.517  1355.71  295.147
6  8  4  422.994  2906.31  554.827
6  8  5  869.531  6039.09  1049.19
For row 6 and col 9, pedestal is 232.783
6  9  1  61.0711  376.058  138.235
6  9  2  120.289  696.992  245.04
6  9  3  311.166  2060.1  560.602
6  9  4  316.389  2224.09  575.824
6  9  5  539.319  3988.05  918.205
For row 6 and col 10, pedestal is 233.467
6  10  1  49.4598  333.074  100.442
6  10  2  92.8246  560.792  170.907
6  10  3  143.573  974.889  261.435
6  10  4  383.08  2671.36  667.603
6  10  5  789.369  5776.75  1182.29
For row 6 and col 11, pedestal is 213.755
6  11  1  75.0199  482.568  86.1643
6  11  2  159.712  925.472  162.497
6  11  3  256.935  1643.17  266.328
6  11  4  390.985  2703.63  390.835
6  11  5  1061.78  7775.27  910.594
For row 7 and col 0, pedestal is 227.986
7  0  1  72.5102  493.164  99.6885
7  0  2  125.213  968.166  171.496
7  0  3  255.278  1581.21  309.499
7  0  4  610.844  4280.06  622.264
7  0  5  1488.05  10519.1  1123.56
For row 7 and col 1, pedestal is 269.711
7  1  1  55.968  387.827  88.7457
7  1  2  83.8755  626.769  148.388
7  1  3  207.84  1321.29  301.491
7  1  4  563.62  4051.22  702.515
7  1  5  1118.76  8078.35  1149.87
For row 7 and col 2, pedestal is 219.35
7  2  1  42.8652  274.202  95.8656
7  2  2  79.8144  585.765  152.452
7  2  3  137.654  819.957  257.627
7  2  4  481.191  3317.12  719.432
7  2  5  703.759  4863.93  1028.87
For row 7 and col 3, pedestal is 217.257
7  3  1  79.6429  436.522  115.552
7  3  2  177.521  1043.25  248.067
7  3  3  303.17  1941.77  389.985
7  3  4  513.621  3315.93  595.865
7  3  5  608.806  4174.35  765.232
For row 7 and col 4, pedestal is 201.176
7  4  1  100.176  487.193  89.3759
7  4  2  267.938  1404.75  216.137
7  4  3  464.078  2661.37  359.378
7  4  4  691.272  4032.9  523.112
7  4  5  1625.89  10083.8  1008.98
For row 7 and col 5, pedestal is 245.023
7  5  1  105.89  508.62  75.8687
7  5  2  288.695  1532.44  189.625
7  5  3  449.401  2574.11  274.162
7  5  4  1105.69  6453.21  579.528
7  5  5  1281.64  7972.12  720.955
For row 7 and col 6, pedestal is 213.197
7  6  1  92.9124  586.891  88.2944
7  6  2  139.184  1085.81  146.544
7  6  3  418.094  2944.11  353.759
7  6  4  876.846  6839.61  716.043
7  6  5  1809.88  14555.8  1284.21
For row 7 and col 7, pedestal is 226.243
7  7  1  66.7574  434.842  97.0841
7  7  2  112.476  833.873  177.493
7  7  3  302.388  2090.53  373.084
7  7  4  642.839  4890.24  733.663
7  7  5  1265.79  9907.42  1360.45
For row 7 and col 8, pedestal is 248.685
7  8  1  49.2467  309.766  96.6462
7  8  2  98.5221  689.887  184.098
7  8  3  241.548  1477.54  367.735
7  8  4  417.701  2922.22  597.67
7  8  5  921.079  6552.96  1089.16
For row 7 and col 9, pedestal is 233.268
7  9  1  98.4882  614.295  118.559
7  9  2  181.587  1086.69  202.466
7  9  3  429.178  2798.92  444.584
7  9  4  477.631  3333.09  482.619
7  9  5  1120.8  8224.96  898.619
For row 7 and col 10, pedestal is 245.312
7  10  1  43.8911  280.162  125.892
7  10  2  99.3982  580.675  224.927
7  10  3  222.261  1443.47  489.375
7  10  4  163.82  1136.18  437.793
7  10  5  510.985  3657.05  1044.92
For row 7 and col 11, pedestal is 234.576
7  11  1  30.3535  144.926  99.5995
7  11  2  51.053  261.549  184.616
7  11  3  119.873  720.785  377.03
7  11  4  202.049  1337.88  562.313
7  11  5  349.267  2469.07  889.892
For row 8 and col 0, pedestal is 195.352
8  0  1  33.4093  194.345  101.633
8  0  2  45.4635  318.081  178.159
8  0  3  120.704  679.09  288.258
8  0  4  295.218  1902.6  643.857
8  0  5  734.251  4774.87  1144.86
For row 8 and col 1, pedestal is 211.158
8  1  1  66.4107  452.994  97.8989
8  1  2  136.087  984.002  181.254
8  1  3  207.828  1262.85  272.259
8  1  4  605.795  4024.76  659.858
8  1  5  1240.79  8199.42  1102.47
For row 8 and col 2, pedestal is 227.191
8  2  1  29.082  199.088  91.8493
8  2  2  60.1397  450.499  172.311
8  2  3  99.1892  610.338  236.325
8  2  4  336.571  2235.64  655.895
8  2  5  631.569  4197.09  1110.15
For row 8 and col 3, pedestal is 223.522
8  3  1  58.7452  315.591  82.2877
8  3  2  139.61  800.789  185.316
8  3  3  285.079  1765.09  329.729
8  3  4  311.097  1944.44  379.258
8  3  5  693.062  4569.36  726.949
For row 8 and col 4, pedestal is 209.809
8  4  1  42.8514  196.358  117.71
8  4  2  75.8572  491.484  168.518
8  4  3  177.276  1312.89  328.103
8  4  4  253.713  2027.9  464.85
8  4  5  574.603  4824.55  972.968
For row 8 and col 5, pedestal is 221.456
8  5  1  83.0103  430.178  125.331
8  5  2  173.926  1016.97  207.822
8  5  3  180.306  1139.33  221.764
8  5  4  610.694  4187.68  611.885
8  5  5  1232.75  9047.67  1055.4
For row 8 and col 6, pedestal is 200.403
8  6  1  75.789  537.741  141.464
8  6  2  132.752  981.794  184.848
8  6  3  385.607  2353.41  376.795
8  6  4  752.17  4937.06  657.742
8  6  5  1658.82  11114  1280.42
For row 8 and col 7, pedestal is 193.463
8  7  1  56.6414  307.765  115.12
8  7  2  94.1811  663.538  199.499
8  7  3  249.082  1609.42  300
8  7  4  561.709  4046.09  706.535
8  7  5  1105.72  8181.66  1214.63
For row 8 and col 8, pedestal is 197.81
8  8  1  55.0242  387.877  121.867
8  8  2  91.7873  716.182  180.704
8  8  3  177.476  1124.17  258.305
8  8  4  411.803  2853.96  532.789
8  8  5  925.293  6471.17  940.379
For row 8 and col 9, pedestal is 229.79
8  9  1  65.7257  409.368  115.487
8  9  2  107.628  643.984  214.95
8  9  3  266.957  1782.26  479.143
8  9  4  373.362  2599.79  650.691
8  9  5  659.296  4825.31  1034.01
For row 8 and col 10, pedestal is 198.857
8  10  1  41.262  220.405  151.951
8  10  2  58.4013  325.125  176.382
8  10  3  138.511  866.373  387.774
8  10  4  274.328  1921.73  673.501
8  10  5  434.638  3243.49  924.064
For row 8 and col 11, pedestal is 199.241
8  11  1  49.5671  289.648  84.6182
8  11  2  105.682  624.878  161.01
8  11  3  252.123  1647.68  370.273
8  11  4  447.328  3182.48  588.563
8  11  5  779.428  5876.47  930.627
For row 9 and col 0, pedestal is 194.322
9  0  1  33.9291  216.221  122.018
9  0  2  61.8868  438.353  202.95
9  0  3  125.11  744.154  311.133
9  0  4  342.199  2293.54  796.461
9  0  5  777.994  5235.02  1351.93
For row 9 and col 1, pedestal is 200.056
9  1  1  30.9976  207.517  88.7717
9  1  2  60.8538  453.759  214.6
9  1  3  159.25  953.655  394.934
9  1  4  345.449  2309.11  773.088
9  1  5  734.756  4926.79  1323.53
For row 9 and col 2, pedestal is 239.865
9  2  1  32.8481  209.416  87.723
9  2  2  63.8876  469.203  168.074
9  2  3  155.142  905.747  319.37
9  2  4  407.535  2653.31  754.038
9  2  5  718.948  4685.38  1129.95
For row 9 and col 3, pedestal is 221.995
9  3  1  42.2379  209.177  100.56
9  3  2  67.9093  421.35  152.296
9  3  3  194.673  1170.04  403.099
9  3  4  287.007  1764.28  590.219
9  3  5  492.931  3199.67  907.444
For row 9 and col 4, pedestal is 216.551
9  4  1  118.61  579.674  109.435
9  4  2  246.936  1300.42  199.5
9  4  3  416.815  2430.73  323.921
9  4  4  887.763  5342.1  581.74
9  4  5  1476.15  9574.07  926.352
For row 9 and col 5, pedestal is 239.713
9  5  1  125.898  604.986  103.197
9  5  2  276.287  1560.58  217.172
9  5  3  507.314  3069.39  364.547
9  5  4  781.594  4836.18  528.843
9  5  5  1495.25  9918.95  946.259
For row 9 and col 6, pedestal is 180.641
9  6  1  73.7245  478.466  140.789
9  6  2  119.615  921.877  157.436
9  6  3  291.849  2045.03  318.67
9  6  4  636.873  4691.48  636.424
9  6  5  1402.01  10609.1  1243.89
For row 9 and col 7, pedestal is 214.007
9  7  1  41.2559  294.933  146.968
9  7  2  72.4992  610.982  133.576
9  7  3  185.287  1345.07  252.724
9  7  4  465.511  3449.22  582.752
9  7  5  942.042  7051.56  1117
For row 9 and col 8, pedestal is 232.028
9  8  1  91.8713  632.913  103.644
9  8  2  143.305  1024.04  146.194
9  8  3  310.864  1879.96  264.733
9  8  4  799.67  5390.18  552.665
9  8  5  1569.7  10749.6  866.744
For row 9 and col 9, pedestal is 241.561
9  9  1  36.6806  189.669  117.928
9  9  2  54.5358  278.825  202.658
9  9  3  151.735  915.702  489.475
9  9  4  161.133  1047.54  514.54
9  9  5  311.159  2190.04  935.081
For row 9 and col 10, pedestal is 243.642
9  10  1  33.4752  199.302  117.467
9  10  2  64.8523  378.565  192.971
9  10  3  139.785  903.59  348.956
9  10  4  245.245  1716.26  584.382
9  10  5  485.466  3589.83  889.524
For row 9 and col 11, pedestal is 184.23
9  11  1  10.8685  41.6924  136.037
9  11  2  46.2084  290.671  118.126
9  11  3  89.4524  598.352  232.275
9  11  4  209.659  1475.95  515.955
9  11  5  392.806  2934.49  800.09
For row 10 and col 0, pedestal is 246.663
10  0  1  37.3326  246.002  84.0863
10  0  2  63.7035  470.144  211.662
10  0  3  151.665  936.739  318.494
10  0  4  333.967  2347.26  598.668
10  0  5  880.362  6197.67  1071.97
For row 10 and col 1, pedestal is 197.201
10  1  1  30.2965  202.657  117.16
10  1  2  56.9597  423.791  200.18
10  1  3  95.0548  588.189  268.381
10  1  4  294.466  2040.16  661.38
10  1  5  469.647  3270.91  972.995
For row 10 and col 2, pedestal is 219.344
10  2  1  41.7358  273.397  94.5194
10  2  2  88.5348  668.455  241.573
10  2  3  162.315  978.258  313.576
10  2  4  380.723  2624.7  650.281
10  2  5  719.639  4992.26  1159.68
For row 10 and col 3, pedestal is 216.602
10  3  1  22.4447  125.003  72.0686
10  3  2  53.9825  298.364  197.566
10  3  3  71.9313  470.549  229.783
10  3  4  138.623  906.107  426.033
10  3  5  301.956  2075.55  800.21
For row 10 and col 4, pedestal is 226.003
10  4  1  126.588  670.544  96.6402
10  4  2  243.133  1383.72  170.564
10  4  3  573.178  3511.56  367.234
10  4  4  1144.19  7144.63  667.366
10  4  5  1489.85  9962.63  851.847
For row 10 and col 5, pedestal is 192.936
10  5  1  75.8846  455.644  80.6522
10  5  2  195.357  1189.84  223.684
10  5  3  337.195  2406.69  359.387
10  5  4  656.502  4651.78  654.453
10  5  5  1388.52  10423.3  1169.43
For row 10 and col 6, pedestal is 219.558
10  6  1  71.4211  465.135  108.644
10  6  2  72.5802  564.31  117.21
10  6  3  235.803  1616.22  202.08
10  6  4  671.311  5177.99  573.889
10  6  5  386.732  3095.74  408.353
For row 10 and col 7, pedestal is 231.965
10  7  1  68.0369  451.385  91.017
10  7  2  150.229  1132.14  141.761
10  7  3  436.775  2886.39  337.153
10  7  4  702.555  5192.9  560.309
10  7  5  1595.68  12140.5  1103.18
For row 10 and col 8, pedestal is 202.75
10  8  1  64.7702  437.404  110.664
10  8  2  105.873  788.655  161.18
10  8  3  326.275  2045.84  418.078
10  8  4  536.54  3751.97  642.339
10  8  5  1207.85  8580.83  1247.81
For row 10 and col 9, pedestal is 198.949
10  9  1  109.848  646.665  122.354
10  9  2  166.442  949.222  190.405
10  9  3  394.254  2522.64  390.822
10  9  4  528.408  3663.01  543.17
10  9  5  1164.67  8573.83  997.48
For row 10 and col 10, pedestal is 237.527
10  10  1  76.2192  501.783  92.026
10  10  2  130.096  804.929  159.267
10  10  3  332.834  2238.71  373.163
10  10  4  399.754  2873.54  437.156
10  10  5  923.87  6957.37  874.901
For row 10 and col 11, pedestal is 231.414
10  11  1  62.7658  381.031  112.216
10  11  2  110.027  638.442  165.06
10  11  3  229.852  1499.88  312.097
10  11  4  435.775  3053.5  558.03
10  11  5  907.367  6744.15  1071.44
For row 11 and col 0, pedestal is 207.544
11  0  1  28.4026  169.486  238.372
11  0  2  73.2163  441.871  443.074
11  0  3  51.1881  322.902  207.409
11  0  4  284.78  1890.94  817.886
11  0  5  519.249  3381.91  1151.71
For row 11 and col 1, pedestal is 194.72
11  1  1  65.3924  406.971  103.799
11  1  2  112.539  800.638  211.394
11  1  3  310.672  1878.82  336.672
11  1  4  567.933  3773.62  589.853
11  1  5  1027.9  6801.7  925.506
For row 11 and col 2, pedestal is 238.626
11  2  1  53.1701  354.054  179.211
11  2  2  92.8301  672.048  197.992
11  2  3  189.366  1164.94  368.042
11  2  4  318.498  2126.22  562.83
11  2  5  876.057  5870.75  1159.84
For row 11 and col 3, pedestal is 193.756
11  3  1  51.3489  285.771  88.2895
11  3  2  119.808  685.942  206.097
11  3  3  238.661  1515.94  389.06
11  3  4  424.906  2644.16  634.756
11  3  5  662.262  4343.5  945.171
For row 11 and col 4, pedestal is 224.657
11  4  1  55.7868  365.796  59.3834
11  4  2  128.53  806.797  141.788
11  4  3  309.529  2086.48  332.575
11  4  4  585.988  3915.57  572.369
11  4  5  757.916  5274.62  760.709
For row 11 and col 5, pedestal is 223.977
11  5  1  60.7451  388.273  66.3393
11  5  2  159.438  980.77  191.157
11  5  3  273.959  1897.02  311.014
11  5  4  584.301  3971.46  658.401
11  5  5  1223.69  8723.8  1229.34
For row 11 and col 6, pedestal is 197.179
11  6  1  80.7454  531.221  171.892
11  6  2  132.803  940.536  224.912
11  6  3  317.01  1982.78  409.858
11  6  4  682.159  4787.38  760.538
11  6  5  1118.86  7996.71  1084.39
For row 11 and col 7, pedestal is 215.501
11  7  1  66.7916  400.349  201.636
11  7  2  96.6393  580.887  207.523
11  7  3  185.849  1251.45  332.274
11  7  4  497.724  3589.13  699.307
11  7  5  674.54  4887.08  842.776
For row 11 and col 8, pedestal is 196.69
11  8  1  32.7155  201.056  68.2952
11  8  2  84.5475  584.661  146.773
11  8  3  256.969  1527.35  376.301
11  8  4  427.834  2905.94  589.746
11  8  5  852.718  5859.99  1042.14
For row 11 and col 9, pedestal is 197.521
11  9  1  46.8169  270.528  83.8177
11  9  2  95.6634  547.656  198.419
11  9  3  10.8382  55.1771  129.585
11  9  4  19.7526  134.218  46.8455
11  9  5  708.144  5040.78  1094.13
For row 11 and col 10, pedestal is 227.946
11  10  1  40.1906  254.184  59.3299
11  10  2  60.1243  332.284  169.163
11  10  3  157.182  989.758  334.167
11  10  4  298.47  2003.79  609.633
11  10  5  461.806  3283.92  852.968
For row 11 and col 11, pedestal is 188.784
11  11  1  62.5815  379.394  90.43
11  11  2  100.573  567.896  159.94
11  11  3  182.24  1141.82  259.256
11  11  4  418.172  2843.39  570.011
11  11  5  846.434  6080.08  965.413
For row 12 and col 0, pedestal is 239.244
12  0  1  2.62219  -13.3865  nan
12  0  2  2.66292  -15.5136  nan
12  0  3  2.6227  -14.1345  nan
12  0  4  2.42171  -14.3623  nan
12  0  5  2.47705  -14.2345  nan
For row 12 and col 1, pedestal is 194.834
12  1  1  2.57523  -13.3156  nan
12  1  2  2.52147  -14.8323  nan
12  1  3  2.67517  -13.512  nan
12  1  4  2.41983  -14.0944  nan
12  1  5  2.58314  -13.9822  nan
For row 12 and col 2, pedestal is 215.751
12  2  1  2.72386  -14.172  nan
12  2  2  2.77349  -15.0996  nan
12  2  3  2.80649  -13.17  nan
12  2  4  2.71667  -14.4533  nan
12  2  5  2.62725  -14.4547  nan
For row 12 and col 3, pedestal is 217.309
12  3  1  2.3067  -13.7924  nan
12  3  2  2.22168  -13.0504  nan
12  3  3  2.30277  -13.6196  nan
12  3  4  2.23923  -13.9004  nan
12  3  5  2.23876  -14.688  nan
For row 12 and col 4, pedestal is 233.089
12  4  1  4.10947  -13.1227  nan
12  4  2  4.79934  -14.9292  nan
12  4  3  4.44335  -11.34  nan
12  4  4  3.48907  -11.6202  nan
12  4  5  3.9868  -12.8135  nan
For row 12 and col 5, pedestal is 208.684
12  5  1  5.31224  -17.5016  86.0041
12  5  2  4.54119  -19.473  nan
12  5  3  4.41846  -17.6502  nan
12  5  4  4.60776  -18.893  nan
12  5  5  4.46864  -18.0926  nan
For row 12 and col 6, pedestal is 205.24
12  6  1  5.51157  -10.0651  nan
12  6  2  5.66501  -10.903  nan
12  6  3  4.77035  -9.40079  nan
12  6  4  4.47996  -12.2311  nan
12  6  5  5.76541  -14.6836  nan
For row 12 and col 7, pedestal is 197.217
12  7  1  3.34481  -13.5575  nan
12  7  2  4.18879  -11.4779  nan
12  7  3  3.49718  -10.7046  nan
12  7  4  2.97112  -11.3486  nan
12  7  5  3.13305  -13.7631  nan
For row 12 and col 8, pedestal is 235.698
12  8  1  2.90047  -14.2714  nan
12  8  2  3.03973  -14.4579  nan
12  8  3  2.77001  -13.9145  nan
12  8  4  2.54639  -14.673  nan
12  8  5  2.73191  -15.9751  nan
For row 12 and col 9, pedestal is 231.311
12  9  1  2.93596  -14.5189  nan
12  9  2  2.94742  -14.2968  nan
12  9  3  3.13121  -12.9003  nan
12  9  4  2.8278  -13.7636  nan
12  9  5  2.85525  -15.0133  nan
For row 12 and col 10, pedestal is 215.874
12  10  1  2.53017  -13.4465  nan
12  10  2  2.68722  -13.6972  nan
12  10  3  2.69808  -12.9298  nan
12  10  4  2.57751  -14.0703  nan
12  10  5  2.62933  -14.8499  nan
For row 12 and col 11, pedestal is 184.576
12  11  1  2.53551  -12.4207  nan
12  11  2  2.66737  -13.1067  nan
12  11  3  2.53438  -12.0697  nan
12  11  4  2.49372  -11.9357  nan
12  11  5  2.53913  -14.0117  nan
For row 13 and col 0, pedestal is 169.563
13  0  1  3.03181  -15.5948  nan
13  0  2  3.10949  -15.7779  nan
13  0  3  3.06997  -16.4851  nan
13  0  4  2.98765  -15.8651  nan
13  0  5  3.07281  -16.0265  nan
For row 13 and col 1, pedestal is 199.401
13  1  1  2.24715  -12.8487  nan
13  1  2  2.22972  -14.0721  nan
13  1  3  2.20447  -13.9661  nan
13  1  4  2.13638  -14.0702  nan
13  1  5  2.17223  -14.3874  nan
For row 13 and col 2, pedestal is 215.295
13  2  1  2.66071  -14.4331  nan
13  2  2  3.23388  -13.1926  nan
13  2  3  2.81615  -14.6491  nan
13  2  4  2.74479  -13.2804  nan
13  2  5  2.83157  -15.4144  nan
For row 13 and col 3, pedestal is 196.689
13  3  1  3.15645  -15.9339  nan
13  3  2  2.95268  -15.4462  nan
13  3  3  3.03789  -15.0967  nan
13  3  4  2.95464  -14.7631  nan
13  3  5  3.00875  -16.3356  nan
For row 13 and col 4, pedestal is 205.477
13  4  1  2.82605  -15.0091  nan
13  4  2  3.41875  -14.9304  nan
13  4  3  2.93563  -15.5664  nan
13  4  4  2.64059  -15.1314  nan
13  4  5  2.78163  -15.6655  nan
For row 13 and col 5, pedestal is 204.311
13  5  1  3.61599  -15.9262  nan
13  5  2  3.7219  -12.7076  nan
13  5  3  3.97614  -13.5041  nan
13  5  4  3.79305  -14.0176  nan
13  5  5  4.06622  -14.5698  nan
For row 13 and col 6, pedestal is 151.189
13  6  1  3.00331  -14.6513  nan
13  6  2  4.44697  -12.031  nan
13  6  3  3.36897  -14.4836  nan
13  6  4  3.27638  -13.0111  nan
13  6  5  3.65351  -17.0483  nan
For row 13 and col 7, pedestal is 197.562
13  7  1  3.85093  -8.55625  nan
13  7  2  6.31784  -3.91855  nan
13  7  3  3.69088  -4.01519  nan
13  7  4  3.32258  -7.08536  nan
13  7  5  3.66535  -12.7993  nan
For row 13 and col 8, pedestal is 225.857
13  8  1  2.55696  -13.6952  nan
13  8  2  2.72814  -12.9613  nan
13  8  3  2.50726  -12.9266  nan
13  8  4  2.44096  -12.7116  nan
13  8  5  2.58312  -12.9667  nan
For row 13 and col 9, pedestal is 215.417
13  9  1  2.99743  -13.7915  nan
13  9  2  3.05949  -13.2072  nan
13  9  3  2.99571  -13.9701  nan
13  9  4  2.96551  -12.739  nan
13  9  5  2.94696  -13.7173  nan
For row 13 and col 10, pedestal is 196.747
13  10  1  2.71841  -15.0772  nan
13  10  2  3.13967  -13.7522  nan
13  10  3  2.68738  -15.9829  nan
13  10  4  2.63088  -14.5273  nan
13  10  5  2.78512  -15.1737  nan
For row 13 and col 11, pedestal is 211.985
13  11  1  2.65  -9.18716  nan
13  11  2  2.86887  -9.9765  nan
13  11  3  2.6259  -11.9586  nan
13  11  4  2.65504  -9.5691  nan
13  11  5  2.63551  -12.864  nan
For row 14 and col 0, pedestal is 203.413
14  0  1  2.66032  -13.456  nan
14  0  2  2.73184  -14.9486  nan
14  0  3  2.68867  -13.7529  nan
14  0  4  2.5757  -14.0006  nan
14  0  5  2.75034  -13.1325  nan
For row 14 and col 1, pedestal is 227.629
14  1  1  2.42804  -15.4494  nan
14  1  2  2.39737  -13.6769  nan
14  1  3  2.45363  -13.3329  nan
14  1  4  2.36143  -13.9828  nan
14  1  5  2.41273  -13.6473  nan
For row 14 and col 2, pedestal is 190.603
14  2  1  2.67307  -14.1615  nan
14  2  2  2.83064  -14.1366  nan
14  2  3  2.88183  -13.7849  nan
14  2  4  2.78967  -15.4489  nan
14  2  5  2.76624  -16.0579  nan
For row 14 and col 3, pedestal is 212.403
14  3  1  2.6522  -15.7224  nan
14  3  2  2.4649  -15.7819  nan
14  3  3  2.71693  -15.953  nan
14  3  4  2.73442  -16.4684  nan
14  3  5  3.26119  -15.3938  nan
For row 14 and col 4, pedestal is 186.245
14  4  1  4.65315  -12.1553  nan
14  4  2  7.09769  -10.8688  nan
14  4  3  4.87269  -9.88165  nan
14  4  4  4.07673  -11.7271  nan
14  4  5  4.71711  -13.2027  nan
For row 14 and col 5, pedestal is 218.864
14  5  1  2.61012  -15.1192  nan
14  5  2  2.54085  -14.521  nan
14  5  3  2.80794  -15.4026  nan
14  5  4  2.59496  -15.3141  nan
14  5  5  2.90232  -15.443  nan
For row 14 and col 6, pedestal is 181.48
14  6  1  4.43747  -15.357  nan
14  6  2  5.09541  -12.0248  nan
14  6  3  5.00245  -13.308  nan
14  6  4  4.22463  -15.1094  nan
14  6  5  5.63297  -20.4263  nan
For row 14 and col 7, pedestal is 228.557
14  7  1  4.25697  -12.6712  nan
14  7  2  5.96299  -8.55897  nan
14  7  3  5.15884  -9.8015  nan
14  7  4  4.34288  -12.6349  nan
14  7  5  5.46101  -18.5816  nan
For row 14 and col 8, pedestal is 201.822
14  8  1  2.64438  -10.8555  nan
14  8  2  2.6511  -11.3275  nan
14  8  3  2.69412  -10.2521  nan
14  8  4  2.61906  -10.0034  nan
14  8  5  2.6506  -11.8061  nan
For row 14 and col 9, pedestal is 213.755
14  9  1  2.78601  -14.0847  nan
14  9  2  2.89831  -11.7551  nan
14  9  3  2.84761  -12.6046  nan
14  9  4  2.69473  -12.6536  nan
14  9  5  2.7426  -14.7521  nan
For row 14 and col 10, pedestal is 239.169
14  10  1  2.38606  -13.5699  nan
14  10  2  2.81007  -13.491  nan
14  10  3  2.65734  -11.5854  nan
14  10  4  2.32294  -14.6389  nan
14  10  5  2.38006  -16.1677  nan
For row 14 and col 11, pedestal is 210.816
14  11  1  2.80872  -14.2466  nan
14  11  2  3.47492  -13.4228  nan
14  11  3  2.771  -13.3498  nan
14  11  4  2.51072  -13.8883  nan
14  11  5  2.82988  -13.7078  nan
For row 15 and col 0, pedestal is 232.798
15  0  1  2.67686  -14.9519  nan
15  0  2  2.73707  -15.4807  nan
15  0  3  2.91547  -15.433  nan
15  0  4  2.76945  -14.9389  nan
15  0  5  3.0694  -15.0155  nan
For row 15 and col 1, pedestal is 201.134
15  1  1  2.78584  -13.1126  nan
15  1  2  2.73999  -13.2271  nan
15  1  3  2.83933  -12.7562  nan
15  1  4  2.7469  -12.7721  nan
15  1  5  2.92214  -14.7734  nan
For row 15 and col 2, pedestal is 221.843
15  2  1  2.47873  -13.5554  nan
15  2  2  2.37581  -13.8989  nan
15  2  3  2.35643  -12.9704  nan
15  2  4  2.25885  -14.027  nan
15  2  5  2.37883  -14.7094  nan
For row 15 and col 3, pedestal is 175.359
15  3  1  2.24263  -14.3106  nan
15  3  2  2.26583  -14.2985  nan
15  3  3  2.20875  -15.8438  nan
15  3  4  2.14384  -14.4973  nan
15  3  5  2.36429  -14.6331  nan
For row 15 and col 4, pedestal is 213.154
15  4  1  4.55395  -16.4589  nan
15  4  2  3.73419  -15.5254  nan
15  4  3  4.75967  -13.6383  nan
15  4  4  4.18626  -12.8786  nan
15  4  5  4.34015  -16.3313  nan
For row 15 and col 5, pedestal is 181.634
15  5  1  4.21139  -14.7201  nan
15  5  2  3.67943  -13.1988  nan
15  5  3  3.9452  -11.8589  nan
15  5  4  3.48488  -12.9926  nan
15  5  5  4.40306  -12.5554  nan
For row 15 and col 6, pedestal is 220.464
15  6  1  3.16738  -14.665  nan
15  6  2  3.34538  -14.9784  nan
15  6  3  3.234  -14.8564  nan
15  6  4  2.98459  -11.3686  nan
15  6  5  3.20284  -16.6235  nan
For row 15 and col 7, pedestal is 224.176
15  7  1  4.48699  -7.39407  nan
15  7  2  5.19217  -6.16169  nan
15  7  3  4.76106  0.694224  nan
15  7  4  5.28518  0.350745  nan
15  7  5  6.4336  -7.11451  nan
For row 15 and col 8, pedestal is 176.184
15  8  1  2.33238  -14.6233  nan
15  8  2  2.55617  -14.53  nan
15  8  3  2.55427  -15.1286  nan
15  8  4  2.49909  -14.9509  nan
15  8  5  2.6641  -14.1579  nan
For row 15 and col 9, pedestal is 190.987
15  9  1  2.59899  -14.3931  nan
15  9  2  2.86054  -13.4244  nan
15  9  3  2.6489  -12.9063  nan
15  9  4  2.62957  -13.7016  nan
15  9  5  2.78174  -13.3728  nan
For row 15 and col 10, pedestal is 185.601
15  10  1  2.47915  -12.7186  nan
15  10  2  2.6336  -12.9944  nan
15  10  3  2.53116  -12.467  nan
15  10  4  2.3401  -13.4656  nan
15  10  5  2.51719  -12.5006  nan
For row 15 and col 11, pedestal is 206.706
15  11  1  2.56814  -15.682  nan
15  11  2  3.21099  -14.7851  nan
15  11  3  2.51335  -15.8734  nan
15  11  4  2.6182  -16.7805  nan
15  11  5  2.90198  -17.3144  nan
For row 16 and col 0, pedestal is 182.946
16  0  1  2.37085  -14.4073  nan
16  0  2  2.48321  -13.8562  nan
16  0  3  2.42287  -13.4656  nan
16  0  4  2.30827  -13.822  nan
16  0  5  2.39977  -13.6463  nan
For row 16 and col 1, pedestal is 218.601
16  1  1  2.38909  -12.5853  nan
16  1  2  2.43019  -12.627  nan
16  1  3  2.46981  -11.2252  nan
16  1  4  2.42113  -11.5514  nan
16  1  5  2.42968  -11.7977  nan
For row 16 and col 2, pedestal is 209.736
16  2  1  2.41231  -15.7555  nan
16  2  2  2.61322  -14.7546  nan
16  2  3  2.68107  -14.7405  nan
16  2  4  2.40145  -15.1787  nan
16  2  5  2.48823  -16.1825  nan
For row 16 and col 3, pedestal is 203.874
16  3  1  2.67507  -15.1741  nan
16  3  2  2.85854  -15.5749  nan
16  3  3  2.71095  -15.7395  nan
16  3  4  2.74077  -14.7358  nan
16  3  5  2.92063  -15.0327  nan
For row 16 and col 4, pedestal is 229.742
16  4  1  4.60344  -8.70348  nan
16  4  2  6.20752  -9.74259  nan
16  4  3  4.31056  -4.15331  nan
16  4  4  3.38231  -9.60617  nan
16  4  5  4.49253  -8.80872  nan
For row 16 and col 5, pedestal is 194.721
16  5  1  3.78342  -11.951  nan
16  5  2  3.69742  -13.4705  nan
16  5  3  4.04146  -9.31799  nan
16  5  4  3.69732  -10.569  nan
16  5  5  4.73898  -14.6107  nan
For row 16 and col 6, pedestal is 191.506
16  6  1  8.09506  -4.89589  nan
16  6  2  9.30956  -5.16282  nan
16  6  3  8.54349  2.39545  nan
16  6  4  8.13202  -1.93836  nan
16  6  5  8.30397  -3.77301  nan
For row 16 and col 7, pedestal is 221.902
16  7  1  7.93704  -1.95507  nan
16  7  2  9.42922  -3.48896  1337.88
16  7  3  8.50575  -0.45439  nan
16  7  4  6.84238  -5.38193  nan
16  7  5  6.89568  -7.63686  nan
For row 16 and col 8, pedestal is 191.758
16  8  1  3.25082  -13.5929  nan
16  8  2  3.31937  -10.3721  nan
16  8  3  3.46104  -11.1585  nan
16  8  4  3.27663  -11.5883  nan
16  8  5  3.46883  -15.9892  nan
For row 16 and col 9, pedestal is 217.165
16  9  1  3.01329  -13.9134  nan
16  9  2  3.89882  -15.3842  nan
16  9  3  3.06694  -17.7234  nan
16  9  4  2.85106  -16.7708  nan
16  9  5  3.32189  -16.9923  nan
For row 16 and col 10, pedestal is 212.655
16  10  1  3.13875  -13.9368  nan
16  10  2  3.20281  -12.404  nan
16  10  3  3.08943  -10.2591  nan
16  10  4  2.86882  -12.7157  nan
16  10  5  3.02876  -13.4472  nan
For row 16 and col 11, pedestal is 208.131
16  11  1  4.10486  -12.2458  nan
16  11  2  3.20283  -6.83303  nan
16  11  3  3.82771  -5.34059  nan
16  11  4  3.93111  -5.9772  nan
16  11  5  4.25785  -13.2697  nan
For row 17 and col 0, pedestal is 193.273
17  0  1  2.78203  -14.7285  nan
17  0  2  2.62328  -15.0443  nan
17  0  3  2.86259  -13.9359  nan
17  0  4  2.74008  -14.3878  nan
17  0  5  3.27856  -14.4865  nan
For row 17 and col 1, pedestal is 201.942
17  1  1  2.37588  -15.0918  nan
17  1  2  3.01729  -16.5885  nan
17  1  3  2.62578  -17.2269  nan
17  1  4  2.41261  -15.9952  nan
17  1  5  2.75823  -15.3336  nan
For row 17 and col 2, pedestal is 200.835
17  2  1  2.73171  -15.978  nan
17  2  2  2.88096  -16.3817  nan
17  2  3  2.63652  -15.354  nan
17  2  4  2.57951  -15.8327  nan
17  2  5  2.76149  -15.9588  nan
For row 17 and col 3, pedestal is 226.461
17  3  1  2.82648  -15.4647  nan
17  3  2  2.6363  -15.0635  nan
17  3  3  2.72303  -14.731  nan
17  3  4  2.31918  -14.5267  nan
17  3  5  2.80887  -15.2962  nan
For row 17 and col 4, pedestal is 211.584
17  4  1  4.79864  -11.3851  nan
17  4  2  4.77093  -11.1675  nan
17  4  3  5.26075  -6.60086  nan
17  4  4  4.591  -7.52362  nan
17  4  5  4.46377  -11.6728  nan
For row 17 and col 5, pedestal is 176.503
17  5  1  3.6463  -13.196  nan
17  5  2  4.30373  -13.0695  nan
17  5  3  3.55873  -12.3003  nan
17  5  4  3.2889  -12.0328  nan
17  5  5  3.8866  -14.45  nan
For row 17 and col 6, pedestal is 221.09
17  6  1  4.47825  -7.47808  nan
17  6  2  5.55914  -9.63564  nan
17  6  3  4.42575  -6.7579  nan
17  6  4  3.39797  -8.15852  nan
17  6  5  4.87869  -9.29473  nan
For row 17 and col 7, pedestal is 232.063
17  7  1  5.59245  -14.5726  nan
17  7  2  6.88546  -10.184  nan
17  7  3  6.08696  -5.17121  nan
17  7  4  4.94768  -9.39382  nan
17  7  5  6.73389  -16.793  nan
For row 17 and col 8, pedestal is 215.968
17  8  1  3.50654  -10.3567  nan
17  8  2  3.32045  -9.95735  nan
17  8  3  3.5604  -8.82975  nan
17  8  4  3.30742  -10.6644  nan
17  8  5  3.75962  -11.5221  nan
For row 17 and col 9, pedestal is 218.356
17  9  1  3.95187  -19.503  nan
17  9  2  3.83994  -18.1444  nan
17  9  3  4.20765  -18.8481  nan
17  9  4  3.65574  -17.6016  nan
17  9  5  4.37837  -19.6493  nan
For row 17 and col 10, pedestal is 206.413
17  10  1  2.65076  -11.4085  nan
17  10  2  3.3543  -12.4079  nan
17  10  3  2.76577  -11.7382  nan
17  10  4  2.61268  -12.8207  nan
17  10  5  2.82887  -12.3445  nan
For row 17 and col 11, pedestal is 244.201
17  11  1  4.45079  -10.8613  nan
17  11  2  7.73039  -5.59777  nan
17  11  3  5.16658  -9.23744  nan
17  11  4  4.34576  -9.74491  nan
17  11  5  6.43793  -14.2617  nan
For row 18 and col 0, pedestal is 211.092
18  0  1  2.3477  -14.6647  nan
18  0  2  2.51056  -14.0881  nan
18  0  3  2.45198  -13.6254  nan
18  0  4  2.22764  -14.3428  nan
18  0  5  2.55832  -14.4764  nan
For row 18 and col 1, pedestal is 217.057
18  1  1  2.64603  -11.0772  nan
18  1  2  2.59704  -11.3591  nan
18  1  3  2.58922  -10.604  nan
18  1  4  2.51005  -12.1212  nan
18  1  5  2.61562  -12.4546  nan
For row 18 and col 2, pedestal is 210.826
18  2  1  3.18416  -13.6102  nan
18  2  2  3.30822  -14.652  nan
18  2  3  3.40588  -13.8151  nan
18  2  4  3.10483  -14.6583  nan
18  2  5  3.30541  -13.8695  nan
For row 18 and col 3, pedestal is 242.157
18  3  1  2.86999  -15.2101  nan
18  3  2  2.73318  -14.1342  nan
18  3  3  2.86052  -15.5828  nan
18  3  4  2.61748  -15.4341  nan
18  3  5  2.90043  -16.1098  nan
For row 18 and col 4, pedestal is 195.875
18  4  1  4.11948  -12.8578  nan
18  4  2  4.11633  -11.3989  nan
18  4  3  4.85182  -11.3415  nan
18  4  4  3.99411  -13.7946  nan
18  4  5  3.63608  -13.1152  nan
For row 18 and col 5, pedestal is 190.264
18  5  1  4.7305  -11.8137  nan
18  5  2  4.66019  -10.0228  nan
18  5  3  5.8931  -9.29645  nan
18  5  4  4.63101  -9.90698  nan
18  5  5  5.69068  -12.9375  nan
For row 18 and col 6, pedestal is 209.788
18  6  1  4.78552  -12.3356  nan
18  6  2  4.09822  -13.8355  nan
18  6  3  4.19562  -7.70099  nan
18  6  4  3.35831  -13.5029  nan
18  6  5  4.85906  -18.1558  nan
For row 18 and col 7, pedestal is 230.887
18  7  1  4.40985  -12.6982  nan
18  7  2  4.78062  -10.9142  nan
18  7  3  4.82632  -12.3168  nan
18  7  4  3.68815  -13.2025  nan
18  7  5  5.01651  -16.3572  nan
For row 18 and col 8, pedestal is 240.198
18  8  1  3.12217  -13.5336  nan
18  8  2  3.37136  -12.9168  nan
18  8  3  3.2765  -12.4369  nan
18  8  4  3.256  -10.769  nan
18  8  5  3.32096  -12.4613  nan
For row 18 and col 9, pedestal is 232.614
18  9  1  2.99382  -12.1701  nan
18  9  2  2.98343  -11.0863  nan
18  9  3  3.24524  -11.5042  nan
18  9  4  2.82562  -12.4571  nan
18  9  5  2.9621  -11.9281  nan
For row 18 and col 10, pedestal is 218.314
18  10  1  2.79257  -13.5197  nan
18  10  2  2.78497  -12.0491  nan
18  10  3  2.61327  -12.9518  nan
18  10  4  2.56037  -12.8995  nan
18  10  5  2.77858  -14.8376  nan
For row 18 and col 11, pedestal is 184
18  11  1  3.31743  -11.4169  nan
18  11  2  3.92772  -12.0059  nan
18  11  3  3.38833  -12.2384  nan
18  11  4  3.59396  -11.4078  nan
18  11  5  3.78864  -13.4549  nan
For row 19 and col 0, pedestal is 190.58
19  0  1  2.6481  -17.2589  nan
19  0  2  2.43916  -16.6753  nan
19  0  3  2.8182  -18.6998  nan
19  0  4  2.64668  -17.2497  nan
19  0  5  2.76891  -17.0495  nan
For row 19 and col 1, pedestal is 221.719
19  1  1  2.41665  -15.4732  nan
19  1  2  2.55943  -14.0835  nan
19  1  3  2.42026  -13.7048  nan
19  1  4  2.1272  -14.2661  nan
19  1  5  2.46271  -14.9076  nan
For row 19 and col 2, pedestal is 251.481
19  2  1  2.3371  -13.2849  nan
19  2  2  2.58227  -14.0952  nan
19  2  3  2.39394  -11.8336  nan
19  2  4  2.2449  -14.6692  nan
19  2  5  2.46852  -12.9728  nan
For row 19 and col 3, pedestal is 232.742
19  3  1  2.54643  -14.9513  nan
19  3  2  2.60902  -14.9406  nan
19  3  3  2.66389  -14.8389  nan
19  3  4  2.27349  -14.0535  nan
19  3  5  2.47768  -15.3731  nan
For row 19 and col 4, pedestal is 204.392
19  4  1  4.08964  -14.4173  nan
19  4  2  4.93646  -16.5775  nan
19  4  3  4.17027  -18.6461  nan
19  4  4  4.12625  -14.9406  nan
19  4  5  3.99544  -15.7012  nan
For row 19 and col 5, pedestal is 219.255
19  5  1  2.8655  -17.1054  nan
19  5  2  3.30311  -18.0666  nan
19  5  3  2.82711  -16.2514  nan
19  5  4  2.48289  -16.2947  nan
19  5  5  2.69414  -17.1407  nan
For row 19 and col 6, pedestal is 220.274
19  6  1  2.74242  -12.0922  nan
19  6  2  3.73966  -12.8478  nan
19  6  3  2.86028  -12.3517  nan
19  6  4  2.61562  -10.0745  nan
19  6  5  2.78067  -14.2471  nan
For row 19 and col 7, pedestal is 238.024
19  7  1  4.26417  -15.5799  nan
19  7  2  4.56682  -13.1787  nan
19  7  3  6.24294  -13.5114  nan
19  7  4  4.23281  -12.9111  nan
19  7  5  6.14694  -16.5506  nan
For row 19 and col 8, pedestal is 208.936
19  8  1  2.27421  -13.7525  nan
19  8  2  2.3559  -13.824  nan
19  8  3  2.4279  -14.1152  nan
19  8  4  2.28232  -13.087  nan
19  8  5  2.50882  -15.5623  nan
For row 19 and col 9, pedestal is 184.308
19  9  1  2.1632  -14.338  nan
19  9  2  2.08231  -14.4846  nan
19  9  3  2.10625  -14.2578  nan
19  9  4  2.03679  -15.1623  nan
19  9  5  2.08446  -15.697  nan
For row 19 and col 10, pedestal is 200.944
19  10  1  2.29749  -16.2117  nan
19  10  2  2.46929  -15.6601  nan
19  10  3  2.37285  -15.2814  nan
19  10  4  2.36256  -14.7302  nan
19  10  5  2.4533  -16.7965  nan
For row 19 and col 11, pedestal is 195.971
19  11  1  2.46621  -13.5393  nan
19  11  2  2.8894  -12.0867  nan
19  11  3  2.78292  -13.278  nan
19  11  4  2.40034  -13.3997  nan
19  11  5  2.68818  -14.4447  nan
For row 20 and col 0, pedestal is 238.124
20  0  1  2.56731  -12.6296  nan
20  0  2  2.71421  -11.9658  nan
20  0  3  2.56527  -13.098  nan
20  0  4  2.4066  -11.923  nan
20  0  5  2.66393  -12.5767  nan
For row 20 and col 1, pedestal is 233.369
20  1  1  2.50736  -15.0368  nan
20  1  2  2.77337  -15.5535  nan
20  1  3  2.61863  -13.7101  nan
20  1  4  2.39282  -14.5893  nan
20  1  5  2.63834  -14.7565  nan
For row 20 and col 2, pedestal is 211.835
20  2  1  2.63853  -13.6445  nan
20  2  2  2.65548  -14.7316  nan
20  2  3  3.01031  -14.5692  nan
20  2  4  2.56667  -14.1738  nan
20  2  5  2.9552  -14.2788  nan
For row 20 and col 3, pedestal is 214.009
20  3  1  3.24554  -12.2226  nan
20  3  2  3.03812  -14.1405  nan
20  3  3  3.5075  -12.874  nan
20  3  4  2.92745  -12.3068  nan
20  3  5  3.35212  -14.58  nan
For row 20 and col 4, pedestal is 170.258
20  4  1  5.47154  -4.67451  nan
20  4  2  6.2446  -5.30694  nan
20  4  3  5.03982  -3.04297  nan
20  4  4  3.73915  -6.80353  nan
20  4  5  4.18556  -6.43982  nan
For row 20 and col 5, pedestal is 186.504
20  5  1  4.69203  -8.66932  nan
20  5  2  4.17513  -9.98776  nan
20  5  3  4.69577  -9.21201  nan
20  5  4  4.19488  -12.2771  nan
20  5  5  4.58601  -9.86791  nan
For row 20 and col 6, pedestal is 220.213
20  6  1  4.63144  -6.73489  nan
20  6  2  6.06431  -7.72659  4991.63
20  6  3  4.61992  1.66999  nan
20  6  4  4.06359  -1.95415  nan
20  6  5  4.82824  -10.9124  nan
For row 20 and col 7, pedestal is 193.398
20  7  1  5.08055  -8.39166  nan
20  7  2  4.60502  -5.47097  nan
20  7  3  5.52381  -4.41112  nan
20  7  4  4.87611  -5.79255  nan
20  7  5  6.36074  -11.9853  nan
For row 20 and col 8, pedestal is 212.479
20  8  1  2.43724  -10.8888  nan
20  8  2  2.57272  -11.0245  nan
20  8  3  2.56893  -10.0299  nan
20  8  4  2.36939  -11.3039  nan
20  8  5  2.39832  -12.2189  nan
For row 20 and col 9, pedestal is 209.319
20  9  1  2.70812  -10.917  nan
20  9  2  2.50143  -11.6973  nan
20  9  3  2.84603  -11.223  nan
20  9  4  2.76124  -12.4553  nan
20  9  5  2.8234  -13.6373  nan
For row 20 and col 10, pedestal is 222.846
20  10  1  2.70663  -13.4651  nan
20  10  2  2.59799  -10.3903  nan
20  10  3  2.7749  -12.1492  nan
20  10  4  2.56392  -13.3577  nan
20  10  5  2.71064  -11.145  nan
For row 20 and col 11, pedestal is 208.715
20  11  1  2.78596  -12.5037  nan
20  11  2  2.76477  -13.2463  nan
20  11  3  2.90166  -10.8064  nan
20  11  4  2.63063  -12.8365  nan
20  11  5  2.80493  -11.4495  nan
For row 21 and col 0, pedestal is 220.643
21  0  1  2.41958  -17.5471  nan
21  0  2  2.46871  -17.6345  nan
21  0  3  2.4145  -18.8241  nan
21  0  4  2.25372  -18.482  nan
21  0  5  2.53689  -18.6268  nan
For row 21 and col 1, pedestal is 293.527
21  1  1  2.76266  -16.2218  nan
21  1  2  3.02427  -16.0956  nan
21  1  3  3.27316  -16.0668  nan
21  1  4  2.62247  -16.0003  nan
21  1  5  2.90564  -13.5985  nan
For row 21 and col 2, pedestal is 214.349
21  2  1  3.01746  -16.3102  nan
21  2  2  2.91189  -15.7564  nan
21  2  3  2.95702  -14.6552  nan
21  2  4  2.67601  -15.4453  nan
21  2  5  2.96452  -14.4079  nan
For row 21 and col 3, pedestal is 254.956
21  3  1  3.39617  -15.2555  nan
21  3  2  2.88838  -15.5321  nan
21  3  3  3.17303  -14.4087  nan
21  3  4  2.86919  -16.2197  nan
21  3  5  3.13978  -15.2544  nan
For row 21 and col 4, pedestal is 205.43
21  4  1  7.12387  -9.98187  nan
21  4  2  6.86242  -9.449  nan
21  4  3  7.1463  -6.80313  nan
21  4  4  5.38513  -11.1102  nan
21  4  5  6.18318  -10.5497  nan
For row 21 and col 5, pedestal is 187.746
21  5  1  4.69972  -11.6158  nan
21  5  2  4.27269  -14.8552  nan
21  5  3  5.15353  -11.1147  nan
21  5  4  4.3136  -14.6657  nan
21  5  5  4.53483  -12.8031  nan
For row 21 and col 6, pedestal is 240.041
21  6  1  5.07814  -14.9608  nan
21  6  2  4.9263  -14.9009  nan
21  6  3  4.44272  -12.4407  nan
21  6  4  3.51191  -14.4334  nan
21  6  5  4.22606  -15.6719  nan
For row 21 and col 7, pedestal is 247.569
21  7  1  3.87405  -11.8575  nan
21  7  2  4.76693  -8.92108  nan
21  7  3  4.37299  -6.69533  nan
21  7  4  3.88162  -6.6144  nan
21  7  5  4.85877  -13.2009  nan
For row 21 and col 8, pedestal is 240.256
21  8  1  3.35588  -12.2938  nan
21  8  2  3.27502  -12.0187  nan
21  8  3  3.31201  -10.0422  nan
21  8  4  3.00906  -10.9097  nan
21  8  5  3.51819  -13.6499  nan
For row 21 and col 9, pedestal is 248.393
21  9  1  3.18743  -14.4396  nan
21  9  2  3.08219  -16.3769  nan
21  9  3  3.0536  -13.8672  nan
21  9  4  2.76099  -14.3544  nan
21  9  5  3.03856  -15.0132  nan
For row 21 and col 10, pedestal is 234.102
21  10  1  3.00564  -13.9686  nan
21  10  2  2.81841  -13.0034  nan
21  10  3  2.87424  -13.3852  nan
21  10  4  2.84188  -15.1608  nan
21  10  5  3.24541  -14.4997  nan
For row 21 and col 11, pedestal is 220.082
21  11  1  2.65166  -12.7986  nan
21  11  2  2.89162  -9.01511  nan
21  11  3  3.2317  -7.08519  nan
21  11  4  2.69351  -8.42226  nan
21  11  5  3.37302  -11.4969  nan
For row 22 and col 0, pedestal is 267.568
22  0  1  3.44661  -14.1161  nan
22  0  2  3.13096  -14.6097  nan
22  0  3  3.60237  -13.2013  nan
22  0  4  3.11369  -13.8794  nan
22  0  5  3.75932  -15.2119  nan
For row 22 and col 1, pedestal is 224.541
22  1  1  3.35001  -15.0638  nan
22  1  2  4.87798  -10.2675  nan
22  1  3  3.82372  -12.572  nan
22  1  4  3.16422  -13.8872  nan
22  1  5  4.16189  -14.6764  nan
For row 22 and col 2, pedestal is 246.031
22  2  1  3.33891  -17.313  nan
22  2  2  2.99533  -17.0601  nan
22  2  3  3.36503  -16.4618  nan
22  2  4  2.9479  -16.86  nan
22  2  5  3.55857  -16.3862  nan
For row 22 and col 3, pedestal is 254.152
22  3  1  2.88819  -16.1578  nan
22  3  2  3.29631  -16.7516  nan
22  3  3  3.2486  -18.3386  nan
22  3  4  2.75669  -17.5361  nan
22  3  5  3.5351  -18.6994  nan
For row 22 and col 4, pedestal is 218.14
22  4  1  5.10246  -20.5059  nan
22  4  2  6.64141  -16.4738  nan
22  4  3  5.19511  -21.3763  nan
22  4  4  4.18562  -19.9118  nan
22  4  5  4.63201  -21.1106  nan
For row 22 and col 5, pedestal is 231.699
22  5  1  5.41581  -16.0104  nan
22  5  2  5.06228  -10.5716  nan
22  5  3  5.80086  -16.7124  nan
22  5  4  4.15022  -12.6309  nan
22  5  5  5.03688  -14.9421  nan
For row 22 and col 6, pedestal is 250.871
22  6  1  4.03053  -13.2315  nan
22  6  2  6.18311  -12.7504  nan
22  6  3  3.84963  -15.1028  nan
22  6  4  3.31619  -14.375  nan
22  6  5  4.24083  -13.8272  nan
For row 22 and col 7, pedestal is 246.44
22  7  1  5.40594  -10.6446  nan
22  7  2  7.25489  -11.8542  nan
22  7  3  5.63024  -11.4067  nan
22  7  4  6.36276  -13.274  nan
22  7  5  6.75462  -15.0629  nan
For row 22 and col 8, pedestal is 236.97
22  8  1  2.95196  -14.2172  nan
22  8  2  2.85594  -13.1587  nan
22  8  3  3.17048  -12.9195  nan
22  8  4  2.82899  -12.7788  nan
22  8  5  3.12777  -13.9169  nan
For row 22 and col 9, pedestal is 207.236
22  9  1  3.01164  -9.88972  nan
22  9  2  3.01838  -12.1141  nan
22  9  3  2.88455  -10.9352  nan
22  9  4  2.84156  -10.2365  nan
22  9  5  2.98496  -11.7837  nan
For row 22 and col 10, pedestal is 229.481
22  10  1  3.09292  -16.687  nan
22  10  2  3.46168  -15.4833  nan
22  10  3  2.96897  -15.644  nan
22  10  4  2.88727  -14.0379  nan
22  10  5  3.04338  -17.2493  nan
For row 22 and col 11, pedestal is 223.443
22  11  1  2.67679  -15.2424  nan
22  11  2  3.02826  -16.9775  nan
22  11  3  2.70811  -14.878  nan
22  11  4  2.64668  -16.556  nan
22  11  5  3.08466  -15.7589  nan
For row 23 and col 0, pedestal is 230.255
23  0  1  3.33592  -16.2339  nan
23  0  2  2.78894  -15.824  nan
23  0  3  3.76139  -18.0385  nan
23  0  4  2.98876  -19.1897  nan
23  0  5  3.24466  -16.2242  nan
For row 23 and col 1, pedestal is 201.64
23  1  1  2.41957  -20.1474  nan
23  1  2  2.45223  -17.6206  nan
23  1  3  2.51545  -19.1583  nan
23  1  4  2.23109  -15.6452  nan
23  1  5  2.24177  -18.2205  nan
For row 23 and col 2, pedestal is 226.813
23  2  1  2.76868  -12.4346  nan
23  2  2  2.98598  -12.4071  nan
23  2  3  2.97498  -13.5363  nan
23  2  4  2.64587  -13.847  nan
23  2  5  3.07635  -15.9905  nan
For row 23 and col 3, pedestal is 239.064
23  3  1  2.21297  -15.1442  nan
23  3  2  2.312  -16.7304  nan
23  3  3  2.2624  -15.9683  nan
23  3  4  2.19833  -16.1046  nan
23  3  5  2.32085  -15.8336  nan
For row 23 and col 4, pedestal is 231.648
23  4  1  4.48047  -13.9976  nan
23  4  2  4.88319  -11.4575  nan
23  4  3  5.86543  -14.6293  nan
23  4  4  4.41866  -12.8624  nan
23  4  5  6.14878  -13.14  nan
For row 23 and col 5, pedestal is 233.044
23  5  1  2.95851  -15.0644  nan
23  5  2  2.87712  -15.5376  nan
23  5  3  3.22535  -14.955  nan
23  5  4  2.8984  -16.8947  nan
23  5  5  2.87806  -18.8562  nan
For row 23 and col 6, pedestal is 224.199
23  6  1  5.4688  -14.5886  nan
23  6  2  10.4863  -13.6053  236.201
23  6  3  6.27479  -16.2371  nan
23  6  4  5.42733  -14.7616  nan
23  6  5  6.90723  -15.8666  nan
For row 23 and col 7, pedestal is 189.717
23  7  1  5.01583  -14.0593  nan
23  7  2  5.25516  -16.9112  nan
23  7  3  5.81107  -15.0982  nan
23  7  4  5.18715  -15.6853  nan
23  7  5  5.43335  -16.9064  nan
For row 23 and col 8, pedestal is 215.272
23  8  1  2.6327  -16.0747  nan
23  8  2  2.98411  -14.7  nan
23  8  3  2.72076  -16.0257  nan
23  8  4  2.60121  -14.4362  nan
23  8  5  2.72926  -16.7908  nan
For row 23 and col 9, pedestal is 194.901
23  9  1  2.87164  -15.9665  nan
23  9  2  2.99  -15.8047  nan
23  9  3  2.7791  -14.9244  nan
23  9  4  2.57156  -17.3809  nan
23  9  5  2.95284  -15.7137  nan
For row 23 and col 10, pedestal is 197.152
23  10  1  2.28097  -12.1735  nan
23  10  2  2.34968  -10.6431  nan
23  10  3  2.5146  -14.2689  nan
23  10  4  2.40262  -11.5844  nan
23  10  5  2.45304  -13.5763  nan
For row 23 and col 11, pedestal is 249.281
23  11  1  2.86427  -14.0095  nan
23  11  2  3.52146  -9.38882  nan
23  11  3  2.99426  -10.3348  nan
23  11  4  2.63964  -12.4949  nan
23  11  5  3.18028  -13.6871  nan
