#All information for run 1397.
#Row Col LED <Max> <Int> NPE
For row 12 and col 0, pedestal is 237.944
12  0  1  7.6533  3.77576  46.6283
12  0  2  7.59663  6.85609  28.7206
12  0  3  8.08819  5.02205  42.8912
12  0  4  6.30977  0.801588  47.6171
12  0  5  6.22652  1.93424  54.3953
For row 12 and col 1, pedestal is 194.071
12  1  1  5.32482  1.63435  48.7073
12  1  2  5.18992  4.43634  36.2353
12  1  3  5.60923  0.705331  52.1403
12  1  4  6.25747  -0.423167  62.1357
12  1  5  5.56579  -1.32682  51.0712
For row 12 and col 2, pedestal is 214.428
12  2  1  5.45301  8.79759  42.5714
12  2  2  6.34754  12.4355  35.9594
12  2  3  5.21432  10.9143  36.232
12  2  4  4.86378  10.248  33.4143
12  2  5  4.82937  5.30206  27.7154
For row 12 and col 3, pedestal is 215.494
12  3  1  6.18316  14.7068  35.9186
12  3  2  5.98191  19.1956  45.2112
12  3  3  5.73718  13.8129  41.4345
12  3  4  6.41978  20.0376  56.3377
12  3  5  6.91206  16.5459  49.1831
For row 12 and col 4, pedestal is 232.051
12  4  1  55.033  343.608  54.7393
12  4  2  103.361  617.688  117.406
12  4  3  231.467  1594.43  241.153
12  4  4  865.536  5546.76  644.258
12  4  5  2187.28  15886.1  1483.83
For row 12 and col 5, pedestal is 207.511
12  5  1  19.4906  17.0631  74.7887
12  5  2  17.5964  24.5377  169.013
12  5  3  18.9202  15.7872  88.4103
12  5  4  23.7184  20.4204  192.81
12  5  5  19.659  13.3497  241.117
For row 12 and col 6, pedestal is 203.322
12  6  1  33.4523  56.6151  70.8409
12  6  2  23.8546  62.1099  189.21
12  6  3  25.9716  24.5895  70.8802
12  6  4  29.081  25.8997  239.213
12  6  5  20.9773  16.5848  245.524
For row 12 and col 7, pedestal is 196.06
12  7  1  22.363  23.1011  109.247
12  7  2  18.7405  5.60399  116.809
12  7  3  14.5626  -3.34948  134.587
12  7  4  19.9887  -4.22671  73.6349
12  7  5  17.9428  -3.65611  292.456
For row 12 and col 8, pedestal is 233.996
12  8  1  12.6923  3.32355  51.5342
12  8  2  9.89721  -1.63063  51.278
12  8  3  10.2487  0.518975  64.6133
12  8  4  13.3551  0.552668  92.1308
12  8  5  9.66438  -4.16939  98.9658
For row 12 and col 9, pedestal is 229.534
12  9  1  6.57121  12.6252  64.9499
12  9  2  7.16824  13.1407  55.0421
12  9  3  8.50363  9.97679  35.9484
12  9  4  10.1078  17.7074  55.3105
12  9  5  8.87047  10.7574  53.1999
For row 12 and col 10, pedestal is 214.158
12  10  1  8.09379  13.367  36.6856
12  10  2  8.7246  16.9808  41.2595
12  10  3  6.39365  9.65026  91.1009
12  10  4  8.40257  9.70512  74.4929
12  10  5  6.89764  8.61468  71.812
For row 12 and col 11, pedestal is 182.966
12  11  1  6.83473  14.9946  46.9259
12  11  2  7.36061  12.7936  36.1461
12  11  3  5.70644  9.6739  54.0027
12  11  4  6.67359  7.74773  53.0462
12  11  5  7.1997  6.52744  65.1669
For row 13 and col 0, pedestal is 168.788
13  0  1  6.29101  -9.27044  24.7265
13  0  2  5.31449  -8.48027  29.7863
13  0  3  5.06629  -7.89458  24.0739
13  0  4  6.47425  -4.47279  27.24
13  0  5  5.77818  -5.9848  26.6662
For row 13 and col 1, pedestal is 198.894
13  1  1  7.46478  -7.42089  43.8341
13  1  2  7.51758  -10.2088  36.4125
13  1  3  5.82936  -8.37867  47.2725
13  1  4  6.72505  -6.11545  43.2756
13  1  5  6.60564  -6.33878  42.6071
For row 13 and col 2, pedestal is 214.325
13  2  1  5.203  -3.19124  33.8075
13  2  2  5.50039  -0.404178  35.317
13  2  3  4.17237  -0.598778  26.9993
13  2  4  3.94408  -3.82207  29.5813
13  2  5  4.37915  -4.78276  34.6564
For row 13 and col 3, pedestal is 194.697
13  3  1  6.45056  8.03879  38.7854
13  3  2  7.87911  6.25932  53.877
13  3  3  6.04654  5.70449  35.0766
13  3  4  6.36846  13.0422  37.5279
13  3  5  6.24009  8.83897  42.2025
For row 13 and col 4, pedestal is 204.681
13  4  1  13.1953  11.6852  64.2981
13  4  2  9.70537  6.3268  84.9455
13  4  3  10.4147  8.17614  117.258
13  4  4  10.9538  7.97028  91.9823
13  4  5  10.9676  5.30687  121.283
For row 13 and col 5, pedestal is 203.178
13  5  1  82.0143  493.471  110.65
13  5  2  159.094  946.402  183.054
13  5  3  288.405  1980.08  331.295
13  5  4  752.951  4901.78  790.659
13  5  5  2323.37  17134.1  1797.24
For row 13 and col 6, pedestal is 149.823
13  6  1  16.4683  -8.86735  64.225
13  6  2  17.1942  -2.44177  185.404
13  6  3  12.3015  -9.3767  119.406
13  6  4  12.9136  -18.1964  153.886
13  6  5  14.3661  -21.0995  91.8683
For row 13 and col 7, pedestal is 196.54
13  7  1  17.085  -1.71237  111.706
13  7  2  20.67  -4.3157  223.812
13  7  3  14.3166  -14.5908  169.167
13  7  4  14.4797  -17.2702  212.933
13  7  5  16.2307  -17.3111  100.873
For row 13 and col 8, pedestal is 224.835
13  8  1  7.93782  -3.32841  54.2119
13  8  2  6.80744  -6.49899  58.209
13  8  3  5.90054  -4.82329  52.9323
13  8  4  7.65306  -5.5882  71.9363
13  8  5  6.28045  -5.74026  47.4432
For row 13 and col 9, pedestal is 214.424
13  9  1  6.8791  17.6422  45.147
13  9  2  8.80657  21.7855  29.2767
13  9  3  6.62665  13.6593  38.2264
13  9  4  8.40178  20.0883  30.3847
13  9  5  9.98655  12.0436  45.0526
For row 13 and col 10, pedestal is 195.708
13  10  1  6.71629  10.6035  40.0652
13  10  2  7.97834  10.9091  33.7877
13  10  3  5.96542  7.25786  32.0288
13  10  4  11.4859  19.5605  66.4258
13  10  5  8.96019  2.89463  43.9628
For row 13 and col 11, pedestal is 211.034
13  11  1  6.34136  3.06586  35.4425
13  11  2  5.86419  2.7729  41.8691
13  11  3  5.23064  2.83226  45.9729
13  11  4  5.69342  0.359916  42.5978
13  11  5  7.23064  -3.63601  65.7349
For row 14 and col 0, pedestal is 201.984
14  0  1  6.95707  -12.2971  48.6661
14  0  2  7.09553  -7.14002  50.9024
14  0  3  5.587  -15.142  50.2528
14  0  4  5.96614  -12.3133  55.8011
14  0  5  8.03801  -15.2301  62.3273
For row 14 and col 1, pedestal is 227.118
14  1  1  6.65069  5.59625  31.2347
14  1  2  7.81174  8.70942  51.6249
14  1  3  6.92012  9.67213  61.498
14  1  4  7.35436  9.10201  58.8931
14  1  5  6.62497  6.31918  48.7884
For row 14 and col 2, pedestal is 188.843
14  2  1  7.51555  7.18427  37.9463
14  2  2  7.32653  7.20801  43.9372
14  2  3  6.55975  3.99358  49.9079
14  2  4  7.42994  10.6446  42.3489
14  2  5  5.86191  10.8163  48.9154
For row 14 and col 3, pedestal is 211.767
14  3  1  6.77646  -0.471327  45.2969
14  3  2  5.81528  -3.65828  39.2432
14  3  3  6.1751  -1.18625  39.1228
14  3  4  6.77796  3.51996  55.2899
14  3  5  6.42475  -4.41976  46.0468
For row 14 and col 4, pedestal is 185.819
14  4  1  26.7867  27.0799  282.905
14  4  2  15.9662  12.6202  180.776
14  4  3  14.3438  7.53505  56.6
14  4  4  17.1329  27.1556  88.8886
14  4  5  15.2097  20.9079  97.0511
For row 14 and col 5, pedestal is 217.274
14  5  1  9.03653  -5.48428  84.7437
14  5  2  14.7953  -10.9157  113.326
14  5  3  11.7015  -9.15179  100.988
14  5  4  11.1932  -0.261598  90.4925
14  5  5  9.80883  -8.88706  70.8713
For row 14 and col 6, pedestal is 180.728
14  6  1  35.971  9.32504  204.715
14  6  2  20.5636  -1.94096  244.054
14  6  3  17.9655  -7.09135  176.776
14  6  4  20.4519  -13.2286  312.28
14  6  5  23.2654  -17.8054  369.02
For row 14 and col 7, pedestal is 227.371
14  7  1  19.3895  34.8491  151.909
14  7  2  17.1982  32.6253  147.099
14  7  3  18.244  13.6098  156.926
14  7  4  22.7111  26.5814  425.084
14  7  5  27.3348  5.45093  254.666
For row 14 and col 8, pedestal is 200.864
14  8  1  8.10581  17.959  27.1225
14  8  2  7.20427  17.6443  52.8021
14  8  3  5.39739  16.1718  34.1495
14  8  4  6.12634  20.8434  39.7567
14  8  5  5.41678  14.949  48.9433
For row 14 and col 9, pedestal is 212.438
14  9  1  9.7842  30.9251  48.0197
14  9  2  7.58112  24.6302  67.8784
14  9  3  6.36603  21.7127  48.5722
14  9  4  7.12558  27.9612  65.5449
14  9  5  5.9198  18.0527  43.6625
For row 14 and col 10, pedestal is 237.988
14  10  1  7.81381  14.819  48.6856
14  10  2  7.04661  15.1495  29.9821
14  10  3  5.8044  10.5691  44.0361
14  10  4  7.3678  9.42729  63.7169
14  10  5  5.73908  6.48196  57.9443
For row 14 and col 11, pedestal is 209.762
14  11  1  6.44883  15.2411  55.0386
14  11  2  7.46039  14.602  41.327
14  11  3  6.47912  13.3445  40.3356
14  11  4  8.30181  15.0935  54.2179
14  11  5  5.556  11.3884  61.1871
For row 15 and col 0, pedestal is 231.526
15  0  1  8.61165  -8.39843  38.9634
15  0  2  9.54131  -2.51387  79.4244
15  0  3  9.06208  -8.0306  85.0908
15  0  4  9.58056  0.869637  111.201
15  0  5  11.0909  2.61929  103.285
For row 15 and col 1, pedestal is 199.928
15  1  1  9.73797  3.46236  48.0406
15  1  2  9.20445  13.353  72.2468
15  1  3  8.08032  10.6211  88.8921
15  1  4  7.51416  11.493  75.0475
15  1  5  7.94627  12.8279  90.8266
For row 15 and col 2, pedestal is 221.223
15  2  1  5.92883  -0.431579  27.0032
15  2  2  8.43052  0.555145  51.1842
15  2  3  7.57389  0.764486  42.6264
15  2  4  8.17435  8.32382  53.1777
15  2  5  7.75596  5.04849  55.2076
For row 15 and col 3, pedestal is 173.313
15  3  1  5.04307  11.0617  34.8596
15  3  2  7.57803  11.8569  56.8284
15  3  3  4.91653  12.1761  40.8499
15  3  4  5.81864  18.7705  54.1934
15  3  5  6.69021  15.371  44.1827
For row 15 and col 4, pedestal is 211.966
15  4  1  22.7816  -7.21314  57.438
15  4  2  26.4584  -10.0229  100.426
15  4  3  16.4179  -8.62655  87.8471
15  4  4  17.6216  -10.999  235.642
15  4  5  14.6147  -13.9848  198.713
For row 15 and col 5, pedestal is 179.654
15  5  1  22.8549  25.8856  353.58
15  5  2  30.2536  17.4751  129.615
15  5  3  24.3939  10.3756  149.261
15  5  4  21.3487  19.8624  241.897
15  5  5  20.8772  10.0899  235.216
For row 15 and col 6, pedestal is 219.036
15  6  1  23.458  28.0294  75.426
15  6  2  18.9189  41.1852  279.27
15  6  3  24.9629  32.5583  74.7636
15  6  4  27.2678  54.2542  89.588
15  6  5  18.1527  27.9228  102.12
For row 15 and col 7, pedestal is 223.37
15  7  1  35.3276  64.1641  80.449
15  7  2  45.2695  55.8786  53.2593
15  7  3  38.7238  47.4058  210.009
15  7  4  49.2983  62.8835  331.141
15  7  5  48.1492  28.6708  214.436
For row 15 and col 8, pedestal is 174.998
15  8  1  9.5819  -6.40875  90.6762
15  8  2  6.8836  -3.55828  53.1144
15  8  3  7.27241  -7.29279  66.7209
15  8  4  8.06661  -5.20688  70.7559
15  8  5  8.42248  -5.37482  79.6249
For row 15 and col 9, pedestal is 189.32
15  9  1  10.4627  14.6474  49.7563
15  9  2  9.05166  12.199  45.4964
15  9  3  8.52618  12.7295  73.1288
15  9  4  11.0142  15.8418  88.6046
15  9  5  11.9777  10.5263  81.5794
For row 15 and col 10, pedestal is 184.472
15  10  1  10.9347  22.9656  49.9918
15  10  2  10.3163  9.76511  22.9674
15  10  3  7.03849  8.95921  77.2227
15  10  4  9.67004  10.2892  89.3692
15  10  5  11.9966  5.34717  103.11
For row 15 and col 11, pedestal is 205.337
15  11  1  7.26216  8.23027  53.4184
15  11  2  7.86257  7.12401  44.9188
15  11  3  7.2825  4.94217  64.0245
15  11  4  8.48802  3.51819  95.813
15  11  5  6.97318  -1.37622  60.9197
For row 16 and col 0, pedestal is 181.203
16  0  1  6.84627  22.3352  62.0696
16  0  2  6.1184  25.0689  41.886
16  0  3  5.9846  19.3729  43.0429
16  0  4  6.87507  23.2627  54.7106
16  0  5  4.81735  17.9235  41.7454
For row 16 and col 1, pedestal is 217.777
16  1  1  8.19089  39.2437  77.9955
16  1  2  8.27942  44.5126  52.6401
16  1  3  8.27382  45.7541  82.1193
16  1  4  8.60584  45.5607  80.4699
16  1  5  8.09963  39.2381  99.7228
For row 16 and col 2, pedestal is 208.731
16  2  1  10.6483  9.86806  105.521
16  2  2  7.95192  12.3359  79.4771
16  2  3  10.9669  9.40516  153.093
16  2  4  9.6784  10.2398  108.327
16  2  5  8.63129  9.33931  83.1348
For row 16 and col 3, pedestal is 203.199
16  3  1  7.07083  -1.6864  50.9265
16  3  2  7.30786  -0.680042  50.2664
16  3  3  6.39005  4.99992  57.394
16  3  4  5.5246  -4.32042  32.2847
16  3  5  5.47447  -8.03334  38.648
For row 16 and col 4, pedestal is 229.46
16  4  1  23.5931  35.3754  348.991
16  4  2  27.9043  52.4231  292.141
16  4  3  20.1577  44.8292  153.692
16  4  4  22.691  52.9028  249.353
16  4  5  26.6684  45.9334  265.77
For row 16 and col 5, pedestal is 193.624
16  5  1  18.6686  20.1692  177.243
16  5  2  16.2007  44.5042  31.6064
16  5  3  16.4562  30.8169  108.056
16  5  4  14.7884  34.7771  155.661
16  5  5  17.5852  8.21983  266.906
For row 16 and col 6, pedestal is 190.161
16  6  1  46.9795  65.3749  259.289
16  6  2  51.0674  52.2024  219.993
16  6  3  42.1565  51.2712  285.044
16  6  4  58.681  74.6051  298.033
16  6  5  60.004  37.9956  1168.91
For row 16 and col 7, pedestal is 220.725
16  7  1  49.7703  -53.0518  64.7799
16  7  2  49.0208  -61.0733  618.886
16  7  3  44.0111  -70.8974  577.775
16  7  4  54.0212  -52.5624  302.289
16  7  5  47.7122  -66.5389  410.163
For row 16 and col 8, pedestal is 190.397
16  8  1  10.8274  26.1547  83.3154
16  8  2  12.9226  33.2324  116.644
16  8  3  11  26.6401  85.3335
16  8  4  14.529  29.1869  123.487
16  8  5  10.7354  20.3088  77.655
For row 16 and col 9, pedestal is 216.416
16  9  1  14.8733  21.9438  43.1297
16  9  2  11.8046  21.8549  76.4978
16  9  3  10.5867  17.8081  164.117
16  9  4  12.9522  21.3882  93.2447
16  9  5  10.4828  3.97792  124.381
For row 16 and col 10, pedestal is 211.186
16  10  1  11.5581  39.7055  53.2251
16  10  2  11.3597  46.3016  38.8608
16  10  3  9.8058  41.9298  49.8532
16  10  4  11.7978  43.0361  102.443
16  10  5  13.2701  38.2589  97.724
For row 16 and col 11, pedestal is 207.405
16  11  1  10.075  26.0938  73.5189
16  11  2  14.1553  20.3346  76.0073
16  11  3  10.8494  15.3752  63.5983
16  11  4  13.7538  28.1437  87.6166
16  11  5  11.1101  7.50771  141.475
For row 17 and col 0, pedestal is 192.475
17  0  1  6.98759  0.299156  41.9996
17  0  2  5.6381  3.42083  30.6502
17  0  3  5.14411  -1.96641  30.1494
17  0  4  4.99542  -3.6026  36.2475
17  0  5  5.2894  -1.48913  30.1046
For row 17 and col 1, pedestal is 200.512
17  1  1  7.97993  47.3599  47.1128
17  1  2  7.82916  51.3447  46.0098
17  1  3  7.76152  49.6956  68.718
17  1  4  7.70082  45.3263  71.533
17  1  5  7.1125  34.2113  56.391
For row 17 and col 2, pedestal is 199.008
17  2  1  6.13903  -14.0773  15.4543
17  2  2  6.48687  -9.52168  18.8102
17  2  3  4.56218  -14.1329  17.6373
17  2  4  4.54738  -17.3188  28.9917
17  2  5  3.23983  -18.5959  16.6741
For row 17 and col 3, pedestal is 225.143
17  3  1  6.45305  12.1674  38.4365
17  3  2  5.89589  13.4949  43.4128
17  3  3  6.01902  9.33371  32.4905
17  3  4  5.75443  12.1557  36.5544
17  3  5  5.02015  10.1105  34.8331
For row 17 and col 4, pedestal is 210.392
17  4  1  36.3824  53.9166  89.593
17  4  2  37.7085  68.5535  305
17  4  3  25.1076  54.6789  285.956
17  4  4  29.7414  62.8437  374.419
17  4  5  44.8947  36.7264  226.566
For row 17 and col 5, pedestal is 175.669
17  5  1  19.433  15.6337  119.55
17  5  2  13.1252  17.3214  120.342
17  5  3  10.4425  7.75754  62.4097
17  5  4  12.7989  14.0767  100.314
17  5  5  14.2007  8.0716  122.859
For row 17 and col 6, pedestal is 219.856
17  6  1  32.591  -39.4702  398.713
17  6  2  24.5836  -29.0248  513.532
17  6  3  26.0818  -35.2001  227.033
17  6  4  26.7991  -42.8265  203.155
17  6  5  26.9914  -42.0525  338.145
For row 17 and col 7, pedestal is 230.64
17  7  1  39.874  31.1914  116.434
17  7  2  42.348  62.2632  107.689
17  7  3  34.1419  14.0514  108.023
17  7  4  46.923  48.6573  227.001
17  7  5  37.4009  14.7273  538.015
For row 17 and col 8, pedestal is 214.948
17  8  1  8.97907  35.0839  102.916
17  8  2  10.4008  43.0164  63.3399
17  8  3  8.01657  37.7072  101.456
17  8  4  10.3696  43.9886  74.9237
17  8  5  9.67949  32.6972  85.2744
For row 17 and col 9, pedestal is 216.669
17  9  1  18.0319  34.8499  84.9447
17  9  2  11.5189  32.5726  97.4335
17  9  3  11.5454  33.4806  92.4082
17  9  4  11.7746  36.4074  104.207
17  9  5  12.725  20.3683  107.879
For row 17 and col 10, pedestal is 205.209
17  10  1  9.42449  33.886  59.89
17  10  2  9.94024  30.6723  33.8575
17  10  3  7.38671  23.0184  53.3714
17  10  4  8.31034  28.6798  55.327
17  10  5  7.99446  23.581  71.8261
For row 17 and col 11, pedestal is 243.131
17  11  1  20.0184  30.8737  64.7262
17  11  2  23.5068  25.0685  175.085
17  11  3  19.5039  17.615  77.2554
17  11  4  18.4514  19.5236  293.911
17  11  5  17.9848  14.3075  158.524
For row 18 and col 0, pedestal is 210.404
18  0  1  7.8983  1.72297  16.099
18  0  2  4.6582  2.55218  34.7466
18  0  3  5.01577  1.85321  24.6462
18  0  4  4.43329  1.0597  20.7543
18  0  5  4.60124  -0.68713  31.2569
For row 18 and col 1, pedestal is 215.942
18  1  1  9.55034  25.4956  43.6153
18  1  2  7.5096  27.6848  77.5265
18  1  3  7.85153  24.4004  86.409
18  1  4  9.08476  23.1591  101.535
18  1  5  9.17794  18.0795  111.907
For row 18 and col 2, pedestal is 209.699
18  2  1  7.76406  20.132  39.4558
18  2  2  6.09834  26.5453  45.2193
18  2  3  7.50563  24.7422  40.0667
18  2  4  7.67004  22.6077  40.0463
18  2  5  5.37099  14.8672  34.7032
For row 18 and col 3, pedestal is 240.116
18  3  1  6.5822  -0.853007  31.4001
18  3  2  6.0903  -1.13329  34.9813
18  3  3  5.64375  -5.6977  33.3882
18  3  4  6.80409  -1.65631  48.3307
18  3  5  5.7596  -1.54462  50.4624
For row 18 and col 4, pedestal is 195.724
18  4  1  16.3248  6.8412  221.335
18  4  2  17.1832  5.49263  85.0172
18  4  3  16.7361  -2.5852  163.29
18  4  4  12.356  3.66257  175.319
18  4  5  19.6685  4.96216  158.186
For row 18 and col 5, pedestal is 189.207
18  5  1  32.0723  -13.9779  230.747
18  5  2  31.8641  -14.317  146.925
18  5  3  36.0995  -34.5403  212.693
18  5  4  30.0225  -29.331  238.364
18  5  5  24.8351  -27.6726  183.474
For row 18 and col 6, pedestal is 208.85
18  6  1  25.9785  13.7489  147.485
18  6  2  15.0503  9.43102  225.008
18  6  3  18.2496  6.918  67.5909
18  6  4  14.8852  20.2738  211.159
18  6  5  15.0339  5.01764  205.515
For row 18 and col 7, pedestal is 229.981
18  7  1  16.8605  6.93899  230.888
18  7  2  18.7622  5.23026  69.1895
18  7  3  15.6196  2.90434  182.766
18  7  4  23.5406  12.0705  333.735
18  7  5  20.9489  -3.3551  173.414
For row 18 and col 8, pedestal is 239.442
18  8  1  6.54739  10.6357  46.3475
18  8  2  6.20195  2.92083  33.7014
18  8  3  5.67902  1.22711  24.9106
18  8  4  5.51321  0.382409  29.6482
18  8  5  5.92209  -3.57059  36.4268
For row 18 and col 9, pedestal is 231.515
18  9  1  7.29542  20.6225  49.3881
18  9  2  6.91974  23.7474  43.1709
18  9  3  6.54659  19.6491  43.635
18  9  4  7.11625  25.2173  57.478
18  9  5  6.69083  18.245  42.7012
For row 18 and col 10, pedestal is 217.446
18  10  1  7.46444  -4.9694  71.9609
18  10  2  8.44375  -3.12947  45.5071
18  10  3  8.05485  -11.1003  67.251
18  10  4  8.614  -19.1386  75.8145
18  10  5  8.22253  -16.466  68.1063
For row 18 and col 11, pedestal is 183.207
18  11  1  8.67186  9.45704  34.9239
18  11  2  8.20958  12.9393  34.2775
18  11  3  6.76056  8.66936  31.9998
18  11  4  8.80787  12.0986  53.6918
18  11  5  8.03331  6.39331  46.7863
For row 19 and col 0, pedestal is 189.42
19  0  1  5.6257  -6.57032  39.3358
19  0  2  6.48914  2.65142  51.546
19  0  3  5.45026  -3.23642  39.0998
19  0  4  4.78379  -7.67643  27.0143
19  0  5  4.53243  -8.09546  36.0208
For row 19 and col 1, pedestal is 220.921
19  1  1  8.45375  -8.70263  34.1951
19  1  2  7.98163  -3.37599  45.5985
19  1  3  6.37914  -5.0563  40.219
19  1  4  7.35259  -8.41742  47.4603
19  1  5  8.21055  -10.0603  51.8283
For row 19 and col 2, pedestal is 250.041
19  2  1  5.20298  1.43603  43.7559
19  2  2  5.16346  2.13434  43.6091
19  2  3  6.47929  1.07684  36.4691
19  2  4  6.06335  0.0324124  33.9802
19  2  5  5.06948  2.07202  39.4891
For row 19 and col 3, pedestal is 231.12
19  3  1  7.80378  10.1307  82.0139
19  3  2  8.57528  9.30061  35.8394
19  3  3  7.8959  11.5517  47.7055
19  3  4  7.80833  5.76554  46.0372
19  3  5  6.77533  2.76265  52.9345
For row 19 and col 4, pedestal is 203.695
19  4  1  24.5525  -3.91761  53.3401
19  4  2  20.7198  10.7006  105.242
19  4  3  19.7569  1.6025  127.48
19  4  4  24.0609  10.6644  148.192
19  4  5  16.2155  -0.626073  149.414
For row 19 and col 5, pedestal is 219.112
19  5  1  9.94023  16.0296  65.6914
19  5  2  9.68351  17.3164  81.2148
19  5  3  9.35325  9.08127  88.9152
19  5  4  9.19955  12.3425  77.5756
19  5  5  10.5615  4.75603  78.6566
For row 19 and col 6, pedestal is 218.257
19  6  1  17.1395  18.6462  56.8809
19  6  2  10.7247  49.745  107.336
19  6  3  13.5975  12.5282  112.725
19  6  4  13.5378  8.7254  116.89
19  6  5  11.6845  -1.74288  93.9685
For row 19 and col 7, pedestal is 237.223
19  7  1  19.5423  17.804  44.5905
19  7  2  16.2151  25.0055  129.386
19  7  3  17.8524  27.2177  104.513
19  7  4  15.954  19.2678  157.968
19  7  5  15.6291  8.62839  114.398
For row 19 and col 8, pedestal is 207.558
19  8  1  8.52783  3.7554  76.5322
19  8  2  6.67961  2.96521  33.6856
19  8  3  5.53063  0.907821  45.2811
19  8  4  6.00663  -3.62809  54.3032
19  8  5  5.31879  -7.8008  45.2172
For row 19 and col 9, pedestal is 183.163
19  9  1  6.84532  16.6788  31.604
19  9  2  5.14016  11.2155  37.1434
19  9  3  5.58557  9.3263  30.4109
19  9  4  5.52884  11.2688  37.3305
19  9  5  5.73094  5.22017  41.6197
For row 19 and col 10, pedestal is 199.391
19  10  1  7.3075  24.6183  59.3031
19  10  2  5.74019  26.2605  49.4808
19  10  3  6.59077  21.3405  44.9371
19  10  4  7.47208  28.526  106.446
19  10  5  5.39383  19.0354  41.7122
For row 19 and col 11, pedestal is 194.407
19  11  1  6.36647  9.33415  51.9221
19  11  2  6.43402  9.28221  56.8832
19  11  3  6.58872  4.31369  54.4022
19  11  4  8.18263  5.14681  52.0054
19  11  5  6.73569  3.75405  77.5165
For row 20 and col 0, pedestal is 240.448
20  0  1  6.86163  5.05362  84.1011
20  0  2  6.21837  7.96136  46.2978
20  0  3  6.45561  1.53354  61.6084
20  0  4  6.41933  3.41579  61.1079
20  0  5  7.51256  0.545073  66.3344
For row 20 and col 1, pedestal is 234.384
20  1  1  12.9016  31.9163  53.7916
20  1  2  12.235  31.1265  62.2811
20  1  3  11.7441  26.5621  88.7145
20  1  4  10.7296  30.6666  96.1313
20  1  5  9.70598  22.9927  75.2513
For row 20 and col 2, pedestal is 212.752
20  2  1  8.05655  19.8326  57.1446
20  2  2  7.13215  18.5117  36.8227
20  2  3  5.40044  17.0415  34.5608
20  2  4  6.03903  15.0072  44.528
20  2  5  5.72454  8.4609  27.8577
For row 20 and col 3, pedestal is 215.843
20  3  1  7.38144  9.70518  37.5756
20  3  2  6.89548  16.1684  68.8925
20  3  3  5.99806  10.875  44.7816
20  3  4  6.23173  8.89842  44.7976
20  3  5  6.73579  8.99831  61.5963
For row 20 and col 4, pedestal is 171.542
20  4  1  99.0252  537.137  69.6167
20  4  2  26.075  80.748  136.332
20  4  3  429.236  2741.34  279.308
20  4  4  732.617  5361.29  444.864
20  4  5  2409.22  18452.5  1047.08
For row 20 and col 5, pedestal is 187.301
20  5  1  13.855  0.770855  164.537
20  5  2  14.1348  10.4023  136.631
20  5  3  13.0279  4.14048  134.532
20  5  4  13.3832  -10.9175  134.259
20  5  5  13.2637  -8.43542  113.553
For row 20 and col 6, pedestal is 221.796
20  6  1  33.8941  33.8781  432.473
20  6  2  39.7626  49.208  48.2313
20  6  3  31.5943  13.7078  47.2604
20  6  4  37.468  24.7713  91.2325
20  6  5  20.0647  -15.1797  171.682
For row 20 and col 7, pedestal is 194.819
20  7  1  16.4684  63.5001  135.019
20  7  2  16.9017  117.549  135.077
20  7  3  15.9525  68.0679  103.854
20  7  4  15.9122  68.7217  152.703
20  7  5  12.345  19.1069  63.7602
For row 20 and col 8, pedestal is 214.028
20  8  1  7.65706  25.1736  38.4489
20  8  2  7.19759  21.1261  45.9361
20  8  3  6.27145  18.6505  43.667
20  8  4  6.71303  24.8052  47.6703
20  8  5  5.58318  15.1881  43.2625
For row 20 and col 9, pedestal is 211.236
20  9  1  6.96364  2.29452  43.2879
20  9  2  6.93581  -2.58457  38.8839
20  9  3  6.36955  -6.10073  45.9557
20  9  4  8.12839  -6.34752  56.0032
20  9  5  6.9526  -9.21006  41.1025
For row 20 and col 10, pedestal is 224.86
20  10  1  8.39601  18.3015  55.0224
20  10  2  9.68475  20.8232  31.7284
20  10  3  8.25533  15.1901  30.9311
20  10  4  12.0268  20.2883  42.5679
20  10  5  9.31415  7.96564  62.9901
For row 20 and col 11, pedestal is 209.945
20  11  1  7.88474  30.5717  33.2272
20  11  2  6.0439  36.4579  40.0759
20  11  3  6.15594  31.3533  23.8049
20  11  4  6.87515  33.8162  30.4109
20  11  5  4.91797  26.8894  45.356
For row 21 and col 0, pedestal is 219.708
21  0  1  8.47427  15.8145  31.7517
21  0  2  7.76165  15.243  35.1846
21  0  3  8.1252  13.3902  45.9541
21  0  4  7.18795  11.0867  41.2248
21  0  5  6.22853  8.3648  39.3551
For row 21 and col 1, pedestal is 292.83
21  1  1  7.70729  16.3025  60.5707
21  1  2  6.36266  13.302  35.5785
21  1  3  5.54277  13.5197  39.9969
21  1  4  5.39468  13.4272  44.0543
21  1  5  5.17534  12.7596  42.6538
For row 21 and col 2, pedestal is 212.355
21  2  1  9.70607  27.7185  43.9113
21  2  2  7.1935  22.8322  33.1365
21  2  3  6.32473  24.3432  29.9642
21  2  4  6.82481  27.3795  45.7287
21  2  5  7.4506  26.4433  46.1805
For row 21 and col 3, pedestal is 253.523
21  3  1  6.65427  16.1156  49.6669
21  3  2  5.50832  19.5948  41.91
21  3  3  6.34599  16.7765  73.2014
21  3  4  6.40474  22.3875  100.629
21  3  5  7.19787  16.819  50.232
For row 21 and col 4, pedestal is 204.099
21  4  1  26.1034  38.0068  191.013
21  4  2  27.1069  42.9951  108.22
21  4  3  19.8689  41.4304  144.085
21  4  4  26.6174  76.9204  244.813
21  4  5  26.772  58.1622  168.937
For row 21 and col 5, pedestal is 186.158
21  5  1  14.1425  13.397  88.185
21  5  2  11.6932  20.8108  123.547
21  5  3  11.4306  13.771  78.8828
21  5  4  15.0223  14.5142  149.203
21  5  5  12.2855  24.4003  122.151
For row 21 and col 6, pedestal is 238.806
21  6  1  18.4035  8.6704  192.52
21  6  2  15.8729  43.517  39.8129
21  6  3  15.0198  19.9312  27.2377
21  6  4  15.9097  12.2327  160.083
21  6  5  15.7383  0.379869  191.407
For row 21 and col 7, pedestal is 246.528
21  7  1  18.2249  28.2542  46.553
21  7  2  13.7732  13.5926  143.752
21  7  3  12.0979  12.5172  102.961
21  7  4  17.1927  10.4214  94.023
21  7  5  14.2723  2.23677  96.1257
For row 21 and col 8, pedestal is 238.785
21  8  1  8.09912  16.0089  61.3837
21  8  2  8.72307  19.2253  50.2072
21  8  3  7.96705  13.4084  42.689
21  8  4  8.91365  17.9557  54.4705
21  8  5  6.87469  10.7761  44.9651
For row 21 and col 9, pedestal is 247.246
21  9  1  7.86212  9.2186  58.7714
21  9  2  7.46589  14.1094  59.6862
21  9  3  7.55105  9.63284  52.9203
21  9  4  8.34789  14.3794  58.3191
21  9  5  8.24815  8.62647  81.8323
For row 21 and col 10, pedestal is 232.92
21  10  1  8.02099  0.360093  25.5988
21  10  2  6.74847  0.70112  26.217
21  10  3  5.61034  -0.333109  20.6143
21  10  4  6.04233  -0.589793  45.5415
21  10  5  5.19967  -1.99787  39.9876
For row 21 and col 11, pedestal is 218.35
21  11  1  9.37505  20.9904  19.0189
21  11  2  7.02078  18.5517  27.2746
21  11  3  6.71506  8.96888  28.629
21  11  4  6.94198  1.24387  45.8942
21  11  5  6.07613  -4.1225  48.6339
For row 22 and col 0, pedestal is 266.073
22  0  1  13.3542  37.3738  54.3398
22  0  2  10.5501  36.8881  64.8394
22  0  3  9.68221  28.0035  84.505
22  0  4  12.3785  27.9652  95.201
22  0  5  13.9346  24.2588  115.606
For row 22 and col 1, pedestal is 222.933
22  1  1  11.6309  26.6335  143.335
22  1  2  10.7815  31.7836  95.231
22  1  3  10.5085  23.1254  73.6938
22  1  4  12.7656  18.2739  119.184
22  1  5  10.9722  20.6024  127.633
For row 22 and col 2, pedestal is 243.879
22  2  1  15.1797  19.6513  72.1912
22  2  2  14.6977  17.2085  57.5125
22  2  3  11.0329  15.775  38.6759
22  2  4  12.6001  18.7243  87.4753
22  2  5  11.2366  12.4749  123.964
For row 22 and col 3, pedestal is 252.038
22  3  1  8.83904  4.31954  55.1748
22  3  2  7.61033  9.04059  54.6459
22  3  3  7.43696  6.1591  46.8683
22  3  4  6.48904  4.24222  40.9121
22  3  5  8.76045  3.55044  63.5961
For row 22 and col 4, pedestal is 216.959
22  4  1  155.447  800.729  87.4261
22  4  2  316.195  1988.15  196.797
22  4  3  762.209  5021.07  404.495
22  4  4  1206.24  9129.88  595.954
22  4  5  3384.4  26015.9  924.404
For row 22 and col 5, pedestal is 229.966
22  5  1  31.1941  25.694  72.1457
22  5  2  18.5197  36.8308  115.797
22  5  3  20.8008  26.5284  150.731
22  5  4  22.4626  10.981  223.72
22  5  5  27.0169  1.20013  232.022
For row 22 and col 6, pedestal is 249.092
22  6  1  25.5746  1.16638  145.01
22  6  2  25.3787  -10.5764  134.101
22  6  3  20.8642  -13.6713  223.444
22  6  4  20.234  -24.4716  152.171
22  6  5  20.8387  -50.4291  308.306
For row 22 and col 7, pedestal is 244.528
22  7  1  28.0753  13.8829  73.3458
22  7  2  22.7782  3.55203  87.5131
22  7  3  20.0934  2.66761  106.779
22  7  4  16.2358  -15.8516  193.008
22  7  5  20.9838  -29.2348  114.525
For row 22 and col 8, pedestal is 235.199
22  8  1  8.26989  14.7663  40.2513
22  8  2  6.14421  19.7167  38.5002
22  8  3  6.18359  13.8499  34.1532
22  8  4  6.1856  18.9568  34.7276
22  8  5  5.75518  10.8471  36.2058
For row 22 and col 9, pedestal is 205.92
22  9  1  11.0269  14.4047  45.6229
22  9  2  7.16058  13.5841  26.4484
22  9  3  6.41191  12.1421  36.9365
22  9  4  6.00437  8.60682  48.4469
22  9  5  5.71678  5.25894  38.3491
For row 22 and col 10, pedestal is 228.619
22  10  1  7.98615  -1.10784  42.7551
22  10  2  5.48151  0.79003  18.799
22  10  3  4.66585  -4.35565  19.1841
22  10  4  5.37039  -6.30979  24.7894
22  10  5  5.52079  -15.4641  21.3625
For row 22 and col 11, pedestal is 221.867
22  11  1  6.64051  9.01631  44.652
22  11  2  5.83436  12.1381  33.1545
22  11  3  4.30171  10.6525  17.4101
22  11  4  4.51623  12.6509  19.2927
22  11  5  6.54183  9.91456  32.9871
For row 23 and col 0, pedestal is 231.523
23  0  1  16.1523  15.9791  113.868
23  0  2  12.3435  18.8395  112.976
23  0  3  14.8749  8.03442  154.681
23  0  4  13.5123  -7.1015  199.356
23  0  5  11.5298  -4.85593  137.222
For row 23 and col 1, pedestal is 202.925
23  1  1  12.6955  23.9484  136.252
23  1  2  10.8037  26.0741  106.925
23  1  3  12.9649  29.9182  171.927
23  1  4  9.51149  23.158  99.9461
23  1  5  6.99964  13.9999  72.1348
For row 23 and col 2, pedestal is 226.091
23  2  1  17.3281  18.8606  101.775
23  2  2  15.5957  14.3471  105.108
23  2  3  19.5259  19.8509  187.523
23  2  4  16.4408  19.556  170.721
23  2  5  11.8655  4.32303  126.018
For row 23 and col 3, pedestal is 238.071
23  3  1  14.434  6.23624  46.1572
23  3  2  13.4373  -1.64655  173.042
23  3  3  14.3296  2.03224  154.242
23  3  4  13.3928  4.656  156.395
23  3  5  10.5579  -0.647094  96.9495
For row 23 and col 4, pedestal is 230.146
23  4  1  29.8112  10.8658  54.403
23  4  2  24.725  18.7613  127.56
23  4  3  24.4465  23.8288  411.858
23  4  4  27.9684  27.5304  200.369
23  4  5  18.7677  8.39153  192.241
For row 23 and col 5, pedestal is 231.222
23  5  1  35.2063  -42.1337  86.4083
23  5  2  27.5956  -46.6985  280.257
23  5  3  35.1604  -35.9702  183.207
23  5  4  29.5621  -39.0146  298.085
23  5  5  20.6987  -38.2909  209.8
For row 23 and col 6, pedestal is 225.777
23  6  1  39.151  55.4711  340.728
23  6  2  26.6967  57.3785  152.455
23  6  3  26.1509  22.0867  128.077
23  6  4  32.3151  55.4232  167.367
23  6  5  32.1473  14.2276  186.27
For row 23 and col 7, pedestal is 191.339
23  7  1  51.3434  64.3574  440.29
23  7  2  17.7197  52.1889  162.803
23  7  3  19.804  19.4341  92.1408
23  7  4  19.6206  51.7686  246.718
23  7  5  21.6998  19.9228  316.917
For row 23 and col 8, pedestal is 213.346
23  8  1  6.64841  11.6324  51.4388
23  8  2  5.87044  22.3654  21.8327
23  8  3  5.10771  12.2278  30.6521
23  8  4  5.32114  16.1007  32.7093
23  8  5  5.82333  12.2487  42.294
For row 23 and col 9, pedestal is 193.594
23  9  1  10.7896  38.8273  75.8177
23  9  2  9.42412  35.8511  55.5348
23  9  3  7.25508  27.5359  28.7794
23  9  4  7.27378  31.1524  46.7532
23  9  5  6.42729  19.0744  67.611
For row 23 and col 10, pedestal is 195.733
23  10  1  15.2229  29.4069  114.733
23  10  2  8.41026  20.1528  67.8543
23  10  3  8.92654  23.4162  69.4227
23  10  4  9.03753  25.9245  59.0026
23  10  5  7.68414  12.9377  52.4587
For row 23 and col 11, pedestal is 246.97
23  11  1  9.96412  27.4937  52.7014
23  11  2  8.52857  32.8752  45.2618
23  11  3  6.37844  22.6375  41.2105
23  11  4  6.31479  23.0223  46.2909
23  11  5  5.67379  12.647  42.0469
