#All information for run 1206.
#Row Col LED <Max> <Int> NPE
For row 0 and col 0 ,pedestal is 236.849
0  0  1  305.295  383.906  1514.34
0  0  2  392.677  972.884  1096.75
0  0  3  552.656  2044.91  1016.77
0  0  4  914.416  4905.11  1177.24
0  0  5  1736.62  13561.2  1786.99
For row 0 and col 1 ,pedestal is 192.304
0  1  1  207.734  61.2655  4464.34
0  1  2  319.163  770.894  961.093
0  1  3  649.105  2826.97  814.63
0  1  4  781.539  4061.04  964.988
0  1  5  962.841  6674.58  1185.97
For row 0 and col 2 ,pedestal is 212.221
0  2  1  250.282  209.393  3569.07
0  2  2  304.787  573.524  2263.43
0  2  3  405.865  1192.98  1464.76
0  2  4  654.049  3081.77  1451.45
0  2  5  1253.6  9114.4  1175.19
For row 0 and col 3 ,pedestal is 215.32
0  3  1  314.932  604.764  932.169
0  3  2  456.976  1481.75  739.694
0  3  3  538.557  2177.8  758.604
0  3  4  1307.71  6894.65  973.628
0  3  5  3030.83  19753.5  1949.98
For row 0 and col 4 ,pedestal is 230.021
0  4  1  261.087  148.182  6589.38
0  4  2  271.164  256.943  4018.28
0  4  3  327.201  663.081  2518.07
0  4  4  584.635  2305.83  1756.78
0  4  5  1134.99  6569.65  2360.26
For row 0 and col 5 ,pedestal is 206.535
0  5  1  263.614  438.515  1125.53
0  5  2  314.988  800.099  1121.9
0  5  3  423.264  1609.85  1011.97
0  5  4  797.588  3908.2  1172.6
0  5  5  2322.99  15679.3  2051.37
For row 0 and col 6 ,pedestal is 202.238
0  6  1  256.355  378.685  3541.06
0  6  2  279.02  541.99  1956.22
0  6  3  331.287  1036.28  1870
0  6  4  420.17  2278.61  1987.98
0  6  5  938.66  5869.01  1654.96
For row 0 and col 7 ,pedestal is 192.811
0  7  1  221.614  188.364  6800.11
0  7  2  243.781  223.452  2328.63
0  7  3  293.47  668.663  1542.93
0  7  4  333.914  1183.59  1622.86
0  7  5  697.735  3892.82  1626.66
For row 0 and col 8 ,pedestal is 232.302
0  8  1  288.28  293.293  2097.41
0  8  2  350.582  721.503  1220.56
0  8  3  601.175  2473.31  1071.18
0  8  4  687.694  3944.26  1291.07
0  8  5  1679.79  10422.7  1728.74
For row 0 and col 9 ,pedestal is 231.415
0  9  1  313.497  450.264  1624.92
0  9  2  424.149  1096.54  1089.81
0  9  3  532.216  1813  1124.27
0  9  4  668.345  2839.06  1097.91
0  9  5  1277.38  7570.74  1535.39
For row 0 and col 10 ,pedestal is 213.236
0  10  1  281.802  375.954  1470.08
0  10  2  363.176  887.696  1105
0  10  3  440.109  1403.7  1103.54
0  10  4  644.839  2831.39  985.667
0  10  5  1003.71  5825.68  1330.92
For row 0 and col 11 ,pedestal is 181.89
0  11  1  268.367  478.589  945.38
0  11  2  362.786  1046.34  649.011
0  11  3  491.603  1895.35  605.249
0  11  4  808.989  4136.54  639.93
0  11  5  1080.98  6605.19  753.071
For row 1 and col 0 ,pedestal is 168.392
1  0  1  216.007  263.204  858.393
1  0  2  309.792  899.975  522.929
1  0  3  602.883  2774.46  512.671
1  0  4  956.187  5590.06  668.237
1  0  5  2542.88  20964.9  1047.86
For row 1 and col 1 ,pedestal is 199.321
1  1  1  278.112  451.815  762.505
1  1  2  428.886  1435.89  581.547
1  1  3  562.035  2302.28  582.809
1  1  4  1045.13  5951.31  748.398
1  1  5  1631.08  12614.7  1210.22
For row 1 and col 2 ,pedestal is 213.311
1  2  1  261.933  306.389  2828.59
1  2  2  325.692  755.832  1544.09
1  2  3  499.815  1906.22  1308.97
1  2  4  764.345  4038.17  1564.28
1  2  5  1295.56  9823.92  2274.45
For row 1 and col 3 ,pedestal is 194.675
1  3  1  272.983  467.744  1134.22
1  3  2  322.517  801.989  1075.89
1  3  3  440.84  1662.2  970.151
1  3  4  996.023  5037.07  1304.42
1  3  5  1941.68  12207.3  2051.57
For row 1 and col 4 ,pedestal is 203.414
1  4  1  231.026  189.816  2844.03
1  4  2  422.32  1258.23  640.269
1  4  3  530.221  2066.41  657.969
1  4  4  1516.92  7721.49  1057.04
1  4  5  3887.44  24733  1092.52
For row 1 and col 5 ,pedestal is 203.344
1  5  1  241.481  219.005  3917
1  5  2  272.897  409.891  2336.26
1  5  3  327.525  854.164  2117.71
1  5  4  524.568  2086.82  2293.81
1  5  5  1201.72  7306.63  2803.72
For row 1 and col 6 ,pedestal is 147.791
1  6  1  322.989  949.131  551.765
1  6  2  413.164  1496.55  528.226
1  6  3  712.056  3660.44  635.173
1  6  4  1067.18  7715.53  996.749
1  6  5  2955.07  19654.2  1449.46
For row 1 and col 7 ,pedestal is 194.507
1  7  1  279.787  498.361  1294.95
1  7  2  350.801  980.215  940.365
1  7  3  484.212  2061.31  952.577
1  7  4  651.05  4267.58  1312.4
1  7  5  1581.02  10845.6  1669.16
For row 1 and col 8 ,pedestal is 224.433
1  8  1  350.343  733.307  939.458
1  8  2  405.187  1147.75  833.897
1  8  3  648.876  2998.82  864.201
1  8  4  826.224  5359.86  1034.43
1  8  5  2053.04  13684.8  1611.42
For row 1 and col 9 ,pedestal is 213.261
1  9  1  265.413  309.256  1988.02
1  9  2  350.066  822.889  1144.15
1  9  3  432.2  1357.98  1114.67
1  9  4  657.212  2941.39  1131.2
1  9  5  1134.21  6822.24  1504.86
For row 1 and col 10 ,pedestal is 195.114
1  10  1  262.477  420.719  1302.93
1  10  2  350.269  936.875  950.719
1  10  3  479.86  1761.35  1025.02
1  10  4  718.626  3514.05  1100.89
1  10  5  1214.71  7586.36  1573.51
For row 1 and col 11 ,pedestal is 209.539
1  11  1  266.577  333.565  2017.26
1  11  2  316.291  651.672  1672.21
1  11  3  431.369  1379.09  1281.96
1  11  4  607.296  2656.45  1345.8
1  11  5  941.303  5498.05  1598.01
For row 2 and col 0 ,pedestal is 200.357
2  0  1  233.629  171.688  3372.46
2  0  2  278.805  494.609  1999.97
2  0  3  392.878  1237.3  1214.55
2  0  4  646.472  3213.86  1239.48
2  0  5  1316.04  10005.5  1711.96
For row 2 and col 1 ,pedestal is 225.224
2  1  1  289.913  381.963  1539.94
2  1  2  343.243  766.205  1155.18
2  1  3  537.488  2054.13  1024.9
2  1  4  584.236  2616.57  1085.09
2  1  5  1327.5  10035.1  1397.87
For row 2 and col 2 ,pedestal is 187.362
2  2  1  270.329  499.765  816.136
2  2  2  342.402  1041.81  656.534
2  2  3  681.583  3293.16  564.752
2  2  4  748.994  4173.5  679.694
2  2  5  1630.02  13270.9  1023.08
For row 2 and col 3 ,pedestal is 210.699
2  3  1  255.643  225.118  3671.29
2  3  2  296.294  520.557  2580.52
2  3  3  294.77  538.819  2520.96
2  3  4  602.941  2494.93  1826.81
2  3  5  1544.71  9401.72  2805.99
For row 2 and col 4 ,pedestal is 183.166
2  4  1  226.19  296.072  2430.67
2  4  2  277.909  625.066  1143.04
2  4  3  352.366  1228.47  1175.83
2  4  4  676.555  3261.25  1267.94
2  4  5  2178.3  14687.8  2312.86
For row 2 and col 5 ,pedestal is 215.979
2  5  1  286.814  435.357  1392.82
2  5  2  332.235  695.048  1036.66
2  5  3  455.477  1667.6  921.012
2  5  4  1030.67  5367.54  1205.2
2  5  5  2701.85  18343.9  2233.57
For row 2 and col 6 ,pedestal is 179.646
2  6  1  274.98  415.945  836.522
2  6  2  306.598  801.737  1103.46
2  6  3  389.323  1519.36  1125.73
2  6  4  547.061  3546.22  1315.93
2  6  5  1354.18  9590.98  1602.35
For row 2 and col 7 ,pedestal is 226.769
2  7  1  287.333  386.611  4183.79
2  7  2  328.765  688.043  1917.6
2  7  3  448.112  1704  1508.69
2  7  4  492.045  2693.8  1780.32
2  7  5  1242.69  8379.82  1843.78
For row 2 and col 8 ,pedestal is 201.289
2  8  1  301.233  682.294  1574.88
2  8  2  326.293  877.454  1446.9
2  8  3  516.098  2385.81  1261.68
2  8  4  704.26  4756.82  1621.72
2  8  5  1561.25  10754.4  2262.18
For row 2 and col 9 ,pedestal is 212.093
2  9  1  248.192  233.781  4633.34
2  9  2  313.343  625.435  2450.69
2  9  3  369.931  990.453  1844.59
2  9  4  512.158  2008.23  1494.67
2  9  5  781.197  4283.7  1679.01
For row 2 and col 10 ,pedestal is 236.54
2  10  1  321.921  524.177  959.218
2  10  2  414.262  1118.89  699.941
2  10  3  630.839  2534.11  682.924
2  10  4  857.55  4296.53  672.176
2  10  5  1553.58  10187.8  923.405
For row 2 and col 11 ,pedestal is 208.337
2  11  1  307.508  603.562  836.208
2  11  2  416.577  1266.35  705.184
2  11  3  597.146  2482.01  748.614
2  11  4  981.228  5313.49  830.432
2  11  5  1812.15  12317.2  1344.63
For row 3 and col 0 ,pedestal is 230.939
3  0  1  319.657  517.012  913.675
3  0  2  439.703  1271.68  671.885
3  0  3  798.565  3586.55  625.401
3  0  4  1185.18  6673.27  717.886
3  0  5  1999.92  15412.2  1072.55
For row 3 and col 1 ,pedestal is 199.899
3  1  1  229.148  123.015  2348.22
3  1  2  289.814  519.663  1390.56
3  1  3  517.873  2015.89  961.383
3  1  4  634.696  3063.46  1021.6
3  1  5  1220.34  9022.42  1463.95
For row 3 and col 2 ,pedestal is 218.172
3  2  1  286.862  388.844  1768.83
3  2  2  355.929  882.221  1270.07
3  2  3  595.086  2398.3  1089.57
3  2  4  811.575  4154.35  1263.64
3  2  5  1799.62  13753.7  2009.41
For row 3 and col 3 ,pedestal is 173.382
3  3  1  245.302  399.236  1242.58
3  3  2  361.2  1071.93  929.091
3  3  3  186.987  80.6931  6178.76
3  3  4  983.743  4996.38  1321.59
3  3  5  2488.32  15906.1  2522.25
For row 3 and col 4 ,pedestal is 209.653
3  4  1  273.028  318.392  1624.34
3  4  2  303.001  620.085  1053.55
3  4  3  472.136  1818.7  891.411
3  4  4  866.735  4388.81  1211.35
3  4  5  2636.91  18326.4  2128.01
For row 3 and col 5 ,pedestal is 179.423
3  5  1  249.747  433.673  2194.89
3  5  2  275.547  644.65  1305.07
3  5  3  432.232  1815.28  981.033
3  5  4  1030.14  5824.65  1363.09
3  5  5  2433.53  17401  2333.86
For row 3 and col 6 ,pedestal is 217.944
3  6  1  332.171  697.638  1160.34
3  6  2  376.56  976.357  1042
3  6  3  655.86  2950.2  856.964
3  6  4  885.998  5720.73  1224.11
3  6  5  2455.07  15860  1550.72
For row 3 and col 7 ,pedestal is 222.522
3  7  1  337.475  646.254  929.934
3  7  2  352.996  839.865  1175.66
3  7  3  476.485  2022.84  1333.33
3  7  4  646.952  4111.9  1560.37
3  7  5  1063.18  6688.9  1580.21
For row 3 and col 8 ,pedestal is 172.532
3  8  1  243.504  404.701  2257.41
3  8  2  250.9  467.403  2175.52
3  8  3  406.131  1655.78  1750.21
3  8  4  476.079  2675.61  1965.13
3  8  5  979.588  6111.61  2463.54
For row 3 and col 9 ,pedestal is 187.643
3  9  1  231.662  261.541  2768.85
3  9  2  274.121  485.721  1958.06
3  9  3  355.786  1005.95  1446.19
3  9  4  543.462  2300.12  1285.44
3  9  5  941.15  5519.65  1621.66
For row 3 and col 10 ,pedestal is 183.439
3  10  1  220.944  219.376  2771.77
3  10  2  265.47  515.205  1746.31
3  10  3  347.827  1030.24  1634.14
3  10  4  380.083  1310.45  1412.88
3  10  5  774.353  4374.23  1708.3
For row 3 and col 11 ,pedestal is 205.556
3  11  1  245.389  236.842  2423
3  11  2  313.266  641.687  1395.21
3  11  3  409.293  1263.39  1260.5
3  11  4  602.911  2638.63  1149.09
3  11  5  926.389  5406.3  1483.78
For row 4 and col 0 ,pedestal is 181.373
4  0  1  192.543  62.6877  7350.07
4  0  2  294.672  696.01  1197.09
4  0  3  453.013  1722.18  934.468
4  0  4  627.677  3143.53  1032.89
4  0  5  1296.93  9772.66  1604.19
For row 4 and col 1 ,pedestal is 215.872
4  1  1  273.749  320.999  1698.24
4  1  2  376.14  1003.96  1040.33
4  1  3  614.037  2516.09  953.206
4  1  4  822.222  4300.13  972.839
4  1  5  2034.23  16174.8  1039.54
For row 4 and col 2 ,pedestal is 209.694
4  2  1  246.941  206.687  4073.67
4  2  2  288.568  493.447  2789.14
4  2  3  427.152  1408.52  1652.21
4  2  4  439.875  1660.22  1938.95
4  2  5  687.651  4316.66  2458.63
For row 4 and col 3 ,pedestal is 201.742
4  3  1  248.105  259.288  2809.35
4  3  2  298.373  566.569  1910.3
4  3  3  345.122  938.488  1670.44
4  3  4  748.859  3412.39  1571.55
4  3  5  1657.85  10111.2  2514.38
For row 4 and col 4 ,pedestal is 227.708
4  4  1  276.815  312.469  4088.72
4  4  2  281.017  439.207  2808.28
4  4  3  365.542  1064.24  1819.2
4  4  4  791.565  3740.63  1576.69
4  4  5  1747.72  11265.5  2537.05
For row 4 and col 5 ,pedestal is 192.301
4  5  1  215.103  38.2208  13813.8
4  5  2  369.912  1041.78  649.857
4  5  3  559.871  2313.62  656.461
4  5  4  248.485  292.994  1754.24
4  5  5  3059.12  19040.7  1861.92
For row 4 and col 6 ,pedestal is 188.844
4  6  1  305.028  528.325  770.358
4  6  2  298.061  852.889  956.216
4  6  3  467.861  2205.17  1292.81
4  6  4  506.28  3299.98  1403.03
4  6  5  1291.52  9028.5  1801.44
For row 4 and col 7 ,pedestal is 219.853
4  7  1  294.082  365.866  1747.6
4  7  2  304.001  645.117  1458.72
4  7  3  408.571  1434.07  1291.94
4  7  4  506.68  2891.93  1330.9
4  7  5  1366.75  9322.67  1762.49
For row 4 and col 8 ,pedestal is 191.733
4  8  1  343.262  899.686  673.002
4  8  2  437.455  1565.06  713.382
4  8  3  759.394  4032.04  810.583
4  8  4  900.453  6378.59  1034.71
4  8  5  2388.98  16419.1  1656.99
For row 4 and col 9 ,pedestal is 216.363
4  9  1  263.737  238.99  2781.48
4  9  2  323.699  598.871  1451.62
4  9  3  421.562  1274.28  1143.04
4  9  4  573.547  2380.62  1002.89
4  9  5  938.857  5377.27  1060.4
For row 4 and col 10 ,pedestal is 210.574
4  10  1  308.274  596.663  1096.81
4  10  2  448.902  1475.74  866.401
4  10  3  609.192  2511.28  911.263
4  10  4  874.377  4413.84  1007.42
4  10  5  1402.97  8896.92  1418.39
For row 4 and col 11 ,pedestal is 206.471
4  11  1  227.816  131.517  9499.44
4  11  2  240.833  262.234  4784.63
4  11  3  280.307  478.15  2670.49
4  11  4  375.037  1164.3  1381.36
4  11  5  485.294  2096.63  1397.59
For row 5 and col 0 ,pedestal is 191.59
5  0  1  238.114  235.727  2255.01
5  0  2  297.543  619.224  1567.02
5  0  3  462.912  1653.58  1326.42
5  0  4  621.365  2894.37  1398.45
5  0  5  1171.16  8354.72  2175.73
For row 5 and col 1 ,pedestal is 199.089
5  1  1  207.056  47.0325  44827
5  1  2  237.783  252.615  4780.6
5  1  3  208.237  63.2874  43584.2
5  1  4  350.446  1071.81  2152.01
5  1  5  630.652  3772.08  2045.13
For row 5 and col 2 ,pedestal is 195.874
5  2  1  314.761  682.741  633.548
5  2  2  480.465  1760.99  584.821
5  2  3  861.157  4292.02  643.543
5  2  4  1067.63  6226.65  817.072
5  2  5  2757.4  22805.8  1575.74
For row 5 and col 3 ,pedestal is 225.107
5  3  1  272.111  272.659  2807.76
5  3  2  317.596  557.947  1827.09
5  3  3  382.45  1035.12  1618.29
5  3  4  794.305  3489.06  1604.14
5  3  5  2051.09  12433.5  2543.67
For row 5 and col 4 ,pedestal is 208.537
5  4  1  283.26  396.624  1683.32
5  4  2  330.136  872.496  1293.63
5  4  3  419.083  1550.83  1328.56
5  4  4  722.337  3501.93  1159.15
5  4  5  2557.52  17716.4  2170.62
For row 5 and col 5 ,pedestal is 173.189
5  5  1  342.693  853.455  434.441
5  5  2  453.4  1561.6  473.191
5  5  3  729.242  3453.13  545.9
5  5  4  1784.71  9551.98  998.415
5  5  5  8191.13  56916.6  nan
For row 5 and col 6 ,pedestal is 218.199
5  6  1  324.723  505.251  1224.66
5  6  2  343.317  844.844  951.734
5  6  3  547.355  2109.37  878.185
5  6  4  681.699  3944.44  1084.56
5  6  5  1688.51  10084.2  1467.13
For row 5 and col 7 ,pedestal is 229.904
5  7  1  275.646  273.853  9617.49
5  7  2  283.778  476.774  9440.46
5  7  3  327.021  849.416  2771.74
5  7  4  380.72  1632.14  5948.07
5  7  5  671.844  3669.7  2297.79
For row 5 and col 8 ,pedestal is 212.234
5  8  1  314.27  642.034  811.023
5  8  2  482.829  1678.75  741.845
5  8  3  829.411  4231.85  839.501
5  8  4  961.753  6521.51  1037
5  8  5  2977.36  20008.9  1731.26
For row 5 and col 9 ,pedestal is 216.142
5  9  1  273.27  393.884  1196.1
5  9  2  320.723  704.326  822.057
5  9  3  483.3  1733.06  419.825
5  9  4  639.357  2952.77  421.334
5  9  5  1358.1  8693.56  668.496
For row 5 and col 10 ,pedestal is 205.228
5  10  1  285.902  503.991  1338.18
5  10  2  376.89  1045.15  976.556
5  10  3  463.482  1618.01  983.483
5  10  4  646.058  2935.66  1046.49
5  10  5  1409.91  8875.85  1573.5
For row 5 and col 11 ,pedestal is 239.826
5  11  1  272.996  121.44  6181.63
5  11  2  307.996  330.784  3489.23
5  11  3  357.733  689.981  2908.85
5  11  4  397.295  996.7  2725.75
5  11  5  576.447  2472.93  2400.98
For row 6 and col 0 ,pedestal is 208.402
6  0  1  243.054  208.802  1835.96
6  0  2  310.654  632.742  1050.6
6  0  3  359.266  993.32  1004.54
6  0  4  1118.8  6612.15  1131.21
6  0  5  1082.62  5732.66  1230
For row 6 and col 1 ,pedestal is 216.503
6  1  1  226.999  30.35  22191.9
6  1  2  224.631  37.0754  68305.7
6  1  3  225.861  53.5589  52579.8
6  1  4  236.421  160.043  31658.2
6  1  5  240.577  182.171  27330.6
For row 6 and col 2 ,pedestal is 208.84
6  2  1  276.533  366.651  972.153
6  2  2  387.632  1055.16  722.512
6  2  3  478.367  1711.62  715.848
6  2  4  1527.61  9365.56  1017.04
6  2  5  1770.8  10043.9  1236.59
For row 6 and col 3 ,pedestal is 240.64
6  3  1  283.499  289.427  3104.69
6  3  2  333.949  660.04  1653.13
6  3  3  471.254  1647.3  788.849
6  3  4  648.541  3212.37  816.85
6  3  5  1178.66  7469.6  852.619
For row 6 and col 4 ,pedestal is 192.445
6  4  1  284.61  476.543  971.532
6  4  2  378.924  1046.75  695.745
6  4  3  568.787  2141.16  713.242
6  4  4  859.031  4356.78  791.644
6  4  5  1841.53  11049.8  1303.28
For row 6 and col 5 ,pedestal is 186.216
6  5  1  264.67  356.961  1245.1
6  5  2  330.201  841.534  1156.51
6  5  3  449.996  1671.48  977.6
6  5  4  661.686  3533.04  1140.56
6  5  5  1208.7  7855.21  1579.78
For row 6 and col 6 ,pedestal is 208.187
6  6  1  289.402  446.849  1225.48
6  6  2  325.861  794.679  1372.72
6  6  3  440.07  1767.53  1252.85
6  6  4  742.925  4161.01  1278.5
6  6  5  924.343  6012.46  1686.97
For row 6 and col 7 ,pedestal is 228.157
6  7  1  307.769  540.774  1656.52
6  7  2  361.44  947.145  1298.47
6  7  3  502.437  2113.83  1123.2
6  7  4  925.224  5442.44  1390.07
6  7  5  1282.29  8639.79  1632.87
For row 6 and col 8 ,pedestal is 238.341
6  8  1  450.348  1261.69  507.085
6  8  2  645.384  2542.11  537.093
6  8  3  918.598  4714.38  603.272
6  8  4  1773.93  10665.6  915.732
6  8  5  3202.72  21816.4  987.647
For row 6 and col 9 ,pedestal is 231.326
6  9  1  283.213  365.74  2486.76
6  9  2  318.105  616.004  1748.05
6  9  3  408.404  1348.58  1432.62
6  9  4  724.16  3870.49  1260.79
6  9  5  1207.47  7980.99  1663.37
For row 6 and col 10 ,pedestal is 216.783
6  10  1  289.967  512.664  1246.39
6  10  2  309.707  677.06  1051.22
6  10  3  400.157  1390.18  852.901
6  10  4  773.807  4247.58  823.887
6  10  5  1466.66  9944.34  1236.7
For row 6 and col 11 ,pedestal is 180.75
6  11  1  218.831  254.518  2055.83
6  11  2  221.441  291.81  1904.47
6  11  3  281.685  757.927  1154.8
6  11  4  505.884  2457.39  878.753
6  11  5  1039.52  6709.75  1285.27
For row 7 and col 0 ,pedestal is 187.781
7  0  1  228.504  191.599  1479.26
7  0  2  291.074  579.264  800.677
7  0  3  364.951  1079.29  717.06
7  0  4  949  5383.04  550.467
7  0  5  1269.83  6947.22  836.349
For row 7 and col 1 ,pedestal is 219.657
7  1  1  339.232  670.719  521.663
7  1  2  504.73  1704.97  429.011
7  1  3  670.578  2930.42  479.569
7  1  4  2526.37  16843.6  749.067
7  1  5  3036.64  18618.9  944.831
For row 7 and col 2 ,pedestal is 248.416
7  2  1  302.023  277.51  2449.12
7  2  2  376.141  731.866  1308.58
7  2  3  420.909  1097.11  1221.84
7  2  4  984.95  5302.08  831.814
7  2  5  1519.19  8343.05  1238.89
For row 7 and col 3 ,pedestal is 230.386
7  3  1  276.695  269.488  3813.24
7  3  2  322.827  581.175  2649.9
7  3  3  394.235  1065.34  2310.4
7  3  4  556.935  2419.3  2131.23
7  3  5  918.652  5102.29  2636.4
For row 7 and col 4 ,pedestal is 202.348
7  4  1  264.018  297.797  2983.3
7  4  2  306.699  640.534  1495.36
7  4  3  387.755  1238.27  1260.11
7  4  4  587.068  2887.98  1253.51
7  4  5  1105.64  6840.05  1548.24
For row 7 and col 5 ,pedestal is 218.64
7  5  1  296.572  424.9  1195.54
7  5  2  389.456  962.866  924.601
7  5  3  715.585  2832.38  805.829
7  5  4  997.562  5117.75  983.389
7  5  5  1898.28  11200.4  1383.52
For row 7 and col 6 ,pedestal is 218.042
7  6  1  296.147  407.108  1304.77
7  6  2  338.707  701.988  1147.43
7  6  3  451.236  1482.22  1027.58
7  6  4  634.318  2703.87  1103
7  6  5  1232.55  7076.96  1363.15
For row 7 and col 7 ,pedestal is 236.143
7  7  1  282.848  304.789  2961.26
7  7  2  303.39  483.714  2705.07
7  7  3  342.146  833.312  2373.03
7  7  4  556.857  2485.61  1930.81
7  7  5  655.332  3433.85  2096.57
For row 7 and col 8 ,pedestal is 208.687
7  8  1  285.244  514.334  1876.27
7  8  2  327.275  784.237  1531.98
7  8  3  421.884  1553.76  1366.4
7  8  4  677.96  3390.76  1449.15
7  8  5  1061.08  6544.56  1889.37
For row 7 and col 9 ,pedestal is 182.824
7  9  1  251.145  497.568  1161.59
7  9  2  299.051  823.374  862.413
7  9  3  440.493  1955.75  876.403
7  9  4  844.597  5048.4  1016.56
7  9  5  1857.15  13274.1  1593.35
For row 7 and col 10 ,pedestal is 198.822
7  10  1  241.354  297.155  2571.51
7  10  2  283.751  606.814  1537.86
7  10  3  373.805  1333.63  1360.83
7  10  4  629.937  3362.31  1337.42
7  10  5  1078.3  7142.1  1674.12
For row 7 and col 11 ,pedestal is 194.638
7  11  1  225.951  179.177  2867.2
7  11  2  236.557  267.537  2634.53
7  11  3  329.874  1014.83  1513.88
7  11  4  537.229  2604.67  1364.33
7  11  5  871.243  5365.05  1581.3
For row 8 and col 0 ,pedestal is 237.549
8  0  1  254.031  95.1949  10483.5
8  0  2  283.863  288.458  4503.28
8  0  3  318.128  528.524  3188.67
8  0  4  639.445  2910.77  1353.56
8  0  5  624.436  2513.63  1658.56
For row 8 and col 1 ,pedestal is 232.104
8  1  1  278.641  288.407  2166.08
8  1  2  349.402  724.935  1199.08
8  1  3  444.842  1405.3  1081.81
8  1  4  1025.11  5779.86  1161.37
8  1  5  1409.14  7793.3  1491.98
For row 8 and col 2 ,pedestal is 210.883
8  2  1  327.943  706.015  507.117
8  2  2  516.699  1808.98  466.243
8  2  3  685.295  3046.24  528.604
8  2  4  1688.02  10563.7  786.594
8  2  5  1669.79  9442.09  895.826
For row 8 and col 3 ,pedestal is 212.559
8  3  1  236.541  163.955  8112.85
8  3  2  269.155  388.01  4220.22
8  3  3  303.396  599.94  3017.87
8  3  4  432.295  1594.27  2568.71
8  3  5  621.881  2980.04  2699.59
For row 8 and col 4 ,pedestal is 169.643
8  4  1  216.73  228.857  1879.39
8  4  2  196.726  30.2305  4361.65
8  4  3  364.13  1171.86  1088.69
8  4  4  498.504  2281.36  1030.95
8  4  5  1200.48  7760.68  1627.98
For row 8 and col 5 ,pedestal is 184.726
8  5  1  341.518  805.062  447.776
8  5  2  535.083  1988.1  448.421
8  5  3  1068.08  5191.05  588.526
8  5  4  1648.9  9872.31  792.609
8  5  5  2807.46  17957.2  1137.64
For row 8 and col 6 ,pedestal is 220.274
8  6  1  330.515  559.609  1231.75
8  6  2  391.514  967.077  920.515
8  6  3  524.205  2085.72  975.306
8  6  4  827.738  4467.3  1343.57
8  6  5  716.985  3944.21  1500.61
For row 8 and col 7 ,pedestal is 193.269
8  7  1  246.287  372.718  2183.79
8  7  2  276.204  594.065  2345.06
8  7  3  340.429  1134.28  1664.42
8  7  4  509.655  2481.59  1573.86
8  7  5  685.349  4071.2  1813.62
For row 8 and col 8 ,pedestal is 211.415
8  8  1  313.872  623.029  1582.62
8  8  2  351.135  889.506  1352.5
8  8  3  515.385  2133.6  1231.62
8  8  4  742.089  3740.45  1347.76
8  8  5  1243.49  7718.21  1758.68
For row 8 and col 9 ,pedestal is 208.318
8  9  1  250.196  305.292  2484.93
8  9  2  276.326  498.112  1695.56
8  9  3  365.326  1239.27  1332.52
8  9  4  480.877  2200.25  1144.1
8  9  5  1003.01  6622.76  1547.89
For row 8 and col 10 ,pedestal is 222.388
8  10  1  253.287  205.08  5236.75
8  10  2  284.985  416.508  2784.93
8  10  3  345.843  915.968  2058.58
8  10  4  426.197  1562.71  1637.84
8  10  5  942.374  5775.51  1550.31
For row 8 and col 11 ,pedestal is 206.073
8  11  1  242.517  269.01  3333.43
8  11  2  250.285  347.455  2921.2
8  11  3  347.12  1098.27  1401.87
8  11  4  598.159  3075.68  804.475
8  11  5  1061.62  6979.22  1043.07
For row 9 and col 0 ,pedestal is 219.901
9  0  1  243.996  137.763  7384.68
9  0  2  270.575  357.549  3120.19
9  0  3  315.909  684.91  2181.42
9  0  4  575.465  2677.69  1432.28
9  0  5  717.439  3353.92  1577.16
For row 9 and col 1 ,pedestal is 292.484
9  1  1  358.631  373.958  1591.76
9  1  2  460.802  1024.74  1026.68
9  1  3  617.941  2106.77  872.78
9  1  4  1631.12  9626.85  777.981
9  1  5  1657.42  8923.83  1121.41
For row 9 and col 2 ,pedestal is 212.896
9  2  1  321.806  665.889  534.763
9  2  2  480.286  1636.82  465.175
9  2  3  687.971  3130.51  465.232
9  2  4  1886.12  12229  622.206
9  2  5  2379.16  14431.9  852.27
For row 9 and col 3 ,pedestal is 253.446
9  3  1  369.918  668.475  1121.44
9  3  2  474.081  1361.61  954.377
9  3  3  711.226  2865.76  949.022
9  3  4  1122.38  6176.68  1123.54
9  3  5  2346.97  15086.9  1779.41
For row 9 and col 4 ,pedestal is 204.271
9  4  1  276.058  415.501  1282.45
9  4  2  334.031  892.558  1000.06
9  4  3  519.155  2156.66  1018.8
9  4  4  751.771  4287.05  1090.4
9  4  5  1728.44  11979.1  1677.59
For row 9 and col 5 ,pedestal is 186.339
9  5  1  258.704  405.929  811.275
9  5  2  364.118  1026.22  582.839
9  5  3  603.857  2448.97  623.57
9  5  4  1014.28  5552.92  817.313
9  5  5  1910.73  11760.9  1274.57
For row 9 and col 6 ,pedestal is 239.388
9  6  1  366.695  680.765  962.352
9  6  2  420.253  1079.17  909.004
9  6  3  646.298  2621.58  825.232
9  6  4  1037.06  5225.79  927.933
9  6  5  1527.95  8919.99  1258.87
For row 9 and col 7 ,pedestal is 246.691
9  7  1  323.39  584.195  1560.42
9  7  2  335.566  716.367  1575.29
9  7  3  376.968  1059.22  1402.58
9  7  4  684.733  3379.23  1304.08
9  7  5  1101.25  6893.82  1412.82
For row 9 and col 8 ,pedestal is 238.465
9  8  1  323.098  535.951  2177.87
9  8  2  362.823  809.342  1776.44
9  8  3  482.874  1727  1513.47
9  8  4  477.528  1669.86  1595.67
9  8  5  820.559  4296.24  1607.54
For row 9 and col 9 ,pedestal is 247.458
9  9  1  299.71  370.694  3478.54
9  9  2  333.65  618.338  1869.67
9  9  3  449.588  1537.66  1504.92
9  9  4  781.97  4066.17  1363.7
9  9  5  1411.16  9221.2  1680.95
For row 9 and col 10 ,pedestal is 233.112
9  10  1  286.868  386.241  2361.05
9  10  2  318.887  616.895  1555.47
9  10  3  417.325  1427.62  1190.96
9  10  4  655.259  3297.26  1050.91
9  10  5  944.861  5756.76  1159.96
For row 9 and col 11 ,pedestal is 218.815
9  11  1  296.042  566.488  1132.21
9  11  2  369.602  1071.92  772.66
9  11  3  459.057  1835.98  732.933
9  11  4  838.003  4774.37  730.175
9  11  5  1875.22  13323.8  1102.56
For row 10 and col 0 ,pedestal is 265.307
10  0  1  282.369  79.1537  13721
10  0  2  282.719  126.75  23514.7
10  0  3  304.497  263.683  9552.02
10  0  4  426.601  1148.38  3160.68
10  0  5  451.318  1196.75  3943.76
For row 10 and col 1 ,pedestal is 222.855
10  1  1  246.717  149.875  4350.27
10  1  2  284.845  405.385  1675.86
10  1  3  399.72  1189.41  1208.24
10  1  4  733.855  3828.31  1202.92
10  1  5  1036.94  5555.89  1416.49
For row 10 and col 2 ,pedestal is 243.226
10  2  1  291.917  295.422  1610.26
10  2  2  343.086  624.01  953.654
10  2  3  535.93  1879.89  675.464
10  2  4  1126.87  6369.13  690.014
10  2  5  1559.2  8575.89  814.514
For row 10 and col 3 ,pedestal is 253.73
10  3  1  359.422  628.021  1214.78
10  3  2  473.65  1379.77  956.886
10  3  3  676.94  2678.88  1005.67
10  3  4  1137.58  6348.72  1105.84
10  3  5  2159.16  13867.1  1614.39
For row 10 and col 4 ,pedestal is 216.575
10  4  1  286.342  362.359  2002.28
10  4  2  356.883  879.603  1311.77
10  4  3  539.682  2157.13  1465.43
10  4  4  730.819  3851.13  1277.59
10  4  5  1607.51  10582.7  1809.71
For row 10 and col 5 ,pedestal is 229.047
10  5  1  359.501  668.248  822.688
10  5  2  449.655  1189.23  673.074
10  5  3  865.22  3608.94  704.073
10  5  4  1099.81  5688.26  800.311
10  5  5  2446.82  14728.8  1283.59
For row 10 and col 6 ,pedestal is 248.708
10  6  1  326.937  469.356  1366.31
10  6  2  374.631  883.702  1419.33
10  6  3  531.816  2155.02  1202.53
10  6  4  683.074  3355.54  1255.44
10  6  5  1111.83  6950.78  1593.59
For row 10 and col 7 ,pedestal is 245.115
10  7  1  300.486  418.712  2193.46
10  7  2  316.177  630.294  2589.58
10  7  3  434.181  1543.22  1463.83
10  7  4  676.154  3336.52  1393.45
10  7  5  905.383  5278.73  1620.15
For row 10 and col 8 ,pedestal is 234.2
10  8  1  353.01  737.057  950.726
10  8  2  423.322  1236.31  865.817
10  8  3  550.306  2233.99  836.658
10  8  4  1083.4  5938.12  961.788
10  8  5  1527.85  9590.91  1112.68
For row 10 and col 9 ,pedestal is 206.753
10  9  1  247.732  301.326  2120.66
10  9  2  279.848  518.078  1132.95
10  9  3  331.722  964.237  957.108
10  9  4  615.323  3159.39  781.659
10  9  5  1263.62  8415.2  1129.3
For row 10 and col 10 ,pedestal is 230.379
10  10  1  253.885  160.881  7680.57
10  10  2  274.741  291.069  3561.58
10  10  3  297.551  510.22  3048.44
10  10  4  447.91  1678.17  1874.02
10  10  5  798.629  4548.86  2014.85
For row 10 and col 11 ,pedestal is 223.495
10  11  1  271.981  321.916  2250.21
10  11  2  341.625  837.076  1075.32
10  11  3  453.018  1758.54  942.858
10  11  4  751.749  4082.39  958.031
10  11  5  1259.88  8299.59  1241.31
For row 11 and col 0 ,pedestal is 230.321
11  0  1  260.755  154.358  3572.06
11  0  2  319.25  530.135  1382.41
11  0  3  367.778  905.62  1014.94
11  0  4  848.18  4548.23  543.567
11  0  5  1236.13  6713.51  712.515
For row 11 and col 1 ,pedestal is 201.27
11  1  1  219.273  87.8274  15166
11  1  2  237.326  229.21  6186.68
11  1  3  277.569  505.617  3897.92
11  1  4  480.107  2089.23  2108.44
11  1  5  447.537  1674.67  2403.59
For row 11 and col 2 ,pedestal is 226.688
11  2  1  251.365  109.225  8896.42
11  2  2  295.158  446.441  2990.56
11  2  3  355.742  871.867  1491.35
11  2  4  690.475  3419.09  941.637
11  2  5  789.802  3728.77  1181.26
For row 11 and col 3 ,pedestal is 238.488
11  3  1  283.057  212.874  7058.9
11  3  2  309.527  405.68  4410.93
11  3  3  359.677  697.936  2936.34
11  3  4  511.749  1871.56  2143.15
11  3  5  890.026  4551.08  2181.94
For row 11 and col 4 ,pedestal is 230.204
11  4  1  303.715  471.849  2045.28
11  4  2  386.21  995.456  1096.77
11  4  3  545.921  2175.39  1240.53
11  4  4  932.216  5280.13  1223.32
11  4  5  1998.03  13709.2  1800.17
For row 11 and col 5 ,pedestal is 229.455
11  5  1  313.533  376.269  1116.62
11  5  2  453.228  1198.21  808.898
11  5  3  712.191  2820.41  770.841
11  5  4  955.345  4809.35  926.689
11  5  5  2568.43  15919.9  1515.14
For row 11 and col 6 ,pedestal is 221.419
11  6  1  309.774  398.391  1443.99
11  6  2  327.562  653.258  1992.89
11  6  3  354.658  898.648  1508.27
11  6  4  577.062  2617.12  1341.41
11  6  5  788.464  4381.47  1763.91
For row 11 and col 7 ,pedestal is 189.158
11  7  1  251.84  364.121  4123.94
11  7  2  274.365  618.568  1818.36
11  7  3  376.131  1489.44  1174.8
11  7  4  514.496  2554.51  1356.86
11  7  5  746.804  4523.59  1667.14
For row 11 and col 8 ,pedestal is 213.638
11  8  1  315.812  656.871  1018.49
11  8  2  410.901  1299.99  871.112
11  8  3  568.83  2540.47  897.869
11  8  4  880.816  4737.5  1054.54
11  8  5  1515.77  9770.41  1537.25
For row 11 and col 9 ,pedestal is 194.106
11  9  1  239.721  356.345  1872.79
11  9  2  289.531  708.406  1065.51
11  9  3  379.502  1454.05  1007.7
11  9  4  653.833  3588.51  1026.41
11  9  5  1419.05  9844.24  1501.5
For row 11 and col 10 ,pedestal is 196.688
11  10  1  237.5  342.534  2214.19
11  10  2  287.354  654.973  1231.68
11  10  3  380.477  1477.19  1076.76
11  10  4  696.991  3912.12  1044.76
11  10  5  1226.12  8344.79  1472.07
For row 11 and col 11 ,pedestal is 247.409
11  11  1  286.322  275.799  3929.21
11  11  2  314.603  476.279  2325
11  11  3  365.926  901.108  1869.34
11  11  4  575.819  2546.86  1349.03
11  11  5  977.403  5888.14  1568.39
