#All information for run 1289.
#Row Col LED <Max> <Int> NPE
For row 12 and col 0, pedestal is 238.473
12  0  1  162.637  897.625  85.3799
12  0  2  369.393  2293.48  176.964
12  0  3  759.326  4858.93  342.319
12  0  4  1639.96  11732.6  656.322
For row 12 and col 1, pedestal is 194.135
12  1  1  27.6449  128.768  19.7537
12  1  2  310.097  1865.62  147.817
12  1  3  1111.77  6840.51  432.206
12  1  4  1428.68  9797.79  547.645
For row 12 and col 2, pedestal is 214.669
12  2  1  83.9113  458.793  78.5101
12  2  2  214.526  1315.85  197.417
12  2  3  447.314  2755.49  356.072
12  2  4  1058.23  7311.93  617.511
For row 12 and col 3, pedestal is 216.192
12  3  1  236.904  1386.74  95.7355
12  3  2  571.769  3426.06  218.48
12  3  3  758.832  5022.39  282.493
12  3  4  2565.72  15953.1  721.534
For row 12 and col 4, pedestal is 231.472
12  4  1  47.8222  270.504  72.9521
12  4  2  82.696  504.52  108.16
12  4  3  189.072  1295.34  234.446
12  4  4  713.446  4524.55  681.27
For row 12 and col 5, pedestal is 207.826
12  5  1  125.793  808.405  73.1734
12  5  2  229.286  1505.84  130.385
12  5  3  432.653  3063.51  250.152
12  5  4  1149.38  7511.35  609.536
For row 12 and col 6, pedestal is 203.849
12  6  1  96.2025  673.905  87.4993
12  6  2  160.009  997.561  146.17
12  6  3  276.225  2017.46  221.389
12  6  4  467.491  4498.4  468.342
For row 12 and col 7, pedestal is 196.313
12  7  1  52.1144  333.044  50.378
12  7  2  84.596  435.565  100.335
12  7  3  185.224  1300.14  209.385
12  7  4  262.255  2314.46  280.402
For row 12 and col 8, pedestal is 234.169
12  8  1  123.683  668.273  68.3633
12  8  2  279.041  1663.42  146.238
12  8  3  867.689  5783.5  369.364
12  8  4  1075.12  9161.89  502.465
For row 12 and col 9, pedestal is 230.125
12  9  1  184.713  1017.07  99.0493
12  9  2  447.253  2517.28  225.678
12  9  3  711.623  4204.33  356.54
12  9  4  1030.08  6558.21  469.52
For row 12 and col 10, pedestal is 214.371
12  10  1  148.545  816.357  97.1895
12  10  2  342.167  1974.92  210.845
12  10  3  525.543  3167.02  302.664
12  10  4  999.038  6442.12  504.082
For row 12 and col 11, pedestal is 184.434
12  11  1  188.765  1040.87  103.349
12  11  2  402.694  2318.12  199.824
12  11  3  704.103  4267.93  296.633
12  11  4  1439.64  9332.95  476.674
For row 13 and col 0, pedestal is 168.733
13  0  1  128.521  726.073  41.29
13  0  2  409.397  2539.19  118.687
13  0  3  1251.42  7906.06  302.516
13  0  4  2295.72  16053.8  508.978
For row 13 and col 1, pedestal is 199.241
13  1  1  195.231  1086.7  66.675
13  1  2  566.286  3464.92  177.877
13  1  3  889.031  5543.53  260.825
13  1  4  2077.65  14408.9  535.401
For row 13 and col 2, pedestal is 214.394
13  2  1  131.8  783.765  90.4754
13  2  2  306.557  1976.09  190.33
13  2  3  767.539  4996.59  426.42
13  2  4  1468.22  10588.1  749.812
For row 13 and col 3, pedestal is 195.213
13  3  1  185.348  1053.83  97.8567
13  3  2  306.454  1840.56  175.247
13  3  3  577.624  3813.51  321.228
13  3  4  1870.86  11594.9  831.511
For row 13 and col 4, pedestal is 205.187
13  4  1  59.3859  330.684  26.4461
13  4  2  432.432  2378.21  168.928
13  4  3  641.73  3950.14  252.932
13  4  4  2560.73  14778.5  672.614
For row 13 and col 5, pedestal is 202.792
13  5  1  69.4212  399.812  117.422
13  5  2  133.426  772.325  175.73
13  5  3  243.2  1633.9  337.201
13  5  4  630.106  4034.75  794.231
For row 13 and col 6, pedestal is 150.333
13  6  1  349.282  1899.5  149.347
13  6  2  527.581  3003.69  216.503
13  6  3  1150.32  7386.88  388.832
13  6  4  1855.84  15479.7  738.145
For row 13 and col 7, pedestal is 197.213
13  7  1  167.511  963.403  126.105
13  7  2  311.023  1893.15  214.669
13  7  3  566.039  4059.06  367.55
13  7  4  918.508  8480.67  686.389
For row 13 and col 8, pedestal is 225.532
13  8  1  285.566  1664.08  118.205
13  8  2  418.551  2613.59  178.549
13  8  3  975.67  6837.16  370.619
13  8  4  1380.34  12181.7  566.327
For row 13 and col 9, pedestal is 215.134
13  9  1  115.317  676.515  69.598
13  9  2  315.363  1847.99  195.498
13  9  3  506.298  3084.34  296.458
13  9  4  1034.02  6764.09  502.659
For row 13 and col 10, pedestal is 196.332
13  10  1  162.03  928.369  92.2813
13  10  2  361.355  2116.85  203.375
13  10  3  664.162  4022.04  352.747
13  10  4  1226.91  8017.89  588.946
For row 13 and col 11, pedestal is 211.251
13  11  1  127.354  717.647  100.432
13  11  2  248.221  1449.61  194.958
13  11  3  511.765  3122.22  391.444
13  11  4  922.031  6033  581.556
For row 14 and col 0, pedestal is 203.254
14  0  1  77.8518  413.347  67.3201
14  0  2  191.363  1196.11  154.793
14  0  3  470.92  3003.65  338.29
14  0  4  1099.77  7843.45  723.443
For row 14 and col 1, pedestal is 227.422
14  1  1  145.17  839.673  86.8654
14  1  2  263.175  1677.36  148.586
14  1  3  697.316  4544.91  359.478
14  1  4  810.648  5864.78  419.538
For row 14 and col 2, pedestal is 189.477
14  2  1  179.85  1067.88  81.1218
14  2  2  346.256  2250.08  150.228
14  2  3  1096.31  7187.63  389.59
14  2  4  1249.19  9121.88  462.787
For row 14 and col 3, pedestal is 212.073
14  3  1  98.3087  518.912  101.651
14  3  2  207.917  1231.79  205.612
14  3  3  196.906  1268.55  211.814
14  3  4  946.703  5938.83  845.855
For row 14 and col 4, pedestal is 185.565
14  4  1  85.4409  543.213  67.3162
14  4  2  194.035  1202.79  144.793
14  4  3  345  2410.78  255.983
14  4  4  992.111  6427.91  649.087
For row 14 and col 5, pedestal is 217.774
14  5  1  136.679  830.265  76.5923
14  5  2  220.235  1347.53  122.033
14  5  3  466.899  3250.33  254.295
14  5  4  1589.81  10425.2  783.052
For row 14 and col 6, pedestal is 181.083
14  6  1  162.623  802.359  112.298
14  6  2  245.371  1576.64  213.885
14  6  3  412.122  3000.43  325.045
14  6  4  731.546  6985.68  656.609
For row 14 and col 7, pedestal is 228.475
14  7  1  116.356  723.257  150.026
14  7  2  203.684  1304.69  220.97
14  7  3  448.258  3355.75  369.288
14  7  4  543.877  5264.52  539.344
For row 14 and col 8, pedestal is 201.487
14  8  1  232.87  1505.91  176.415
14  8  2  286.847  1938.19  224.174
14  8  3  721.895  5337.07  507.452
14  8  4  1155.27  10697.1  872.813
For row 14 and col 9, pedestal is 212.887
14  9  1  78.0469  492.09  96.7954
14  9  2  231.337  1395.41  241.303
14  9  3  365.939  2261.16  352.981
14  9  4  703.294  4636.9  575.289
For row 14 and col 10, pedestal is 238.212
14  10  1  194.122  1166.94  65.7918
14  10  2  416.183  2549.75  136.777
14  10  3  921.714  5841.55  271.188
14  10  4  1450.12  9874.37  409.391
For row 14 and col 11, pedestal is 209.861
14  11  1  230.386  1372.24  84.3184
14  11  2  491.618  2967.1  182.198
14  11  3  914.18  5808.93  315.318
14  11  4  1833.28  12474.3  556.737
For row 15 and col 0, pedestal is 232.879
15  0  1  212.069  1188.06  75.3036
15  0  2  485.989  2911.43  165.931
15  0  3  1328.91  8252.66  359.519
15  0  4  2235.43  15381.7  565.145
For row 15 and col 1, pedestal is 199.985
15  1  1  58.8535  286.105  42.301
15  1  2  203.461  1216.28  138.205
15  1  3  762.848  4758.86  421.614
15  1  4  1042.61  7253.68  564.818
For row 15 and col 2, pedestal is 221.308
15  2  1  188.429  1063.42  109.246
15  2  2  396.722  2432.38  209.631
15  2  3  1065.16  6607.51  471.849
15  2  4  1665.52  11449.7  724.922
For row 15 and col 3, pedestal is 174.139
15  3  1  172.724  960.526  97.6291
15  3  2  452.403  2603.66  242.671
15  3  3  28.2807  167.483  22.1898
15  3  4  2007.32  12259.1  909.205
For row 15 and col 4, pedestal is 212.586
15  4  1  101.362  613.247  82.9797
15  4  2  192.078  1202.38  118.655
15  4  3  514.595  3557.04  296.613
15  4  4  1319.32  8675.32  663.287
For row 15 and col 5, pedestal is 180.265
15  5  1  109.574  778.184  143.952
15  5  2  178.709  1196.1  142.912
15  5  3  485.549  3477.86  348.591
15  5  4  1658.47  11251.3  855.77
For row 15 and col 6, pedestal is 219.825
15  6  1  257.504  1493.38  126.709
15  6  2  363.333  2089.92  179.595
15  6  3  1006.79  6481.32  396.353
15  6  4  1516.96  12511.9  670.233
For row 15 and col 7, pedestal is 223.975
15  7  1  184.152  1174.7  147.392
15  7  2  227.878  1543.91  194.343
15  7  3  490.652  3843.49  369.116
15  7  4  823.554  7902.06  644.938
For row 15 and col 8, pedestal is 175.442
15  8  1  161.5  951.475  185.221
15  8  2  178.621  1097.42  214.023
15  8  3  552.635  3915.1  574.85
15  8  4  714.074  6317.35  837.498
For row 15 and col 9, pedestal is 189.335
15  9  1  104.491  573.251  110.446
15  9  2  193.345  1105.08  185.281
15  9  3  387.119  2315.8  340.043
15  9  4  815.895  5254.47  622.107
For row 15 and col 10, pedestal is 184.724
15  10  1  87.0813  488.402  77.388
15  10  2  209.595  1226.65  182.845
15  10  3  408.248  2486.21  358.989
15  10  4  481.876  3161.3  394.798
For row 15 and col 11, pedestal is 205.847
15  11  1  91.5196  511.695  60.7209
15  11  2  254.858  1481.06  162.64
15  11  3  476.95  2914.45  287.308
15  11  4  932.737  6120.24  513.773
For row 16 and col 0, pedestal is 181.818
16  0  1  19.6195  95.9146  22.0353
16  0  2  241.652  1465.68  192.66
16  0  3  597.017  3724.18  413.777
16  0  4  989.052  6862.67  639.824
For row 16 and col 1, pedestal is 217.701
16  1  1  128.643  705.674  74.8309
16  1  2  372.386  2290.34  200.917
16  1  3  947.28  5908.82  406.95
16  1  4  1451.39  10145.2  611.201
For row 16 and col 2, pedestal is 208.552
16  2  1  90.7374  486.873  117.996
16  2  2  190.069  1160.28  222.991
16  2  3  530.349  3372  473.584
16  2  4  563.055  3968.32  563.43
For row 16 and col 3, pedestal is 203.52
16  3  1  111.981  609.819  102.66
16  3  2  230.017  1340.84  196.805
16  3  3  341.713  2227.11  292.348
16  3  4  1318.52  8150.53  916.349
For row 16 and col 4, pedestal is 229.102
16  4  1  80.8273  579.781  124.606
16  4  2  117.316  800.842  112.707
16  4  3  287.006  2072.03  266.712
16  4  4  1140.31  7439.19  794.788
For row 16 and col 5, pedestal is 193.829
16  5  1  21.5456  51.806  141.439
16  5  2  348.763  1963.35  144.857
16  5  3  727.392  4490.15  281.608
16  5  4  88.4833  543.319  60.8411
For row 16 and col 6, pedestal is 190.04
16  6  1  187.996  968.356  204.266
16  6  2  244.022  1636.34  222.438
16  6  3  583.887  4326.58  481.781
16  6  4  676.594  6499.77  651.582
For row 16 and col 7, pedestal is 220.995
16  7  1  122.307  698.575  102.67
16  7  2  183.822  1247.24  118.364
16  7  3  358.149  2737.55  319.007
16  7  4  565.325  5462.91  494.76
For row 16 and col 8, pedestal is 191.493
16  8  1  359.712  2097.49  136.117
16  8  2  580.994  3641.52  212.651
16  8  3  1363.23  9449.98  456.546
16  8  4  1688.36  14897  657.042
For row 16 and col 9, pedestal is 217.53
16  9  1  98.2692  523.947  90.0411
16  9  2  226.756  1323.67  169.858
16  9  3  462.669  2890.54  348.63
16  9  4  817.139  5420.54  515.238
For row 16 and col 10, pedestal is 211.535
16  10  1  225.432  1304.06  112.647
16  10  2  553.518  3307.26  250.926
16  10  3  918.007  5674.78  388.883
16  10  4  1522.81  9987.82  591.678
For row 16 and col 11, pedestal is 207.681
16  11  1  45.4166  233.853  87.362
16  11  2  97.479  561.936  160.602
16  11  3  179.254  1067.11  257.133
16  11  4  400.405  2600.64  436.167
For row 17 and col 0, pedestal is 191.995
17  0  1  104.721  537.984  90.8566
17  0  2  257.713  1504.79  197.584
17  0  3  667.418  4031.99  452.597
17  0  4  1042.17  6997.2  682.531
For row 17 and col 1, pedestal is 200.383
17  1  1  10.8024  68.3623  38.7989
17  1  2  80.9656  536.163  129.501
17  1  3  14.7043  110.522  32.4124
17  1  4  341.429  2371.32  443.388
For row 17 and col 2, pedestal is 198.732
17  2  1  282.76  1610.53  95.9505
17  2  2  669.409  4161.04  227.708
17  2  3  1589  10115.9  457.878
17  2  4  2075.85  14673.1  611.662
For row 17 and col 3, pedestal is 225.639
17  3  1  111.243  611.344  88.2954
17  3  2  218.418  1265.84  163.029
17  3  3  369.827  2374.72  258.602
17  3  4  1336.99  8073.15  828.956
For row 17 and col 4, pedestal is 210.547
17  4  1  136.751  718.783  103.395
17  4  2  257.3  1601.79  185.019
17  4  3  418.573  2932.37  318.321
17  4  4  1026.47  6775.44  629.889
For row 17 and col 5, pedestal is 175.625
17  5  1  329.216  1694.15  114.646
17  5  2  574.602  3138.79  180.849
17  5  3  1148.65  7014.11  317.921
17  5  4  3487.14  20959.5  545.985
For row 17 and col 6, pedestal is 220.337
17  6  1  215.841  989.93  122.199
17  6  2  289.664  1635.89  166.107
17  6  3  672.886  4131.51  330.029
17  6  4  960.056  7782.08  573.222
For row 17 and col 7, pedestal is 230.888
17  7  1  79.1901  478.329  88.0004
17  7  2  115.011  852.577  128.458
17  7  3  208.084  1634.14  318.425
17  7  4  315.122  3135.82  499.937
For row 17 and col 8, pedestal is 213.971
17  8  1  240.816  1404.59  88.1199
17  8  2  627.681  3782.28  224.004
17  8  3  1446.67  9723.15  452.118
17  8  4  1748.43  14962.5  609.598
For row 17 and col 9, pedestal is 217.134
17  9  1  126.111  797.489  53.5929
17  9  2  242.873  1492.17  105.268
17  9  3  610.73  3789.66  227.575
17  9  4  965.207  6387.94  327.248
For row 17 and col 10, pedestal is 205.431
17  10  1  189.26  1106.7  102.671
17  10  2  404.515  2368.07  210.517
17  10  3  614.004  3728.7  308.929
17  10  4  1046.03  6785.79  471.927
For row 17 and col 11, pedestal is 242.938
17  11  1  59.0162  260.835  73.5036
17  11  2  156.644  784.558  195.558
17  11  3  282.053  1661.17  354.872
17  11  4  378.417  2395.18  420.888
For row 18 and col 0, pedestal is 209.91
18  0  1  85.0326  478.973  40.5923
18  0  2  246.988  1470.13  118.748
18  0  3  364.837  2336.78  176.924
18  0  4  2167.13  15581.7  688.19
For row 18 and col 1, pedestal is 216.31
18  1  1  14.2538  64.3322  60.6586
18  1  2  29.4026  169.273  136.374
18  1  3  58.2655  377.261  265.199
18  1  4  208.195  1521.99  740.784
For row 18 and col 2, pedestal is 209.534
18  2  1  154.843  830.837  58.4806
18  2  2  423.162  2445.31  153.392
18  2  3  642.959  4010.58  225.317
18  2  4  3152.28  21990.2  632.116
For row 18 and col 3, pedestal is 240.964
18  3  1  99.1721  640.137  76.9367
18  3  2  221.573  1493.55  162.086
18  3  3  542.336  3701.55  338.24
18  3  4  963.21  7413.53  503.186
For row 18 and col 4, pedestal is 195.686
18  4  1  174.543  915.839  89.2692
18  4  2  365.7  2040.82  175.211
18  4  3  749.357  4222.79  322.701
18  4  4  1336.46  8642.83  497.21
For row 18 and col 5, pedestal is 188.503
18  5  1  126.295  701.06  134.173
18  5  2  260.914  1625.59  227.187
18  5  3  511.478  3279.33  382.628
18  5  4  936.561  6962.05  613.753
For row 18 and col 6, pedestal is 209.546
18  6  1  130.799  838.37  129.23
18  6  2  227.792  1543.86  200.934
18  6  3  457.13  3461.76  371.255
18  6  4  1069.5  8184.22  669.336
For row 18 and col 7, pedestal is 230.362
18  7  1  166.61  1054.97  138.612
18  7  2  280.292  1842.58  203.391
18  7  3  566.591  4193.86  348.439
18  7  4  1440.13  10881.3  772.854
For row 18 and col 8, pedestal is 239.587
18  8  1  490.984  2892.91  115.8
18  8  2  951.06  5869.93  207.561
18  8  3  1597.2  10927.3  350.026
18  8  4  3707.44  25648.3  570.745
For row 18 and col 9, pedestal is 231.862
18  9  1  113.43  794.383  88.4191
18  9  2  192.622  1353.1  131.205
18  9  3  397.841  3020.93  288.106
18  9  4  1127.87  8766.56  621.869
For row 18 and col 10, pedestal is 217.869
18  10  1  175.917  1225.18  75.4234
18  10  2  229.021  1597.11  90.8224
18  10  3  445.606  3341.81  179.827
18  10  4  1364.63  10283.8  426.763
For row 18 and col 11, pedestal is 183.827
18  11  1  86.5319  573.307  59.0837
18  11  2  95.1143  648.786  58.5742
18  11  3  236.119  1748.18  152.207
18  11  4  768.791  5741.17  373.528
For row 19 and col 0, pedestal is 189.789
19  0  1  89.7003  448.435  49.079
19  0  2  239.535  1355.69  116.12
19  0  3  411.45  2530.06  182.675
19  0  4  1826.66  12805.2  450.02
For row 19 and col 1, pedestal is 221.091
19  1  1  271.372  1509.31  63.6735
19  1  2  647.343  3840  143.673
19  1  3  1034.3  6644.24  220.369
For row 19 and col 2, pedestal is 250.734
19  2  1  118.512  629.608  74.5675
19  2  2  290.663  1673.44  179.544
19  2  3  402.452  2531.67  226.293
19  2  4  1739.58  12385.6  565.36
For row 19 and col 3, pedestal is 231.37
19  3  1  97.75  554.524  117.852
19  3  2  200.963  1239.13  229.163
19  3  3  356.271  2257.6  396.697
19  3  4  718.302  5203.48  752.837
For row 19 and col 4, pedestal is 204.045
19  4  1  105.29  580.1  90.3616
19  4  2  202.965  1276.89  196.996
19  4  3  380.955  2435.84  284.518
19  4  4  792.577  5777.96  529.721
For row 19 and col 5, pedestal is 218.533
19  5  1  153.028  793.284  81.1634
19  5  2  333.535  1848.77  172.596
19  5  3  975.958  5475.25  383.454
19  5  4  1536.9  9965.6  591.747
For row 19 and col 6, pedestal is 219.069
19  6  1  146.141  793.968  94.6921
19  6  2  241.054  1402.72  163.442
19  6  3  464.019  2956.57  279.497
19  6  4  834.512  5409.86  478.036
For row 19 and col 7, pedestal is 237.713
19  7  1  84.12  535.646  89.0058
19  7  2  128.11  862.487  145.362
19  7  3  202.604  1538.04  222.026
19  7  4  614.46  4675.16  638.318
For row 19 and col 8, pedestal is 208.727
19  8  1  175.408  1095.85  128.982
19  8  2  260.46  1684.72  197.438
19  8  3  470.466  3362.29  344.794
19  8  4  1031.85  7357.27  696.903
For row 19 and col 9, pedestal is 183.487
19  9  1  166.078  1160.91  86.3511
19  9  2  278.069  1925.7  128.685
19  9  3  618.505  4640.7  291.957
19  9  4  1598.34  12076.5  606.569
For row 19 and col 10, pedestal is 199.69
19  10  1  94.2983  663.435  80.7156
19  10  2  194.398  1366.5  143.395
19  10  3  402.399  3065.26  301.084
19  10  4  999.244  7744.03  598.072
For row 19 and col 11, pedestal is 195.443
19  11  1  62.0981  386.603  62.6578
19  11  2  90.9289  591.995  79.7783
19  11  3  305.681  2283.6  259.436
19  11  4  779.143  5874.65  557.359
For row 20 and col 0, pedestal is 240.468
20  0  1  37.1973  192.189  44.0499
20  0  2  114.17  665.157  131.058
20  0  3  197.861  1250.77  231.576
20  0  4  985.097  7018.1  602.892
For row 20 and col 1, pedestal is 234.067
20  1  1  105.398  609.008  56.6389
20  1  2  269.012  1607.75  143.473
20  1  3  494.267  3173.12  257.278
20  1  4  1832.98  13181.4  694.447
For row 20 and col 2, pedestal is 212.745
20  2  1  285.383  1598.52  67.8707
20  2  2  716.356  4152.28  161.297
20  2  3  1118.39  7048.94  250.762
20  2  4  3552.97  25074.9  449.288
For row 20 and col 3, pedestal is 215.898
20  3  1  119.673  726.614  89.7808
20  3  2  280.266  1745.57  189.079
20  3  3  438.86  2729.16  250.85
20  3  4  1065.58  7481.35  472.149
For row 20 and col 4, pedestal is 171.394
20  4  1  81.021  437.851  71.8806
20  4  2  24.329  65.6179  142.597
20  4  3  360.424  2262.55  282.489
20  4  4  619.551  4457.87  464.081
For row 20 and col 5, pedestal is 187.607
20  5  1  298.503  1543.82  92.336
20  5  2  686.353  3857.06  192.734
20  5  3  1748.99  10089.5  392.042
20  5  4  2960.92  19666.4  479.27
For row 20 and col 6, pedestal is 222.991
20  6  1  185.617  1040.03  165.911
20  6  2  306.157  1845.34  214.468
20  6  3  588.202  4121.37  352.904
20  6  4  1234.4  9005.87  685.721
For row 20 and col 7, pedestal is 194.804
20  7  1  101.911  651.885  129.914
20  7  2  149.606  1023.12  181.533
20  7  3  287.651  2160.25  322.284
20  7  4  636.012  4871.95  581.72
For row 20 and col 8, pedestal is 213.994
20  8  1  230.398  1368.2  157.639
20  8  2  313.655  1971.24  199.941
20  8  3  690.294  4778.54  443.245
20  8  4  1215.57  8425.17  665.281
For row 20 and col 9, pedestal is 211.323
20  9  1  102.827  737.2  74.2991
20  9  2  168.482  1218.26  109.868
20  9  3  387.939  3034.12  256.749
20  9  4  676.197  5364.58  409.821
For row 20 and col 10, pedestal is 224.291
20  10  1  67.7654  456.667  73.6029
20  10  2  145.448  977.017  128.179
20  10  3  291.202  2171.23  259.632
20  10  4  494.763  3748.39  381.577
For row 20 and col 11, pedestal is 211.081
20  11  1  77.3634  544.309  85.9519
20  11  2  99.172  708.672  101.379
20  11  3  310.718  2366.63  290.385
20  11  4  878.425  6744.06  547.496
For row 21 and col 0, pedestal is 221.071
21  0  1  51.6187  288.92  43.1495
21  0  2  121.249  788.987  112.441
21  0  3  231.862  1548.51  216.592
21  0  4  842  6209.28  595.137
For row 21 and col 1, pedestal is 294.09
21  1  1  149.197  836.362  56.6356
21  1  2  397.903  2354.95  143.21
21  1  3  774.435  4903.04  242.451
21  1  4  3158.56  22529.5  548.897
For row 21 and col 2, pedestal is 214.029
21  2  1  257.585  1489.44  62.6149
21  2  2  627.537  3766.05  144.342
21  2  3  1123.94  7257.47  246.496
21  2  4  3797.67  28068.5  1362.3
For row 21 and col 3, pedestal is 254.552
21  3  1  281.471  1616.34  110.937
21  3  2  546.627  3326.98  197.795
21  3  3  1132.93  6982.01  360.029
21  3  4  2150.07  15086.3  620.496
For row 21 and col 4, pedestal is 205.305
21  4  1  136.07  782.391  89.7613
21  4  2  264.196  1722.86  166.05
21  4  3  634.949  4221.85  366.513
21  4  4  1103.24  8446.36  570.516
For row 21 and col 5, pedestal is 187.332
21  5  1  151.987  807.875  63.5485
21  5  2  364.042  2052.37  146.479
21  5  3  863.145  4957.12  306.674
21  5  4  1722.24  11364.6  517.283
For row 21 and col 6, pedestal is 240.692
21  6  1  251.723  1314.15  113.547
21  6  2  369.652  2093.54  162.106
21  6  3  822.024  5167.96  317.874
21  6  4  1610.46  10343.4  596.551
For row 21 and col 7, pedestal is 247.558
21  7  1  158.506  1041.44  105.364
21  7  2  188.628  1316.92  130.087
21  7  3  256.69  1937.58  181.59
21  7  4  824.693  6277.71  507.544
For row 21 and col 8, pedestal is 240.286
21  8  1  197.01  1179  151.16
21  8  2  286.647  1797.69  216.001
21  8  3  568.427  3929.85  394.077
21  8  4  550.468  3768.8  417.855
For row 21 and col 9, pedestal is 248.798
21  9  1  119.416  844.713  87.649
21  9  2  206.554  1412.43  124.766
21  9  3  486.197  3617.92  306.054
21  9  4  1287  9663.16  655.663
For row 21 and col 10, pedestal is 234.424
21  10  1  122.088  863.887  81.431
21  10  2  199.528  1393.68  113.791
21  10  3  431.386  3278.83  254.9
21  10  4  988.972  7596.5  472.646
For row 21 and col 11, pedestal is 219.932
21  11  1  178.425  1281.19  88.5276
21  11  2  350.486  2464.4  143.925
21  11  3  562.998  4262.83  240.204
21  11  4  1435.55  10979  471.878
For row 22 and col 0, pedestal is 267.239
22  0  1  22.6811  123.058  43.5179
22  0  2  37.5966  231.539  80.8062
22  0  3  88.6743  558.17  207.691
22  0  4  377.651  2651.42  574.881
For row 22 and col 1, pedestal is 224.667
22  1  1  52.9944  326.505  31.4976
22  1  2  147.237  940.361  85.0527
22  1  3  424.914  2817.74  239.253
22  1  4  1242.86  9205.66  592.298
For row 22 and col 2, pedestal is 245.625
22  2  1  118.45  664.409  46.3635
22  2  2  240.376  1447.05  89.5492
22  2  3  695.108  4402.71  236.723
22  2  4  2118.46  15063  541.004
For row 22 and col 3, pedestal is 253.933
22  3  1  244.915  1419.45  109.465
22  3  2  510.979  3150.3  218.105
22  3  3  980.3  6131.82  390.303
22  3  4  2060.46  14644  704.833
For row 22 and col 4, pedestal is 218.161
22  4  1  129.967  666.348  86.887
22  4  2  264.283  1637.69  200.354
22  4  3  637.638  4136.36  409.964
22  4  4  1013.38  7525.75  614.214
For row 22 and col 5, pedestal is 231.488
22  5  1  245.635  1280.37  93.9174
22  5  2  427.334  2339.54  151.721
22  5  3  1265.88  7115.78  351.657
22  5  4  1764.1  11368.5  492.403
For row 22 and col 6, pedestal is 250.641
22  6  1  150.065  896.335  97.9764
22  6  2  259.382  1720.01  173.683
22  6  3  574.773  4241.9  350.697
22  6  4  889.057  6649.9  557.237
For row 22 and col 7, pedestal is 246.021
22  7  1  115.046  835.104  86.6228
22  7  2  157.726  1233.33  121.281
22  7  3  391.564  3068.67  297.681
22  7  4  866.542  6631.48  597.691
For row 22 and col 8, pedestal is 236.369
22  8  1  275.615  1666.71  114.059
22  8  2  439.803  2789.97  180.024
22  8  3  730.445  5062.82  311.165
22  8  4  1945.42  13441.5  669.199
For row 22 and col 9, pedestal is 207.784
22  9  1  93.3816  654.229  59.2272
22  9  2  166.908  1151.67  81.3583
22  9  3  290.697  2176.3  143.537
22  9  4  960.156  7253.31  396.067
For row 22 and col 10, pedestal is 229.749
22  10  1  56.1916  394.422  66.8002
22  10  2  104.357  715.973  102.517
22  10  3  166.652  1259.08  175.029
22  10  4  550.546  4190.6  456.898
For row 22 and col 11, pedestal is 223.532
22  11  1  107.232  741.372  60.3421
22  11  2  278.319  1974.53  120.58
22  11  3  549.779  4197.78  237.302
22  11  4  1274.06  9829.55  460.771
For row 23 and col 0, pedestal is 232.488
23  0  1  63.48  311.921  55.0125
23  0  2  195.836  1141.32  130.951
23  0  3  313.45  1988.62  189.396
23  0  4  1418.2  10289.1  489.953
For row 23 and col 1, pedestal is 202.626
23  1  1  34.8646  170.257  53.907
23  1  2  82.306  496.513  142.633
23  1  3  177.716  1124.77  272.652
23  1  4  668.941  4915.6  711.353
For row 23 and col 2, pedestal is 227.026
23  2  1  41.8432  210.044  72.212
23  2  2  169.085  1001.69  132.84
23  2  3  315.054  2005.92  243.804
23  2  4  1116.32  8022.13  528.834
For row 23 and col 3, pedestal is 239.038
23  3  1  86.651  465.028  117.555
23  3  2  156.265  922.512  184.934
23  3  3  266.002  1569.26  288.234
23  3  4  633.601  4352.82  587.453
For row 23 and col 4, pedestal is 231.331
23  4  1  150.643  925.594  120.991
23  4  2  302.902  1969.31  198.787
23  4  3  647.492  4299.55  406.447
23  4  4  1416.16  10613.4  721.899
For row 23 and col 5, pedestal is 232.502
23  5  1  160.046  773.516  80.2248
23  5  2  433.925  2396.72  197.032
23  5  3  975.942  5614.07  367.628
23  5  4  1460.15  9588.55  534.246
For row 23 and col 6, pedestal is 226.375
23  6  1  137.847  781.907  186.557
23  6  2  189.917  1210.38  194.087
23  6  3  245.237  1760.94  272.297
23  6  4  693.969  5144.84  600.856
For row 23 and col 7, pedestal is 190.949
23  7  1  130.859  729.143  95.1005
23  7  2  168.581  1214.11  174.023
23  7  3  376.439  2966.19  342.596
23  7  4  646.202  5115.65  589.648
For row 23 and col 8, pedestal is 214.808
23  8  1  248.03  1505.19  111.408
23  8  2  474.002  3014.74  208.608
23  8  3  846.566  5933.73  356.404
23  8  4  1584.83  11085.8  607.581
For row 23 and col 9, pedestal is 195.304
23  9  1  105.459  800.759  62.8759
23  9  2  229.722  1634.26  109.918
23  9  3  447.709  3418.02  229.546
23  9  4  1097.8  8424.01  467.995
For row 23 and col 10, pedestal is 197.297
23  10  1  103.603  785.254  65.709
23  10  2  223.26  1543.51  119.21
23  10  3  462.679  3530.23  262.034
23  10  4  1237.5  9418.97  565.766
For row 23 and col 11, pedestal is 248.712
23  11  1  81.8637  579.401  63.6698
23  11  2  145.58  1024.18  101.454
23  11  3  263.872  1996.51  183.42
23  11  4  751.737  5787.93  430.003
