#All information for run 1200.
#Row Col LED <Max> <Int> NPE
For row 0 and col 0 ,pedestal is 236.405
0  0  1  246.552  31.3329  56118.5
0  0  2  251.686  77.9826  20553.6
0  0  3  262.075  162.56  23642.3
0  0  4  289.974  385.804  17767.2
0  0  5  353.954  1074.3  13278.4
For row 0 and col 1 ,pedestal is 192.17
0  1  1  198.658  7.97874  25935.3
0  1  2  205.646  62.3936  20921.9
0  1  3  229.575  214.803  12073.1
0  1  4  240.442  307.311  10984.2
0  1  5  252.12  504.747  9285.99
For row 0 and col 2 ,pedestal is 211.978
0  2  1  219.122  26.8694  26103.9
0  2  2  224.164  61.7608  20074
0  2  3  230.929  111.589  12967.8
0  2  4  249.516  270.21  13944.8
0  2  5  295.472  748.341  11380.5
For row 0 and col 3 ,pedestal is 215.27
0  3  1  228.533  65.627  26776.6
0  3  2  239.323  152.848  16295.1
0  3  3  247.971  213.642  15256.7
0  3  4  321.279  659.725  6459.38
0  3  5  481.3  1874.65  4965.51
For row 0 and col 4 ,pedestal is 229.995
0  4  1  258.724  85.7393  6963.18
0  4  2  256.289  145.761  13121.6
0  4  3  287.035  377.434  4689.63
0  4  4  429.282  1318.5  2645.3
0  4  5  741.833  3744.98  3189.62
For row 0 and col 5 ,pedestal is 205.978
0  5  1  242.396  261.755  8223.61
0  5  2  270.647  471.559  2648.29
0  5  3  331.052  939.818  1908.92
0  5  4  548.821  2263.84  1623.83
0  5  5  1427.85  9001.64  2375.17
For row 0 and col 6 ,pedestal is 202.631
0  6  1  243.647  241.562  3356.8
0  6  2  251.543  336.912  3594.26
0  6  3  284.795  595.995  3980.48
0  6  4  342.593  1298.47  3994.09
0  6  5  615.605  3315.12  2332.79
For row 0 and col 7 ,pedestal is 192.79
0  7  1  219.289  114.138  7908.2
0  7  2  227.478  126.328  4009.24
0  7  3  255.151  378.547  2576.44
0  7  4  277.479  668.789  2899.31
0  7  5  485.831  2204.01  2411.48
For row 0 and col 8 ,pedestal is 232.347
0  8  1  247.052  31.6768  17376.4
0  8  2  247.584  64.5976  26349.2
0  8  3  264.906  225.268  19759.1
0  8  4  269.757  360.323  19246
0  8  5  360.612  959.341  8635.14
For row 0 and col 9 ,pedestal is 231.608
0  9  1  241.528  49.391  35475.3
0  9  2  249.964  107.216  20879.6
0  9  3  257.676  165.667  19682
0  9  4  269.135  258.703  18961.5
0  9  5  312.765  647.863  12957
For row 0 and col 10 ,pedestal is 213.226
0  10  1  225.498  47.8043  29287.7
0  10  2  227.077  98.4117  28910.8
0  10  3  235.358  139.056  19333.5
0  10  4  253.72  271.53  14300.5
0  10  5  285.574  547.127  10481.1
For row 0 and col 11 ,pedestal is 181.885
0  11  1  194.03  48.4064  21066
0  11  2  203.642  92.9133  12443.9
0  11  3  212.339  162.297  10318.1
0  11  4  239.376  345.034  5648.24
0  11  5  261.904  548.373  4261.52
For row 1 and col 0 ,pedestal is 168.284
1  0  1  175.752  18.3257  22827.1
1  0  2  182.877  72.9856  7987.04
1  0  3  204.419  226.508  5870.76
1  0  4  233.436  459.323  4550.78
1  0  5  362.248  1714.48  2484.46
For row 1 and col 1 ,pedestal is 199.331
1  1  1  208.119  30.6779  39206
1  1  2  215.159  103.42  17064.4
1  1  3  225.638  174.018  11812.5
1  1  4  261.892  460.43  6930.87
1  1  5  311.382  986.195  6099.18
For row 1 and col 2 ,pedestal is 213.132
1  2  1  221.049  33.4899  43040.7
1  2  2  226.97  71.7286  20042.2
1  2  3  237.593  170.614  21873.2
1  2  4  259.185  352.791  17009.3
1  2  5  304.763  839.922  16855.6
For row 1 and col 3 ,pedestal is 194.706
1  3  1  202.677  46.2127  31682
1  3  2  205.89  75.2539  33102.8
1  3  3  215.275  152.585  23990.5
1  3  4  266.501  464.732  9437.6
1  3  5  352.622  1109.02  8295.4
For row 1 and col 4 ,pedestal is 203.75
1  4  1  223.097  112.166  11785.4
1  4  2  327.819  742.02  1115.58
1  4  3  393.095  1216.01  1133.45
1  4  4  970.817  4531.48  1260.48
1  4  5  2314.41  14063.2  2431.45
For row 1 and col 5 ,pedestal is 203.054
1  5  1  225.559  133.795  11060.6
1  5  2  242.015  242.85  4507.44
1  5  3  273.238  497.888  5234.94
1  5  4  392.825  1206.13  3470.74
1  5  5  778.907  4198.56  3320.32
For row 1 and col 6 ,pedestal is 148.156
1  6  1  254.079  542.252  804.024
1  6  2  301.641  851.152  811.103
1  6  3  466.153  2072.93  907.446
1  6  4  669.916  4377.49  1200.69
1  6  5  1725.76  11086.1  1650.73
For row 1 and col 7 ,pedestal is 194.672
1  7  1  243.456  285.712  2755.78
1  7  2  280.145  559.65  1806.7
1  7  3  360.883  1166.69  1472.87
1  7  4  449.225  2408.25  2034.4
1  7  5  979.739  6128.14  2063.73
For row 1 and col 8 ,pedestal is 224.345
1  8  1  238.687  55.3664  23379
1  8  2  240.493  86.7579  31994.7
1  8  3  260.075  242.591  11916.1
1  8  4  272.573  436.491  18585.9
1  8  5  372.43  1128.06  8333.08
For row 1 and col 9 ,pedestal is 213.306
1  9  1  223.648  40.1835  12895.4
1  9  2  227.518  92.4495  32613.6
1  9  3  234.412  130.336  18159.9
1  9  4  256.394  277.641  10942.3
1  9  5  295.491  616.864  9443.4
For row 1 and col 10 ,pedestal is 195.049
1  10  1  203.225  51.4213  45923
1  10  2  207.371  98.4978  22300.6
1  10  3  216.561  169.06  19597.1
1  10  4  236.622  339.852  15859.2
1  10  5  284.738  704.98  10077.5
For row 1 and col 11 ,pedestal is 210.081
1  11  1  217.246  40.4331  34606.7
1  11  2  219.675  62.1371  39289.6
1  11  3  229.846  126.48  18163.1
1  11  4  242.353  239.437  19139.6
1  11  5  272.767  479.436  14102.7
For row 2 and col 0 ,pedestal is 200.388
2  0  1  207.774  4.11939  38095.7
2  0  2  210.839  34.4604  35074.5
2  0  3  218.464  89.1931  20341.8
2  0  4  239.443  252.961  12410.1
2  0  5  296.914  807.439  6545.15
For row 2 and col 1 ,pedestal is 224.808
2  1  1  233.36  33.756  38171.2
2  1  2  237.235  71.3376  33160.5
2  1  3  253.736  184.131  16747.3
2  1  4  257.216  235.451  17397.7
2  1  5  321.223  874.115  9426.98
For row 2 and col 2 ,pedestal is 187.275
2  2  1  196.911  50.3409  26335.1
2  2  2  200.509  96.1974  21408.4
2  2  3  229.112  289.696  7295.98
2  2  4  234.997  370.089  7686.49
2  2  5  309.765  1147.92  4376.39
For row 2 and col 3 ,pedestal is 210.419
2  3  1  220.453  20.2276  19380.8
2  3  2  221.725  42.5684  34997
2  3  3  221.194  46.7048  34156.4
2  3  4  243.381  222.216  25495.8
2  3  5  326.037  825.851  14300.9
For row 2 and col 4 ,pedestal is 183.471
2  4  1  215.435  182.062  6039.86
2  4  2  232.37  363.383  2495.32
2  4  3  279.058  701.696  2460.4
2  4  4  461.659  1858.77  1825.19
2  4  5  1303.59  8239.85  2672.71
For row 2 and col 5 ,pedestal is 216.344
2  5  1  257.74  247.208  3286.22
2  5  2  284.279  395.032  2136.62
2  5  3  354.938  951.098  1714.35
2  5  4  683.811  3074.81  1630.29
2  5  5  1632.11  10458.6  2571.53
For row 2 and col 6 ,pedestal is 179.613
2  6  1  245.045  240.986  1129.16
2  6  2  252.963  461.754  2007.35
2  6  3  301.033  865.555  1981.35
2  6  4  388.244  2036.7  1770.62
2  6  5  851.449  5472.25  2060.1
For row 2 and col 7 ,pedestal is 227.216
2  7  1  266.821  233.738  9645.8
2  7  2  287.279  407.069  4526.16
2  7  3  352.339  965.821  2873.57
2  7  4  374.173  1547.75  3397.86
2  7  5  800.706  4732.54  2596.75
For row 2 and col 8 ,pedestal is 201.101
2  8  1  212.877  78.319  18505.7
2  8  2  217.036  98.7187  22523
2  8  3  232.129  238.178  16173.5
2  8  4  253.244  467.101  16208.4
2  8  5  327.787  1038.48  10420.8
For row 2 and col 9 ,pedestal is 212.061
2  9  1  225.074  43.8364  9938.27
2  9  2  226.23  72.5552  16057.6
2  9  3  228.06  99.2582  18815.7
2  9  4  238.348  190.015  13586.7
2  9  5  258.276  378.484  22087.3
For row 2 and col 10 ,pedestal is 236.352
2  10  1  246.344  55.7489  31497.3
2  10  2  251.575  108.385  34407.4
2  10  3  267.97  224.861  11159.5
2  10  4  284.52  373.006  9812.2
2  10  5  343.727  877.292  6167.89
For row 2 and col 11 ,pedestal is 208.027
2  11  1  218.802  57.5303  36511.2
2  11  2  222.367  96.8901  16771.6
2  11  3  233.178  179.187  9799.68
2  11  4  251.742  366.727  7608.18
2  11  5  304.934  813.614  5711.98
For row 3 and col 0 ,pedestal is 230.594
3  0  1  240.029  38.0112  39550.2
3  0  2  249.12  107.524  18836.4
3  0  3  276.068  301.154  7725.53
3  0  4  308.048  569.344  6438.93
3  0  5  375.347  1300.93  5135.32
For row 3 and col 1 ,pedestal is 199.492
3  1  1  211.027  13.7639  8656.93
3  1  2  214.548  56.0793  12494.9
3  1  3  223.877  178.373  14883.5
3  1  4  234.018  273.249  12779.9
3  1  5  280.975  774.378  9075.71
For row 3 and col 2 ,pedestal is 218.455
3  2  1  225.802  31.508  54761.2
3  2  2  232.975  74.2703  16328.9
3  2  3  247.608  198.244  16673.1
3  2  4  265.979  349.058  16527.4
3  2  5  350.062  1129.14  11843.4
For row 3 and col 3 ,pedestal is 173.004
3  3  1  183.206  45.1765  22580.9
3  3  2  195.417  105.452  11250.3
3  3  3  178.918  15.5479  33729.6
3  3  4  246.731  479.56  9413.99
3  3  5  383.631  1491.58  7800.28
For row 3 and col 4 ,pedestal is 209.404
3  4  1  253.12  179.561  2375.4
3  4  2  260.962  354.857  4823.84
3  4  3  360.234  1047.29  1395.46
3  4  4  583.13  2515.05  1802.38
3  4  5  1588.46  10383  2643.48
For row 3 and col 5 ,pedestal is 178.983
3  5  1  230.307  265.825  4651.07
3  5  2  241.826  384.206  4758.74
3  5  3  327.049  1057.98  1621.37
3  5  4  679.6  3392.73  1829.19
3  5  5  1484.81  10017.3  2864.15
For row 3 and col 6 ,pedestal is 217.555
3  6  1  289.654  421.345  2118.21
3  6  2  312.266  588.126  1995.88
3  6  3  475.352  1740.87  1312.36
3  6  4  612.03  3389.94  1746.72
3  6  5  1542.65  9331.51  1851
For row 3 and col 7 ,pedestal is 222.37
3  7  1  296.554  399.498  1130.04
3  7  2  303.577  510.801  1648.43
3  7  3  380.271  1192.02  2109.57
3  7  4  472.589  2396.03  2325.55
3  7  5  715.206  3861.98  2001.56
For row 3 and col 8 ,pedestal is 173.091
3  8  1  184.752  35.8022  21207.6
3  8  2  184.936  40.9187  14739.2
3  8  3  200.566  148.586  16430.7
3  8  4  205.608  244.445  18368.4
3  8  5  250.275  556.039  12633.3
For row 3 and col 9 ,pedestal is 187.114
3  9  1  197.436  38.9929  37721
3  9  2  203.079  57.0657  7888.8
3  9  3  208.565  106.169  12048.1
3  9  4  225.957  231.065  11326.9
3  9  5  259.163  529.326  10015
For row 3 and col 10 ,pedestal is 183.605
3  10  1  196.307  29.9014  11363.2
3  10  2  196.211  40.3475  9012.85
3  10  3  198.537  81.4372  15822.1
3  10  4  197.963  99.8325  31283.3
3  10  5  225.187  334.572  19331.5
For row 3 and col 11 ,pedestal is 205.548
3  11  1  212.407  32.7934  85143.2
3  11  2  218.992  67.4348  30020.1
3  11  3  224.608  115.111  22653.4
3  11  4  239.472  230.205  14362.9
3  11  5  264.34  459.644  13808.5
For row 4 and col 0 ,pedestal is 181.29
4  0  1  187.088  24.753  42097
4  0  2  196.749  92.3111  11411.9
4  0  3  208.674  189.745  12603.5
4  0  4  224.642  329.928  8763.75
4  0  5  290.603  974.599  5830.06
For row 4 and col 1 ,pedestal is 216.225
4  1  1  224.928  40.1158  49750.2
4  1  2  231.087  97.4423  28331.7
4  1  3  249.558  212.905  15904.6
4  1  4  265.539  348.548  13487.7
4  1  5  354.687  1240.66  4913.64
For row 4 and col 2 ,pedestal is 209.205
4  2  1  220.285  25.0542  46930.2
4  2  2  220.577  51.8916  57420.8
4  2  3  229.767  131.659  35534.3
4  2  4  232.185  157.439  32888.9
4  2  5  249.912  404.754  30885.5
For row 4 and col 3 ,pedestal is 202.095
4  3  1  210.808  19.8023  46582.1
4  3  2  213.767  48.1926  35209.6
4  3  3  217.233  83.6389  24141.6
4  3  4  248.934  291.197  18600.7
4  3  5  324.736  864.083  13858
For row 4 and col 4 ,pedestal is 227.639
4  4  1  265.192  194.749  11632.3
4  4  2  262.766  267.225  23607.7
4  4  3  307.25  619.459  4525.87
4  4  4  547.831  2140.42  2209.97
4  4  5  1082.71  6338.22  2916.87
For row 4 and col 5 ,pedestal is 192.293
4  5  1  214.437  30.5627  13866.7
4  5  2  295.516  612.054  1338.14
4  5  3  401.962  1332.39  1056.73
4  5  4  232.766  182.403  4176.46
4  5  5  1809.3  10785.8  2275.63
For row 4 and col 6 ,pedestal is 189.005
4  6  1  271.956  328.509  1327.59
4  6  2  246.506  509.09  4999.53
4  6  3  341.718  1276.35  1914.52
4  6  4  357.162  1904.13  3388.17
4  6  5  808.036  5124.98  1924.06
For row 4 and col 7 ,pedestal is 219.4
4  7  1  270.94  206.42  4702.34
4  7  2  281.756  363.251  11611.1
4  7  3  324.213  817.469  2060.75
4  7  4  375.747  1676.26  4080.79
4  7  5  879.484  5380.02  2103.31
For row 4 and col 8 ,pedestal is 192.193
4  8  1  205.057  87.32  25915.3
4  8  2  214.481  147.398  16433.6
4  8  3  234.153  347.496  10790.8
4  8  4  251.585  548.531  9174.87
4  8  5  371.902  1410.24  6468.73
For row 4 and col 9 ,pedestal is 216.09
4  9  1  228.233  32.2138  43277.5
4  9  2  234.069  58.8718  9924.93
4  9  3  239.222  116.294  14557.8
4  9  4  251.172  222.197  10929.6
4  9  5  282.145  480.422  6697.82
For row 4 and col 10 ,pedestal is 210.619
4  10  1  223.918  81.7484  39138.6
4  10  2  238.273  163.847  14449.4
4  10  3  255.38  250.803  8898.81
4  10  4  277.937  423.858  8914.15
4  10  5  325.672  825.027  6705.45
For row 4 and col 11 ,pedestal is 206.534
4  11  1  222.415  42.9989  13816.1
4  11  2  223.861  44.3496  21173.6
4  11  3  221.778  57.3915  29116
4  11  4  228.65  125.294  42169.1
4  11  5  232.578  190.006  34300
For row 5 and col 0 ,pedestal is 191.438
5  0  1  199.265  17.5068  42936
5  0  2  201.547  52.2261  22195.9
5  0  3  212.565  133.526  20686.4
5  0  4  227.198  236.959  16279.9
5  0  5  271.252  692.799  13401.8
For row 5 and col 1 ,pedestal is 198.804
5  1  1  206.488  34.7694  28622.7
5  1  2  208.246  51.0322  31665.7
5  1  3  207.566  35.514  44557.4
5  1  4  214.767  130.101  33761.4
5  1  5  237.944  347.11  22118.1
For row 5 and col 2 ,pedestal is 196.238
5  2  1  206.921  47.2757  15722.6
5  2  2  223.546  140.641  12029.6
5  2  3  250.716  354.203  6614.15
5  2  4  268.189  514.331  6229.16
5  2  5  408.833  1916.32  4594.07
For row 5 and col 3 ,pedestal is 224.638
5  3  1  231.753  29.7946  43897.6
5  3  2  235.736  56.8627  25718.2
5  3  3  239.48  98.9767  28308.4
5  3  4  279.976  335.343  13326.6
5  3  5  396.863  1189.1  9176.47
For row 5 and col 4 ,pedestal is 208.667
5  4  1  259.887  249.785  3071.09
5  4  2  271.703  527.235  3800.78
5  4  3  334.635  915.262  2195.95
5  4  4  500.051  2036.69  1544.36
5  4  5  1550.13  10069.2  2495.27
For row 5 and col 5 ,pedestal is 173.042
5  5  1  272.592  484.507  754.765
5  5  2  328.834  884.03  773.692
5  5  3  481.707  1942.27  787.501
5  5  4  1074.88  5376.05  1121.09
5  5  5  3012.83  19075.1  2015.04
For row 5 and col 6 ,pedestal is 218.446
5  6  1  278.745  275.802  2922.7
5  6  2  272.985  478.164  9910.94
5  6  3  398.18  1202.44  1434.62
5  6  4  462.888  2236.83  1592.39
5  6  5  1041.11  5748.31  1789.17
For row 5 and col 7 ,pedestal is 230.007
5  7  1  275.786  182.582  7500.97
5  7  2  273.137  309.463  6067.64
5  7  3  282.508  494.393  10757.2
5  7  4  325.42  955.068  12395.5
5  7  5  471.47  2086.03  2988.71
For row 5 and col 8 ,pedestal is 211.964
5  8  1  225.291  94.2362  25177.3
5  8  2  239.032  184.097  14385
5  8  3  262.167  397.324  11882.4
5  8  4  277.195  601.407  11007.3
5  8  5  446.632  1742.74  5704.28
For row 5 and col 9 ,pedestal is 216.031
5  9  1  231.694  76.3471  24356.8
5  9  2  229.206  101.899  10238.7
5  9  3  238.477  188.645  9932.04
5  9  4  253.764  305.654  5564.84
5  9  5  322.078  847.273  1427.01
For row 5 and col 10 ,pedestal is 205.29
5  10  1  219.072  70.033  17039.1
5  10  2  221.972  116.646  26828
5  10  3  227.084  160.986  20234.3
5  10  4  242.473  283.298  16772.7
5  10  5  306.756  809.337  10449.1
For row 5 and col 11 ,pedestal is 239.569
5  11  1  258.707  24.8441  16326.7
5  11  2  258.353  39.3427  15142.4
5  11  3  256.499  63.3415  26439.4
5  11  4  260.192  91.7585  21264.4
5  11  5  271.619  208.475  19283.9
For row 6 and col 0 ,pedestal is 208.103
6  0  1  215.758  21.7067  20870.8
6  0  2  218.56  57.8025  18861.7
6  0  3  221.936  87.0674  22201
6  0  4  285.619  564.792  7439.37
6  0  5  280.497  487.369  9990.17
For row 6 and col 1 ,pedestal is 216.565
6  1  1  226.869  23.4166  18080.6
6  1  2  223.873  22.5465  83947.7
6  1  3  223.672  18.1232  106061
6  1  4  225.669  16.0771  52954.8
6  1  5  225.462  14.7477  59125
For row 6 and col 2 ,pedestal is 208.357
6  2  1  217.478  43.2249  22685.1
6  2  2  222.202  102.717  16670.2
6  2  3  229.736  154.364  12227
6  2  4  311.165  771.45  6371.06
6  2  5  329.035  813.059  7449.77
For row 6 and col 3 ,pedestal is 241.605
6  3  1  249.07  27.4187  50939.9
6  3  2  251.998  54.4302  33445.8
6  3  3  260.339  130.817  24690.6
6  3  4  275.597  261.004  11814
6  3  5  318.484  613.008  5567.76
For row 6 and col 4 ,pedestal is 192.45
6  4  1  251.349  273.678  1786.16
6  4  2  300.769  601.188  1507.74
6  4  3  407.246  1216.08  1120.54
6  4  4  572.254  2492.21  1140.18
6  4  5  1132.77  6320.55  1458.42
For row 6 and col 5 ,pedestal is 186.61
6  5  1  241.161  199.452  1654.07
6  5  2  277.226  481.827  1555.77
6  5  3  339.469  947.46  1458.52
6  5  4  458.679  2012.62  1508.28
6  5  5  770.848  4469.1  1957.43
For row 6 and col 6 ,pedestal is 208.889
6  6  1  264.312  266.109  1838.5
6  6  2  275.632  465.245  2582.92
6  6  3  342.627  1023.1  1870.59
6  6  4  509.149  2397.4  1801.96
6  6  5  608.08  3443.26  2208.61
For row 6 and col 7 ,pedestal is 228.289
6  7  1  272.478  312.471  2885.41
6  7  2  296.953  540.684  2425.71
6  7  3  378.83  1201.83  1857.09
6  7  4  611.96  3070.11  1965.86
6  7  5  811.725  4844.19  2150.82
For row 6 and col 8 ,pedestal is 238.59
6  8  1  257.368  119.704  18612.7
6  8  2  272.074  222.306  10463.4
6  8  3  295.729  412.597  7775.98
6  8  4  372.253  929.334  4378.68
6  8  5  493.411  1887.44  3631.42
For row 6 and col 9 ,pedestal is 231.861
6  9  1  241.595  47.0089  41225.6
6  9  2  243.462  74.4819  40739.6
6  9  3  251.76  136.962  14574.2
6  9  4  275.626  374.666  22668.5
6  9  5  316.873  743.59  14729.1
For row 6 and col 10 ,pedestal is 216.501
6  10  1  226.824  39.0339  29435.9
6  10  2  226.579  55.1698  34309.5
6  10  3  231.426  101.868  25806.7
6  10  4  257.623  309.154  14115
6  10  5  307.374  745.037  8756.12
For row 6 and col 11 ,pedestal is 180.942
6  11  1  191.875  33.8876  18853.6
6  11  2  188.97  37.2939  31371.8
6  11  3  194.331  76.7772  19784.9
6  11  4  211.852  230.073  19683.3
6  11  5  254.234  612.389  9315.33
For row 7 and col 0 ,pedestal is 187.294
7  0  1  194.387  10.4843  28353.9
7  0  2  198.749  44.3303  23622.6
7  0  3  203.809  79.5948  17715.4
7  0  4  244.172  388.771  6176.37
7  0  5  268.954  507.489  5251.18
For row 7 and col 1 ,pedestal is 220.051
7  1  1  231.021  56.9802  23577.2
7  1  2  245.493  148.29  11056.3
7  1  3  259.354  250.488  8970.17
7  1  4  412.952  1421.3  2716.37
7  1  5  452.606  1565.3  3127.85
For row 7 and col 2 ,pedestal is 247.899
7  2  1  256.577  27.6432  39111.4
7  2  2  262.127  66.708  33973.3
7  2  3  264.022  96.7678  35752
7  2  4  309.659  446.728  10192.4
7  2  5  354.498  699.464  7083.63
For row 7 and col 3 ,pedestal is 230.836
7  3  1  240.556  37.0006  66156.3
7  3  2  243.929  68.9278  39906.4
7  3  3  249.102  121.36  36587.1
7  3  4  265.364  262.415  25590.8
7  3  5  304.825  547.948  20116.4
For row 7 and col 4 ,pedestal is 202.783
7  4  1  252.485  172.975  3165.93
7  4  2  266.245  371.311  5414.01
7  4  3  304.061  711.694  2758.76
7  4  4  415.91  1654.84  2320.47
7  4  5  713.504  3887.67  2384.85
For row 7 and col 5 ,pedestal is 218.594
7  5  1  266.647  252.335  3322.51
7  5  2  320.367  561.318  1879.22
7  5  3  506.166  1636.54  1293.29
7  5  4  668.984  2960.64  1314.69
7  5  5  1182.83  6445.54  1661.67
For row 7 and col 6 ,pedestal is 217.804
7  6  1  263.908  241.085  2540.48
7  6  2  286.498  409.158  2208.94
7  6  3  351.585  847.456  1717.12
7  6  4  453.395  1538.55  1675.59
7  6  5  794.24  4036.37  1792.3
For row 7 and col 7 ,pedestal is 236.233
7  7  1  266.114  193.468  9220.35
7  7  2  273.871  297.732  5572.75
7  7  3  296.602  499.868  4740.36
7  7  4  421.516  1467.32  3098.8
7  7  5  478.507  2011.17  2989.72
For row 7 and col 8 ,pedestal is 208.566
7  8  1  222.608  60.5373  20443.1
7  8  2  221.627  84.3577  29215.9
7  8  3  230.473  161.603  25210.7
7  8  4  256.562  349.057  16737.1
7  8  5  295.04  672.354  11902.2
For row 7 and col 9 ,pedestal is 182.82
7  9  1  192.131  55.4149  37145
7  9  2  195.071  85.0108  21832.9
7  9  3  207.803  185.52  18116
7  9  4  243.584  469.368  9482.89
7  9  5  332.695  1212.51  6133.59
For row 7 and col 10 ,pedestal is 199.048
7  10  1  207.411  40.7291  37410.6
7  10  2  208.509  73.2621  29514.2
7  10  3  217.573  133.839  21285.6
7  10  4  238.637  320.574  19017.8
7  10  5  276.559  657.007  12526.6
For row 7 and col 11 ,pedestal is 194.793
7  11  1  204.91  21.0067  9144.79
7  11  2  203.223  30.1643  43017.1
7  11  3  209.259  98.726  22344.8
7  11  4  228.602  252.481  11962.9
7  11  5  258.968  514.177  10472.9
For row 8 and col 0 ,pedestal is 237.428
8  0  1  244.386  13.2143  54206.8
8  0  2  245.151  27.7104  35803.2
8  0  3  248.117  45.922  32859.6
8  0  4  270.413  244.226  25292.6
8  0  5  269.571  208.1  28127.8
For row 8 and col 1 ,pedestal is 232.002
8  1  1  241.71  47.4517  59512.9
8  1  2  242.742  86.5509  35737.9
8  1  3  247.389  142.003  36033.7
8  1  4  294.441  519.633  13525.9
8  1  5  326.897  681.872  13542.2
For row 8 and col 2 ,pedestal is 210.994
8  2  1  226.324  77.4493  10786.5
8  2  2  238.889  173.195  8636.16
8  2  3  252.05  280.541  7576.89
8  2  4  338.474  936.29  4209.07
8  2  5  334.724  834.298  4528.1
For row 8 and col 3 ,pedestal is 212.477
8  3  1  219.739  24.5872  38041.3
8  3  2  220.617  42.8133  47578.3
8  3  3  220.716  55.1671  55854.6
8  3  4  229.946  130.229  36026.2
8  3  5  245.16  236.344  22986
For row 8 and col 4 ,pedestal is 170.018
8  4  1  208.468  135.068  2265.37
8  4  2  196.468  21.0189  4904.12
8  4  3  288.378  670.573  2151.26
8  4  4  368.684  1308.02  1576.73
8  4  5  768.288  4450.6  1897.96
For row 8 and col 5 ,pedestal is 184.608
8  5  1  275.815  470.042  796.77
8  5  2  385.011  1159.05  742.319
8  5  3  687.603  3001.52  831.885
8  5  4  1022.38  5694.01  1025.22
8  5  5  1687.64  10358.1  1400.78
For row 8 and col 6 ,pedestal is 219.973
8  6  1  284.967  277.698  2105.02
8  6  2  309.937  456.912  1434.36
8  6  3  362.817  937.803  1814.66
8  6  4  483.751  1978.73  2142.31
8  6  5  440.946  1727.17  2934.08
For row 8 and col 7 ,pedestal is 192.864
8  7  1  226.385  242.839  4389.99
8  7  2  244.056  386.318  4668.96
8  7  3  279.683  671.269  3131.17
8  7  4  374.421  1439.87  2718.12
8  7  5  477.862  2327.43  2696.54
For row 8 and col 8 ,pedestal is 211.625
8  8  1  224.334  76.8134  25918.5
8  8  2  227.702  101.438  20256.8
8  8  3  240.56  218.194  16328
8  8  4  259.997  374.714  16148.6
8  8  5  307.162  741.474  12480.4
For row 8 and col 9 ,pedestal is 207.945
8  9  1  215.634  26.4521  37997.6
8  9  2  215.946  41.0939  44590.7
8  9  3  221.358  110.832  28965.6
8  9  4  229.817  206.999  23166.6
8  9  5  279.414  631.896  11908.7
For row 8 and col 10 ,pedestal is 222.207
8  10  1  231.118  30.6628  53422.2
8  10  2  231.441  41.6984  38184.6
8  10  3  235.72  75.7869  16630.7
8  10  4  240.375  130.877  24632.6
8  10  5  276.994  435.47  17667.3
For row 8 and col 11 ,pedestal is 205.911
8  11  1  215.792  56.1613  20837.8
8  11  2  213.73  67.2113  43899.7
8  11  3  221.335  130.003  31495.7
8  11  4  241.466  311.865  13944.9
8  11  5  282.226  660.874  7546.04
For row 9 and col 0 ,pedestal is 219.796
9  0  1  230.007  25.3216  22974.9
9  0  2  229.198  48.1606  39388.2
9  0  3  231.604  76.211  22533
9  0  4  249.755  254.006  24069.5
9  0  5  261.502  308.552  21244.3
For row 9 and col 1 ,pedestal is 292.733
9  1  1  303.419  44.1406  24688.1
9  1  2  307.139  95.0907  35244.4
9  1  3  315.9  182.524  33415.1
9  1  4  392.013  765.261  7948.61
9  1  5  393.443  704.903  11425.7
For row 9 and col 2 ,pedestal is 213.502
9  2  1  222.805  83.4411  49653
9  2  2  235.94  163.564  10125.5
9  2  3  252.795  296.126  6880.37
9  2  4  351.539  1085.32  3913.39
9  2  5  389.532  1260.33  4689.44
For row 9 and col 3 ,pedestal is 253.365
9  3  1  266.535  69.2534  35047.8
9  3  2  271.362  125.501  31963.1
9  3  3  287.554  242.4  21065.6
9  3  4  318.135  513.445  13549.8
9  3  5  414.084  1216.06  9656.89
For row 9 and col 4 ,pedestal is 204.431
9  4  1  249.722  255.545  5709.51
9  4  2  274.291  528.831  2134.41
9  4  3  381.15  1252.48  1900.42
9  4  4  513.81  2478.79  1556.43
9  4  5  1060.33  6771.98  2041.64
For row 9 and col 5 ,pedestal is 186.605
9  5  1  226.716  232.382  1778.94
9  5  2  286.042  583.658  1362.49
9  5  3  418.093  1371.95  976.658
9  5  4  645.293  3114.22  1119.41
9  5  5  1143.56  6585.13  1466.57
For row 9 and col 6 ,pedestal is 239.682
9  6  1  312.059  399.683  2063.7
9  6  2  341.275  634.048  1774.72
9  6  3  469.606  1511.41  1272.25
9  6  4  692.02  3000.74  1400.01
9  6  5  975.441  5107.83  1479.92
For row 9 and col 7 ,pedestal is 246.808
9  7  1  285.047  357.316  3924.77
9  7  2  294.1  422.539  6466.85
9  7  3  318.125  623.477  3132.49
9  7  4  501.027  1974.83  1898.23
9  7  5  742.327  3996.88  1842.81
For row 9 and col 8 ,pedestal is 238.31
9  8  1  249.417  70.9309  53849.6
9  8  2  250.926  94.5534  45009.1
9  8  3  263.171  176.379  22287.3
9  8  4  261.282  176.505  29262.3
9  8  5  292.037  411.473  18313
For row 9 and col 9 ,pedestal is 247.724
9  9  1  259.872  45.825  32967.5
9  9  2  259.261  66.1661  35014.7
9  9  3  267.9  137.337  35891.1
9  9  4  291.136  346.166  24654.8
9  9  5  340.698  751.395  13779.1
For row 9 and col 10 ,pedestal is 232.561
9  10  1  243.372  37.1459  40282
9  10  2  240.55  57.6066  69175.5
9  10  3  249.298  126.668  27055.8
9  10  4  266.553  285.288  21394.3
9  10  5  290.555  493.375  14105.9
For row 9 and col 11 ,pedestal is 218.845
9  11  1  227.935  50.9821  19878.2
9  11  2  233.029  94.3674  18854.6
9  11  3  237.681  147.176  18321
9  11  4  267.046  377.342  7667.29
9  11  5  349.548  1054.29  4371.93
For row 10 and col 0 ,pedestal is 264.833
10  0  1  278.137  38.2758  35749.9
10  0  2  276.577  41.8003  20259.6
10  0  3  275.402  51.4198  48386.9
10  0  4  283.531  127.304  43616.4
10  0  5  283.426  130.687  61531.1
For row 10 and col 1 ,pedestal is 222.705
10  1  1  234.871  27.2854  24622.9
10  1  2  234.164  52.986  22545.4
10  1  3  240.1  117.867  18739.3
10  1  4  267.764  346.373  10569.7
10  1  5  292.403  499.841  12375.5
For row 10 and col 2 ,pedestal is 243.023
10  2  1  257.107  33.4841  20487.3
10  2  2  257.918  56.2803  29017.3
10  2  3  268.428  151.533  20020.5
10  2  4  311.746  494.39  7303.06
10  2  5  347.53  661.475  5862.23
For row 10 and col 3 ,pedestal is 253.89
10  3  1  265.842  65.2655  30313.9
10  3  2  273.834  134.932  27637.6
10  3  3  293.101  250.323  17288.4
10  3  4  332.301  578.094  10482.5
10  3  5  422.802  1255.72  7558.73
For row 10 and col 4 ,pedestal is 215.522
10  4  1  268.227  215.381  3014.62
10  4  2  298.296  524.736  4011.82
10  4  3  414.865  1255.49  2328.88
10  4  4  516.011  2220.11  1996.6
10  4  5  1013.57  6053.23  2116.51
For row 10 and col 5 ,pedestal is 229.682
10  5  1  310.064  397.498  1589.27
10  5  2  360.578  691.252  1180.59
10  5  3  591.107  2062.93  1036.51
10  5  4  720.928  3237.87  1111.92
10  5  5  1469.63  8326.34  1482.52
For row 10 and col 6 ,pedestal is 249.221
10  6  1  301.121  275.593  6559.08
10  6  2  315.144  503.575  2430.45
10  6  3  406.005  1229.3  1757.44
10  6  4  489.088  1907.58  2130.42
10  6  5  741.841  3934.96  2161.24
For row 10 and col 7 ,pedestal is 245.447
10  7  1  276.938  240.852  6739.84
10  7  2  289.494  365.84  5531.63
10  7  3  346.972  881.333  2682.75
10  7  4  489.146  1891.31  2598.34
10  7  5  629.702  2999.83  2199.53
For row 10 and col 8 ,pedestal is 234.439
10  8  1  244.321  75.6034  51263.8
10  8  2  249.879  122.21  24078.2
10  8  3  261.053  207.815  18727.9
10  8  4  305.252  528.52  11055.7
10  8  5  343.495  830.831  9355.35
For row 10 and col 9 ,pedestal is 206.785
10  9  1  220.457  43.3714  31710.6
10  9  2  215.632  55.8763  33639.2
10  9  3  218.024  88.8011  36058.3
10  9  4  237.016  264.414  14171.1
10  9  5  287.554  691.522  6349.24
For row 10 and col 10 ,pedestal is 230.157
10  10  1  238.896  13.6612  22289.7
10  10  2  238.334  23.0384  34357.3
10  10  3  238.673  40.6683  44960.2
10  10  4  248.376  137.471  37610
10  10  5  272.032  363.366  28530.3
For row 10 and col 11 ,pedestal is 223.958
10  11  1  236.848  39.3779  32118.5
10  11  2  237.559  75.6008  19088
10  11  3  243.814  153.354  22856.9
10  11  4  267.038  342.276  13504.7
10  11  5  308.281  679.961  8639.54
For row 11 and col 0 ,pedestal is 229.978
11  0  1  243.098  21.1222  25075.4
11  0  2  242.553  60.3875  35567.9
11  0  3  243.122  87.8773  51859.1
11  0  4  282.357  375.234  8672.15
11  0  5  310.572  545.974  7082.08
For row 11 and col 1 ,pedestal is 200.776
11  1  1  214.4  22.1711  18356.8
11  1  2  213.33  35.0533  13824
11  1  3  215.542  67.1379  24561.9
11  1  4  226.264  203.51  28458.7
11  1  5  221.47  155.43  29107.1
For row 11 and col 2 ,pedestal is 226.464
11  2  1  241.901  27.7244  30241.5
11  2  2  244.499  55.8106  19958.5
11  2  3  251.399  96.5765  35004
11  2  4  273.48  325.148  20222.4
11  2  5  282.113  338.813  14672.7
For row 11 and col 3 ,pedestal is 238.166
11  3  1  255.48  26.9888  23258.8
11  3  2  258.339  37.6567  27314.6
11  3  3  262.543  68.9744  52043.4
11  3  4  275.442  176.75  33336.9
11  3  5  305.408  407.144  20179.2
For row 11 and col 4 ,pedestal is 230.461
11  4  1  282.063  277.825  2382.03
11  4  2  320.371  575.126  1793.66
11  4  3  404.383  1249.56  1940.23
11  4  4  628.577  2999.21  1614.11
11  4  5  1223.87  7721.38  2049.71
For row 11 and col 5 ,pedestal is 229.988
11  5  1  281.497  203.731  5663.15
11  5  2  358.181  675.308  1463.12
11  5  3  495.55  1594.34  1139.79
11  5  4  635.965  2731.64  1321.13
11  5  5  1545.93  9037.89  1890.66
For row 11 and col 6 ,pedestal is 221.67
11  6  1  291.647  253.679  14407
11  6  2  286.987  404.221  4131.76
11  6  3  303.36  518.432  2231.2
11  6  4  428.483  1510.51  1714.37
11  6  5  556.184  2471.86  2513.29
For row 11 and col 7 ,pedestal is 188.911
11  7  1  241.358  217.347  6736.8
11  7  2  244.86  359.764  4505.13
11  7  3  293.144  839.727  3456.6
11  7  4  370.372  1451.91  2436.35
11  7  5  512.71  2556.54  2320.93
For row 11 and col 8 ,pedestal is 213.713
11  8  1  225.782  73.4446  31974.4
11  8  2  230.878  141.011  26944.7
11  8  3  244.69  245.397  15763
11  8  4  270.985  446.329  12257.3
11  8  5  328.925  901.606  9008.49
For row 11 and col 9 ,pedestal is 193.988
11  9  1  209.435  62.8082  12617.2
11  9  2  205.304  81.2439  31918.8
11  9  3  213.011  143.956  20347.6
11  9  4  231.343  322.22  14188.5
11  9  5  290.804  839.385  9778.41
For row 11 and col 10 ,pedestal is 196.254
11  10  1  210.601  58.7683  13636.2
11  10  2  208.156  68.7021  40053.8
11  10  3  214.842  139.418  27115.7
11  10  4  231.966  333.219  18959.6
11  10  5  264.423  663.321  18889.9
For row 11 and col 11 ,pedestal is 246.78
11  11  1  262.322  57.0779  27571.6
11  11  2  259.269  76.3844  33452.6
11  11  3  261.218  102.369  31968.3
11  11  4  280.135  252.341  12408.6
11  11  5  314.721  552.033  13838.4
