#All information for run 1203.
#Row Col LED <Max> <Int> NPE
For row 0 and col 0 ,pedestal is 236.87
0  0  1  348.816  640.788  820.872
0  0  2  493.838  1622.42  658.652
0  0  3  758.354  3390.72  718.227
0  0  4  1359.38  8120.92  966.377
0  0  5  2713.9  22372.4  1907.49
For row 0 and col 1 ,pedestal is 192.401
0  1  1  214.134  99.8472  2131.54
0  1  2  404  1287.83  571.387
0  1  3  949.735  4701.5  686.218
0  1  4  1163.49  6712.67  852.413
0  1  5  1463.24  11035.2  1179.54
For row 0 and col 2 ,pedestal is 211.734
0  2  1  271.569  331.678  1619.79
0  2  2  360.574  921.574  1174.39
0  2  3  522.034  1926.08  988.061
0  2  4  937.763  5054.9  1119.01
0  2  5  1916.81  14934.3  1147.56
For row 0 and col 3 ,pedestal is 215.381
0  3  1  374.478  949.904  555.693
0  3  2  599.881  2340.65  560.018
0  3  3  731.676  3456.08  606.867
0  3  4  1946.08  10919.4  1005.84
0  3  5  8191.14  41804.5  nan
For row 0 and col 4 ,pedestal is 229.635
0  4  1  261.071  162.751  7921.28
0  4  2  275.109  283.236  3127.1
0  4  3  336.566  733.417  2182.05
0  4  4  624.684  2563.27  1583.69
0  4  5  1233.47  7281.98  2236.92
For row 0 and col 5 ,pedestal is 206.627
0  5  1  271.45  482.141  886.342
0  5  2  328.445  883.521  968.596
0  5  3  447.029  1779.68  889.342
0  5  4  862.592  4337.69  1129.07
0  5  5  2556.86  17410.7  2050.84
For row 0 and col 6 ,pedestal is 202.267
0  6  1  260.678  417.161  3623.55
0  6  2  287.687  596.314  1603.08
0  6  3  346.849  1153.23  1427.39
0  6  4  446.054  2531.65  1552.35
0  6  5  1021.86  6529.36  1468.27
For row 0 and col 7 ,pedestal is 193.335
0  7  1  223.984  206.814  4004.07
0  7  2  248.632  248.956  2062.97
0  7  3  304.012  743.934  1400.89
0  7  4  348.417  1316.66  1559.36
0  7  5  753.435  4335.41  1516.92
For row 0 and col 8 ,pedestal is 232.854
0  8  1  318.293  462.068  995.314
0  8  2  421.08  1140.69  713.425
0  8  3  817.179  3923.5  765.016
0  8  4  956.187  6236.15  969.047
0  8  5  2519.22  16448.6  1540.12
For row 0 and col 9 ,pedestal is 231.629
0  9  1  359.859  709.822  811.306
0  9  2  536.534  1738.29  707.603
0  9  3  713.034  2882.84  766.367
0  9  4  930.064  4502.46  866.366
0  9  5  1899.7  12022  1297.04
For row 0 and col 10 ,pedestal is 213.279
0  10  1  318.331  588.065  839.193
0  10  2  449.016  1392.23  729.93
0  10  3  572.948  2212.03  763.703
0  10  4  897.443  4469.95  871.518
0  10  5  1462.29  9180.23  1226.7
For row 0 and col 11 ,pedestal is 181.9
0  11  1  315.673  748.279  564.395
0  11  2  464.733  1642.5  489.803
0  11  3  670.174  3002.62  504.669
0  11  4  1171.86  6489.78  573.063
0  11  5  1594.41  10409.9  795.117
For row 1 and col 0 ,pedestal is 168.103
1  0  1  242.942  426.132  443.927
1  0  2  396.518  1448.16  350.863
1  0  3  867.743  4470.21  458.16
1  0  4  1437.95  8999.89  625.476
1  0  5  4606.45  33687.3  338.249
For row 1 and col 1 ,pedestal is 199.511
1  1  1  331.18  752.062  417.401
1  1  2  582.277  2377.67  389.372
1  1  3  801.369  3808.34  464.503
1  1  4  1596.43  9811.74  695.044
1  1  5  2557.84  20719.4  1133.49
For row 1 and col 2 ,pedestal is 213.169
1  2  1  293  502.148  1291.82
1  2  2  400.497  1248  908.894
1  2  3  687.008  3143.59  940.469
1  2  4  1119.06  6636.6  1233.58
1  2  5  1980.56  16066.9  1817.89
For row 1 and col 3 ,pedestal is 194.868
1  3  1  322.195  747.556  615.067
1  3  2  406.797  1299.55  662.075
1  3  3  592.866  2664.49  684.025
1  3  4  1487.83  8113.21  1127.8
1  3  5  2980.08  19431.3  1834.68
For row 1 and col 4 ,pedestal is 203.38
1  4  1  234.704  206.856  1794.11
1  4  2  447.166  1389.25  529.131
1  4  3  565.512  2284.31  637.783
1  4  4  1659.5  8552.74  1014.01
1  4  5  7665.69  32758.6  352.952
For row 1 and col 5 ,pedestal is 203.17
1  5  1  245.199  240.942  3313.63
1  5  2  280.051  452.045  2104.03
1  5  3  341.672  943.805  1911.82
1  5  4  558.174  2314.19  2090.98
1  5  5  1307.76  8090.42  2594.64
For row 1 and col 6 ,pedestal is 148.202
1  6  1  341.129  1054.73  487.309
1  6  2  442.666  1665.55  479.897
1  6  3  776.11  4074.53  629.873
1  6  4  1170.51  8583.9  987.656
1  6  5  3291.61  22090.7  1218.4
For row 1 and col 7 ,pedestal is 195.091
1  7  1  289.376  551.538  1154.72
1  7  2  368.738  1086.27  863.541
1  7  3  516.201  2292.63  941.124
1  7  4  702.357  4743.83  1299.93
1  7  5  1736.29  12058.7  1658.23
For row 1 and col 8 ,pedestal is 224.294
1  8  1  419.769  1157.61  568.208
1  8  2  509.785  1810.01  547.739
1  8  3  891.611  4721.97  668.228
1  8  4  1172.78  8445.18  918.389
1  8  5  3084.38  21383.4  1430.78
For row 1 and col 9 ,pedestal is 212.931
1  9  1  292.882  480.963  1005.07
1  9  2  430.712  1296.39  778.703
1  9  3  560.537  2145.98  758.628
1  9  4  917.199  4652.39  872.563
1  9  5  1671.24  10795.4  1331.06
For row 1 and col 10 ,pedestal is 195.6
1  10  1  304.284  651.412  716.58
1  10  2  441.459  1467.25  655.221
1  10  3  645.987  2764.46  695.558
1  10  4  1024.88  5503.11  896.365
1  10  5  1801.22  11875.7  1405.25
For row 1 and col 11 ,pedestal is 209.832
1  11  1  298.932  515.778  1212.23
1  11  2  380.672  1021.72  980.887
1  11  3  560.843  2172.95  965.169
1  11  4  840.815  4183.54  1044.45
1  11  5  1373.22  8697.28  1316.16
For row 2 and col 0 ,pedestal is 200.506
2  0  1  252.727  281.509  1567.64
2  0  2  327.688  805.767  1024.72
2  0  3  512.177  2011.62  874.021
2  0  4  922.734  5199  1090.53
2  0  5  1995.47  16106.9  1832.87
For row 2 and col 1 ,pedestal is 225.304
2  1  1  327.633  604.784  857.289
2  1  2  412.588  1208.78  711.891
2  1  3  721.63  3257.29  775.404
2  1  4  794.811  4157.58  797.76
2  1  5  1978.41  15946.4  1306.79
For row 2 and col 2 ,pedestal is 186.924
2  2  1  318.805  798.405  493.973
2  2  2  435.883  1656.42  463.326
2  2  3  977.874  5257.86  612.094
2  2  4  1082.81  6619.27  714.283
2  2  5  2480.35  20995.3  1253.25
For row 2 and col 3 ,pedestal is 210.996
2  3  1  280.524  370.603  1922.53
2  3  2  351.648  857.151  1384.31
2  3  3  346.778  887.214  1412.37
2  3  4  852.267  4092.9  1462
2  3  5  2386.75  15396.5  2866.35
For row 2 and col 4 ,pedestal is 183.157
2  4  1  231.015  325.315  1736.39
2  4  2  290.065  693.863  1006.27
2  4  3  371.673  1362.52  1034.72
2  4  4  732.107  3625.29  1189.45
2  4  5  2406.82  16365.6  2303.6
For row 2 and col 5 ,pedestal is 216.535
2  5  1  294.754  482.325  1123.35
2  5  2  345.292  774.736  958.498
2  5  3  482.006  1848.52  860.669
2  5  4  1121.51  5964.7  1162.35
2  5  5  2981.91  20368.5  1981.21
For row 2 and col 6 ,pedestal is 179.816
2  6  1  283.446  460.863  788.733
2  6  2  320.188  888.441  1022.4
2  6  3  411.905  1685.11  1063.77
2  6  4  587.752  3934.79  1272.26
2  6  5  1482.88  10645.4  1676.94
For row 2 and col 7 ,pedestal is 227.338
2  7  1  294.248  426.504  3149.16
2  7  2  339.588  755.023  1764.97
2  7  3  473.325  1889.31  1372.34
2  7  4  522.609  2986.56  1622.47
2  7  5  1356.9  9318.6  1745.86
For row 2 and col 8 ,pedestal is 201.092
2  8  1  358.006  1048.75  870.222
2  8  2  396.963  1349.29  874.565
2  8  3  690.357  3683.77  1056.16
2  8  4  982.853  7344.92  1383.93
2  8  5  2304.63  16564.8  1996.34
For row 2 and col 9 ,pedestal is 211.704
2  9  1  267.274  362.557  2254.85
2  9  2  372.153  986.277  1319.33
2  9  3  463.258  1575.5  1135.18
2  9  4  693.835  3211.37  1116.06
2  9  5  1132.31  6906.99  1481.81
For row 2 and col 10 ,pedestal is 236.425
2  10  1  374.345  838.817  494.189
2  10  2  523.928  1793.18  433.41
2  10  3  869.451  4058.22  526.202
2  10  4  1244.5  6940  581.071
2  10  5  2368.49  16428.7  898.466
For row 2 and col 11 ,pedestal is 208.036
2  11  1  367.561  960.733  460.81
2  11  2  542.212  2033.75  484.422
2  11  3  834.537  4006.51  544.101
2  11  4  1461.88  8583.13  799.8
2  11  5  2791.81  19789.8  1212.01
For row 3 and col 0 ,pedestal is 230.772
3  0  1  375.459  837.832  494.685
3  0  2  567.193  2053.29  472.355
3  0  3  1148.98  5787.75  593.04
3  0  4  1771.75  10740  762.178
3  0  5  3078.84  24630.6  1280.89
For row 3 and col 1 ,pedestal is 200.278
3  1  1  242.422  197.3  1403.99
3  1  2  341.382  834.119  820.047
3  1  3  714.16  3250.11  801.885
3  1  4  902.064  4937.62  890.481
3  1  5  1845.56  14515.2  1555.43
For row 3 and col 2 ,pedestal is 218.62
3  2  1  328.266  618.138  936.563
3  2  2  443.526  1413.69  820.087
3  2  3  825.605  3832.72  893.386
3  2  4  1166.91  6608.26  1149.31
3  2  5  2721.55  21772.6  2141.27
For row 3 and col 3 ,pedestal is 173.363
3  3  1  289.83  651.892  616.182
3  3  2  476.014  1749.68  596.684
3  3  3  194.263  126.032  2393.8
3  3  4  1501.01  8188.33  1041.85
3  3  5  47976.3  26275.6  25.0252
For row 3 and col 4 ,pedestal is 209.585
3  4  1  277.548  349.375  1527.52
3  4  2  314.039  683.364  932.594
3  4  3  500.198  2008.39  802.672
3  4  4  941.275  4879.32  1166.59
3  4  5  2910.33  20390.1  2124.17
For row 3 and col 5 ,pedestal is 179.493
3  5  1  254.48  475.954  1831.18
3  5  2  285.14  710.998  1051.19
3  5  3  458.628  2002.26  901.162
3  5  4  1121.16  6455.08  1333.18
3  5  5  2677.53  19285.3  2320.91
For row 3 and col 6 ,pedestal is 218.098
3  6  1  349.415  796.54  1010.82
3  6  2  401.629  1117.09  930.795
3  6  3  724.649  3380.27  834.031
3  6  4  990.383  6552.55  1134.62
3  6  5  2804.77  18192.4  1479.23
For row 3 and col 7 ,pedestal is 222.859
3  7  1  347.573  709.383  837.607
3  7  2  365.392  923.969  1115.28
3  7  3  501.681  2230.27  1218.58
3  7  4  691.488  4540.91  1460.16
3  7  5  1151.67  7403.12  1618.56
For row 3 and col 8 ,pedestal is 172.964
3  8  1  283.941  648.247  1243.36
3  8  2  295.073  747.705  1283.58
3  8  3  544.448  2650.54  1280.81
3  8  4  654.83  4279.46  1546.13
3  8  5  1461.66  9755.75  2105.74
For row 3 and col 9 ,pedestal is 187.661
3  9  1  256.895  408.287  1360.3
3  9  2  321.064  769.183  1152.08
3  9  3  451.461  1591.7  1084.59
3  9  4  745.437  3617.82  1121.92
3  9  5  1371.39  8679.07  1551.13
For row 3 and col 10 ,pedestal is 183.172
3  10  1  242.519  345.414  1358.57
3  10  2  320.481  831.684  994.56
3  10  3  452.402  1667.12  996.748
3  10  4  503.157  2119.87  997.966
3  10  5  1142.86  7068.1  1426.37
For row 3 and col 11 ,pedestal is 205.43
3  11  1  268.562  370.641  1182.06
3  11  2  376.918  1018.59  829.36
3  11  3  528.713  2006.77  768.423
3  11  4  837.681  4190.91  888.547
3  11  5  1352.06  8592.33  1203.46
For row 4 and col 0 ,pedestal is 181.008
4  0  1  196.071  83.6625  4077.13
4  0  2  354.531  1065.95  755.875
4  0  3  603.079  2663.56  770.222
4  0  4  874.922  4874.72  988.124
4  0  5  1908.37  15117.6  1571.45
For row 4 and col 1 ,pedestal is 216.748
4  1  1  308.244  511.371  849.688
4  1  2  474.466  1610.83  653.077
4  1  3  864.365  4087.43  725.384
4  1  4  1204.77  6999.35  921.426
4  1  5  3161.6  26130.5  1117.29
For row 4 and col 2 ,pedestal is 209.601
4  2  1  268.716  334.741  2034.74
4  2  2  336.044  793.496  1518.01
4  2  3  561.458  2272.69  1219.14
4  2  4  582.122  2675.63  1403.17
4  2  5  981.466  6944.45  1898.38
For row 4 and col 3 ,pedestal is 202.264
4  3  1  277.219  422.356  1424.71
4  3  2  356.775  915.475  1037.62
4  3  3  431.865  1511.17  1063.95
4  3  4  1082.68  5504.44  1286.11
4  3  5  2515.06  16083.3  2188.77
For row 4 and col 4 ,pedestal is 227.997
4  4  1  280.037  345.284  3554.38
4  4  2  288.185  482.055  2264.97
4  4  3  382.648  1181.68  1593.15
4  4  4  856.077  4170.12  1469.3
4  4  5  1922.22  12552.7  2330.43
For row 4 and col 5 ,pedestal is 192.718
4  5  1  215.432  39.8342  13648.4
4  5  2  389.821  1150.92  570.831
4  5  3  601.29  2571.25  626.758
4  5  4  252.906  325.883  1583.01
4  5  5  3386.15  21196.8  1643.47
For row 4 and col 6 ,pedestal is 188.523
4  6  1  314.083  578.78  761.562
4  6  2  311.799  941.378  885.97
4  6  3  499.679  2445.74  1174.41
4  6  4  544.307  3662.9  1441.21
4  6  5  1413.93  10023.9  1733.27
For row 4 and col 7 ,pedestal is 220.482
4  7  1  301.859  408.624  1690.17
4  7  2  315.812  719.052  1005.91
4  7  3  430.009  1589.83  1206.05
4  7  4  540.244  3201.25  1289.27
4  7  5  1491.46  10320.8  1757.67
For row 4 and col 8 ,pedestal is 191.793
4  8  1  433.601  1433.51  418.386
4  8  2  586.715  2496.99  483.983
4  8  3  1106.42  6435.14  628.181
4  8  4  1326.21  10145.3  922.549
4  8  5  3695.82  26253.1  1375.99
For row 4 and col 9 ,pedestal is 216.331
4  9  1  287.918  380.921  1485.93
4  9  2  385.767  962.448  974.649
4  9  3  546.291  2050.2  960.03
4  9  4  789.86  3810.53  950.113
4  9  5  1370.2  8590.26  1158.49
For row 4 and col 10 ,pedestal is 210.942
4  10  1  364.965  917.962  624.732
4  10  2  587.324  2298.24  616.322
4  10  3  835.747  3917.68  707.512
4  10  4  1250.95  6894.72  883.957
4  10  5  2082.39  13909.3  1351.71
For row 4 and col 11 ,pedestal is 206.59
4  11  1  238.568  192.638  4025.05
4  11  2  265.21  406.822  2242.72
4  11  3  324.414  751.169  1756.92
4  11  4  475.293  1826.52  1103.26
4  11  5  651.066  3311.06  1285.37
For row 5 and col 0 ,pedestal is 191.675
5  0  1  265.431  383.933  1169.45
5  0  2  362.731  1004.38  899.321
5  0  3  631.553  2677.66  909.616
5  0  4  882.923  4669.55  1130.06
5  0  5  1767.18  13428.7  1833.76
For row 5 and col 1 ,pedestal is 199.025
5  1  1  207.599  54.2366  31650.4
5  1  2  258.052  384.72  2577.01
5  1  3  210.286  83.3138  16482.6
5  1  4  439.206  1687.19  1462.68
5  1  5  886.581  6005.21  1768.25
For row 5 and col 2 ,pedestal is 195.868
5  2  1  386.57  1101.68  388.847
5  2  2  650.501  2837.63  477.008
5  2  3  1271.07  6923.6  623.643
5  2  4  1594.97  10004.3  805.712
5  2  5  7767.59  33366.5  1033.7
For row 5 and col 3 ,pedestal is 225.081
5  3  1  302.242  439.276  1357.7
5  3  2  377.459  905.433  1062.26
5  3  3  481.788  1683.31  969.577
5  3  4  1152.96  5685.21  1337.83
5  3  5  3185.69  20157.8  2400.88
For row 5 and col 4 ,pedestal is 209.238
5  4  1  291.079  437.085  1457.68
5  4  2  346.236  961.677  1125.34
5  4  3  442.689  1714  1143.62
5  4  4  780.493  3887.68  1113.94
5  4  5  2823.54  19713.1  2250.62
For row 5 and col 5 ,pedestal is 172.771
5  5  1  360.64  944.332  395.844
5  5  2  484.501  1735.21  440.351
5  5  3  792.626  3839.27  520.056
5  5  4  1970.85  10648.5  902.224
5  5  5  8191.14  69327.7  nan
For row 5 and col 6 ,pedestal is 218.323
5  6  1  337.569  561.649  1011.02
5  6  2  361.955  938.738  824.676
5  6  3  585.965  2340.34  827.041
5  6  4  737.246  4384.55  1053.35
5  6  5  1855.64  11202.6  1518.26
For row 5 and col 7 ,pedestal is 230.032
5  7  1  277.228  301.018  6644.99
5  7  2  288.574  524.322  7606.37
5  7  3  339.225  945.521  2609.97
5  7  4  396.836  1809.2  4320.95
5  7  5  722.886  4081.44  1930.26
For row 5 and col 8 ,pedestal is 212.606
5  8  1  375.745  997.232  476.836
5  8  2  642.156  2640.18  499.325
5  8  3  1195.93  6704.14  647.934
5  8  4  1403.12  10317.6  892.595
5  8  5  8191.14  41904.3  nan
For row 5 and col 9 ,pedestal is 215.681
5  9  1  309.142  601.14  611.653
5  9  2  386.926  1084.91  503.309
5  9  3  644.286  2726.02  400.786
5  9  4  888.973  4565.7  464.603
5  9  5  2025.73  13493.3  875.34
For row 5 and col 10 ,pedestal is 205.258
5  10  1  335.288  793.814  690.963
5  10  2  483.95  1666.15  623.166
5  10  3  624.191  2592.42  702.045
5  10  4  915.391  4677.14  810.914
5  10  5  2137.32  14183.7  1376
For row 5 and col 11 ,pedestal is 239.877
5  11  1  283.527  186.73  3751.36
5  11  2  342.119  533.432  2058.33
5  11  3  426.366  1114.09  1762.82
5  11  4  489.629  1609.35  1592.8
5  11  5  784.107  4015.78  1833.46
For row 6 and col 0 ,pedestal is 208.405
6  0  1  265.525  332.924  934.838
6  0  2  373.702  1010.03  598.624
6  0  3  452.528  1587.67  561.873
6  0  4  1665.15  10576.4  948.452
6  0  5  1606.34  9148.99  1106.46
For row 6 and col 1 ,pedestal is 217.057
6  1  1  227.645  37.4628  21950.3
6  1  2  226.713  59.56  49529.2
6  1  3  230.72  97.6346  40270.1
6  1  4  260.49  349.107  17863.4
6  1  5  274.831  406.532  16698.6
For row 6 and col 2 ,pedestal is 208.809
6  2  1  314.374  571.438  525.107
6  2  2  493.29  1671.12  477.36
6  2  3  638.738  2716.35  528.785
6  2  4  2310.39  14872.5  919.507
6  2  5  2701.97  15946.6  1120.8
For row 6 and col 3 ,pedestal is 241.299
6  3  1  309.557  463.919  1590.47
6  3  2  393.422  1053.36  1038.04
6  3  3  612.863  2582.94  794.223
6  3  4  898.424  5148.67  850.561
6  3  5  1747.82  11861.7  1157.64
For row 6 and col 4 ,pedestal is 192.664
6  4  1  293.566  526.319  857.263
6  4  2  399.006  1159.4  639.557
6  4  3  610.066  2373.97  690.473
6  4  4  931.926  4826.7  803.832
6  4  5  2021.99  12243.2  1260.21
For row 6 and col 5 ,pedestal is 186.65
6  5  1  270.7  395.618  1266.03
6  5  2  344.079  933.416  1106.48
6  5  3  478.38  1855.52  916.502
6  5  4  713.886  3925.32  1052.71
6  5  5  1321.06  8725.11  1501.23
For row 6 and col 6 ,pedestal is 209.228
6  6  1  296.919  488.762  1242.93
6  6  2  338.972  879.093  1226.17
6  6  3  465.101  1950.72  1103.13
6  6  4  802.969  4605.7  1260.49
6  6  5  1006.12  6666.91  1514.6
For row 6 and col 7 ,pedestal is 228.197
6  7  1  316.656  600.82  1554.66
6  7  2  377.213  1049.97  1163.25
6  7  3  535.237  2354.64  1071.52
6  7  4  1007.08  6058.69  1358.53
6  7  5  1404.76  9629.09  1515.18
For row 6 and col 8 ,pedestal is 237.657
6  8  1  574.287  1996.81  340.93
6  8  2  885.539  4039.77  377.486
6  8  3  1322.12  7501.39  504.133
6  8  4  2682.53  16936.3  765.546
6  8  5  8191.14  53802.3  nan
For row 6 and col 9 ,pedestal is 231.627
6  9  1  310.735  560.023  1367.52
6  9  2  364.649  941.925  1006.09
6  9  3  503.704  2081.66  923.094
6  9  4  995.34  5988.92  1087.1
6  9  5  1740.53  12321.5  1489.01
For row 6 and col 10 ,pedestal is 216.458
6  10  1  334.586  836.377  608.834
6  10  2  369.285  1096.32  542.649
6  10  3  515.571  2262.99  539.703
6  10  4  1124.9  6913.86  695.419
6  10  5  2252.64  16190.6  1106.64
For row 6 and col 11 ,pedestal is 181.007
6  11  1  239.7  399.343  928.663
6  11  2  245.78  454.144  869.329
6  11  3  341.01  1199.15  650.672
6  11  4  697.127  3890.24  689.578
6  11  5  1542.77  10622.8  1137.5
For row 7 and col 0 ,pedestal is 187.877
7  0  1  251.607  317.693  776.729
7  0  2  353.955  941.932  493.038
7  0  3  472.745  1757.95  453.822
7  0  4  1428.48  8761.76  474.251
7  0  5  1938.25  11236  880.485
For row 7 and col 1 ,pedestal is 219.845
7  1  1  408.99  1064.7  317.959
7  1  2  671.321  2704.64  328.311
7  1  3  935.206  4646.11  392.64
7  1  4  3901.07  27024.6  651.06
7  1  5  8191.14  40401.5  nan
For row 7 and col 2 ,pedestal is 248.146
7  2  1  331.115  442.975  1244.71
7  2  2  448.478  1160.56  822.415
7  2  3  522.165  1744.75  807.912
7  2  4  1424.42  8452.73  807.812
7  2  5  2253.33  13122.4  1397.25
For row 7 and col 3 ,pedestal is 230.477
7  3  1  299.429  404.447  2234.68
7  3  2  369.841  877.318  1608.55
7  3  3  477.364  1596.48  1547.53
7  3  4  724.737  3636.9  1609.96
7  3  5  1269.07  7663.72  2119.95
For row 7 and col 4 ,pedestal is 202.386
7  4  1  268.015  328.536  2934.47
7  4  2  317.95  710.338  1359.16
7  4  3  408.625  1371.66  1118.14
7  4  4  632.31  3210.67  1170.15
7  4  5  1206.85  7603.59  1551.73
For row 7 and col 5 ,pedestal is 218.767
7  5  1  304.599  469.496  1064.88
7  5  2  407.583  1065.85  818.802
7  5  3  769.237  3137.34  780.393
7  5  4  1082.16  5676.26  960.744
7  5  5  2083.16  12415.1  1453.2
For row 7 and col 6 ,pedestal is 217.752
7  6  1  304.094  451.898  1204.8
7  6  2  351.321  773.827  1050.79
7  6  3  476.17  1646.4  900.805
7  6  4  679.77  2999.91  1015.74
7  6  5  1343.07  7846.5  1362.19
For row 7 and col 7 ,pedestal is 236.311
7  7  1  287.162  333.693  2703.55
7  7  2  310.658  531.101  2230.94
7  7  3  353.185  916.359  1899.96
7  7  4  590.706  2742.62  1802.06
7  7  5  700.403  3791.14  1789.24
For row 7 and col 8 ,pedestal is 208.746
7  8  1  327.691  777.401  1016.37
7  8  2  388.507  1187.45  963.109
7  8  3  532.465  2350.45  971.234
7  8  4  922.123  5139.03  1160.67
7  8  5  1501  9898.26  1601.68
For row 7 and col 9 ,pedestal is 182.833
7  9  1  291.548  785.091  627.782
7  9  2  367.834  1300.99  521.259
7  9  3  592.301  3099.2  587.709
7  9  4  1232.67  7991.35  839.066
7  9  5  2836.14  20978.5  1362.8
For row 7 and col 10 ,pedestal is 198.582
7  10  1  263.982  460.265  1287.73
7  10  2  330.785  944.655  875.529
7  10  3  472.278  2098.23  861.11
7  10  4  876.136  5295.23  1029.42
7  10  5  1582.79  11250.2  1446.84
For row 7 and col 11 ,pedestal is 194.795
7  11  1  239.302  276.599  1614.49
7  11  2  257.519  416.984  1375.65
7  11  3  402.8  1572.61  1007.56
7  11  4  724.976  4032.53  1045.57
7  11  5  1241.55  8291.5  1364.64
For row 8 and col 0 ,pedestal is 237.517
8  0  1  263.712  149.667  4742.24
8  0  2  313.61  465.779  2069.22
8  0  3  370.232  859.27  1695.43
8  0  4  894.932  4746.6  1061.28
8  0  5  868.897  4098.5  1304.69
For row 8 and col 1 ,pedestal is 232.203
8  1  1  306.309  439.059  1044.53
8  1  2  417.055  1129.24  747.53
8  1  3  568.917  2199.75  699.229
8  1  4  1482.78  9088.25  1019.42
8  1  5  2079.88  12217.3  1355.86
For row 8 and col 2 ,pedestal is 211.473
8  2  1  403.523  1122.15  295.95
8  2  2  703.163  2896.15  330.655
8  2  3  975.407  4885.66  404.327
8  2  4  2584.14  16941.8  713.585
8  2  5  2562.13  15168.9  830.848
For row 8 and col 3 ,pedestal is 213.002
8  3  1  299.071  534.283  1197.28
8  3  2  415.315  1288.16  1014.15
8  3  3  529.742  1992.06  940.882
8  3  4  970.561  5375.02  1243.15
8  3  5  1610.49  10031.7  1714.94
For row 8 and col 4 ,pedestal is 169.782
8  4  1  219.207  253.464  1872.88
8  4  2  196.43  33.6153  4438.44
8  4  3  383.634  1300.28  1018.9
8  4  4  531.971  2532.07  941.195
8  4  5  1310.76  8608  1601.77
For row 8 and col 5 ,pedestal is 184.398
8  5  1  356.472  889.846  393.06
8  5  2  572.198  2199.49  406.686
8  5  3  1165.19  5748.13  585.415
8  5  4  1811.71  10945.6  764.834
8  5  5  3103.08  19931.2  1055.46
For row 8 and col 6 ,pedestal is 220.093
8  6  1  339.165  617.544  1092.64
8  6  2  406.793  1069.79  877.437
8  6  3  555.689  2316.66  905.652
8  6  4  895.009  4970.12  1195.4
8  6  5  773.286  4394.49  1365.68
For row 8 and col 7 ,pedestal is 192.801
8  7  1  250.584  407.811  1973.22
8  7  2  283.482  648.849  2001.67
8  7  3  355.509  1253.52  1528.73
8  7  4  543.919  2753.13  1493.23
8  7  5  738.809  4522.98  1732.22
For row 8 and col 8 ,pedestal is 211.853
8  8  1  370.206  962.495  885.538
8  8  2  427.087  1377.15  815.774
8  8  3  685.335  3323.68  907.162
8  8  4  1042.06  5831.18  1099.13
8  8  5  1821.59  12031.9  1591.68
For row 8 and col 9 ,pedestal is 208.435
8  9  1  274.594  480.281  1250.48
8  9  2  315.878  784.486  923.352
8  9  3  455.396  1946.97  900.654
8  9  4  640.315  3470.69  890.045
8  9  5  1457.33  10404.3  1410.08
For row 8 and col 10 ,pedestal is 222.388
8  10  1  269.764  324.063  2344.32
8  10  2  321.2  671.853  1391.25
8  10  3  418.225  1475.2  1254.69
8  10  4  548.258  2502.38  1004.79
8  10  5  1388.93  9359.04  1291.57
For row 8 and col 11 ,pedestal is 206.059
8  11  1  261.6  405.854  1888.25
8  11  2  275.302  522.648  1421.06
8  11  3  426.494  1701.61  914.657
8  11  4  822.667  4820.67  706.659
8  11  5  1548.51  10883.5  1049.02
For row 9 and col 0 ,pedestal is 219.59
9  0  1  255.123  210.126  2653.74
9  0  2  302.489  554.502  1444.38
9  0  3  375.782  1073.4  1198.81
9  0  4  785.938  4222.04  1134
9  0  5  1009.84  5296.4  1432.07
For row 9 and col 1 ,pedestal is 292.557
9  1  1  397.669  588.109  849.882
9  1  2  564.176  1627.71  608.927
9  1  3  817.245  3370.51  592.78
9  1  4  2443.52  15413.9  697.89
9  1  5  2484.38  14285  1017.08
For row 9 and col 2 ,pedestal is 213.042
9  2  1  389.857  1046.75  311.323
9  2  2  642.961  2611.54  333.704
9  2  3  976.578  4998.57  415.452
9  2  4  2889.14  19527.5  749.704
9  2  5  3651.36  23033.4  940.07
For row 9 and col 3 ,pedestal is 253.48
9  3  1  438.364  1071.01  599.89
9  3  2  608.878  2188.76  603.378
9  3  3  993.887  4605.8  694.446
9  3  4  1654.86  9926.09  945.67
9  3  5  3593.9  24369.2  1521.39
For row 9 and col 4 ,pedestal is 204.592
9  4  1  283.992  455.649  1087.99
9  4  2  350.091  988.178  904.858
9  4  3  554.884  2394.67  931.697
9  4  4  814.352  4760.58  1090.44
9  4  5  1902.92  13335.6  1663.16
For row 9 and col 5 ,pedestal is 186.469
9  5  1  266.731  448.908  681.538
9  5  2  384.026  1136.78  539.141
9  5  3  652.709  2725.9  608.176
9  5  4  1110.23  6179.67  783.14
9  5  5  2109.03  13102.3  1191.29
For row 9 and col 6 ,pedestal is 239.708
9  6  1  381.146  755.128  817.353
9  6  2  441.827  1195.29  794.607
9  6  3  692.544  2910.5  757.778
9  6  4  1129.21  5811.6  966.127
9  6  5  1672.56  9910.31  1181.67
For row 9 and col 7 ,pedestal is 246.493
9  7  1  331.936  639.731  1394.69
9  7  2  347.088  786.386  1362.64
9  7  3  391.635  1166.61  1208.94
9  7  4  731.081  3732.58  1134.72
9  7  5  1192.16  7624.38  1389.37
For row 9 and col 8 ,pedestal is 238.355
9  8  1  372.379  833.761  1195.16
9  8  2  433.937  1261.89  1074.18
9  8  3  625.122  2716.61  1064.18
9  8  4  615.92  2620.94  1114.62
9  8  5  1148.99  6711.15  1344.49
For row 9 and col 9 ,pedestal is 247.684
9  9  1  328.689  580.868  1542.61
9  9  2  384.77  971.529  1038.4
9  9  3  570.907  2437.89  927.371
9  9  4  1102.72  6477.96  1091.01
9  9  5  2098.13  14627.3  1431.69
For row 9 and col 10 ,pedestal is 232.738
9  10  1  316.516  606.707  1139.46
9  10  2  368.794  971.72  840.079
9  10  3  524.926  2252.73  780.297
9  10  4  901.701  5200.91  791.213
9  10  5  1359.17  9096.96  969.562
For row 9 and col 11 ,pedestal is 219.477
9  11  1  343.392  899.564  622.678
9  11  2  460.443  1710.28  489.665
9  11  3  606.142  2946.18  536.259
9  11  4  1212.86  7653.04  652.293
9  11  5  2853.3  21155.2  1102.47
For row 10 and col 0 ,pedestal is 265.318
10  0  1  286.164  103.071  6657.95
10  0  2  291.118  179.722  10619.5
10  0  3  327.206  399.445  5250.98
10  0  4  521.255  1813.19  2295.72
10  0  5  559.548  1881.48  2638.03
For row 10 and col 1 ,pedestal is 222.822
10  1  1  259.94  229.18  1552.81
10  1  2  321.79  642.968  895.367
10  1  3  507.966  1910.95  727.201
10  1  4  1049.73  6191.04  930.878
10  1  5  1539.29  8966.64  1151.65
For row 10 and col 2 ,pedestal is 243.551
10  2  1  323.856  471.053  707.906
10  2  2  407.536  1009.28  538.811
10  2  3  717.131  3035.05  479.698
10  2  4  1677.3  10315.8  618.537
10  2  5  2382.78  13915.8  735.085
For row 10 and col 3 ,pedestal is 254.012
10  3  1  421.825  992.367  691.093
10  3  2  604.027  2184.57  614.295
10  3  3  927.855  4256.06  738.933
10  3  4  1659.18  10081.4  1004.24
10  3  5  3295.77  22038  1366.65
For row 10 and col 4 ,pedestal is 216.187
10  4  1  291.504  397.816  1580.18
10  4  2  371.648  970.428  1100.21
10  4  3  572.647  2386.77  1324.39
10  4  4  785.301  4271.51  1200.44
10  4  5  1758.64  11739.8  1773.42
For row 10 and col 5 ,pedestal is 229.654
10  5  1  372.878  741.586  729.732
10  5  2  473.28  1318.43  599.691
10  5  3  936.754  4007.19  649.593
10  5  4  1198.68  6321.69  762.628
10  5  5  2702.93  16387.1  1224.47
For row 10 and col 6 ,pedestal is 249.367
10  6  1  334.844  518.185  1285.13
10  6  2  390.451  980.534  1192.73
10  6  3  564.044  2391.82  1121.22
10  6  4  733.213  3732.27  1172.24
10  6  5  1210.15  7738.34  1495
For row 10 and col 7 ,pedestal is 245.562
10  7  1  308.041  467.981  1792.89
10  7  2  326.066  700.11  1781.03
10  7  3  457.501  1717.62  1257.31
10  7  4  725.456  3711.23  1382.84
10  7  5  977.44  5868.85  1547.14
For row 10 and col 8 ,pedestal is 234.516
10  8  1  422.199  1154.03  615.603
10  8  2  535.569  1936.97  575.983
10  8  3  733.47  3504.02  643.372
10  8  4  1567.31  9297.37  820.139
10  8  5  2255.76  14961.3  982.797
For row 10 and col 9 ,pedestal is 207.069
10  9  1  269.648  465.565  1024.6
10  9  2  323.151  817.11  615.865
10  9  3  405.983  1523.31  590.611
10  9  4  860.855  5018.1  630.331
10  9  5  1881.74  13303.3  1091.71
For row 10 and col 10 ,pedestal is 229.994
10  10  1  267.031  256.873  3374.13
10  10  2  299.095  464.935  1828.73
10  10  3  338.282  816.639  1582.37
10  10  4  581.237  2690.77  1220.83
10  10  5  1142.8  7271.84  1577.34
For row 10 and col 11 ,pedestal is 223.634
10  11  1  296.504  507.026  1103.39
10  11  2  410.663  1324.82  596.545
10  11  3  589.386  2790.93  626.495
10  11  4  1062.91  6484.26  776.445
10  11  5  1863.16  13141.3  1133.23
For row 11 and col 0 ,pedestal is 230.496
11  0  1  275.652  239.966  1753.11
11  0  2  370.096  836.386  868.349
11  0  3  449.664  1442.63  719.169
11  0  4  1216.54  7275.11  590.538
11  0  5  1838.58  10762.7  770.147
For row 11 and col 1 ,pedestal is 200.826
11  1  1  223.828  128.604  7055.08
11  1  2  256.042  352.65  2807.16
11  1  3  319.349  783.828  2005.93
11  1  4  642.711  3288.94  1453.05
11  1  5  590.046  2641.92  1792.03
For row 11 and col 2 ,pedestal is 226.445
11  2  1  257.677  168.136  5467.08
11  2  2  337.85  709.069  1148.71
11  2  3  436.138  1394.44  930.328
11  2  4  978.662  5498.47  817.402
11  2  5  1134.29  5996.66  999.08
For row 11 and col 3 ,pedestal is 238.571
11  3  1  301.152  331.14  2995.93
11  3  2  344.57  638.283  2054.04
11  3  3  422.571  1089.03  1527.29
11  3  4  666.298  2956.53  1375.45
11  3  5  1261.93  7185.75  1879.57
For row 11 and col 4 ,pedestal is 230.5
11  4  1  312.739  523.937  1624.01
11  4  2  402.972  1102.32  1003.53
11  4  3  583.595  2421.64  1151.94
11  4  4  1012.22  5882.52  1130.05
11  4  5  2200.04  15275.8  1652.99
For row 11 and col 5 ,pedestal is 229.979
11  5  1  323.293  421.693  963.295
11  5  2  477.996  1336.4  729.585
11  5  3  769.616  3140.53  734.04
11  5  4  1039.1  5354.11  883.491
11  5  5  2841.39  17731.4  1420.12
For row 11 and col 6 ,pedestal is 221.796
11  6  1  314.769  434.267  1259.37
11  6  2  338.059  717.348  1732.47
11  6  3  368.354  996.157  1564.61
11  6  4  614.592  2897.2  1338.91
11  6  5  848.116  4868.37  1659.91
For row 11 and col 7 ,pedestal is 189.394
11  7  1  257.599  401.669  2142.2
11  7  2  284.113  683.058  1415.99
11  7  3  398.345  1655  1119.06
11  7  4  551.439  2839.16  1269.44
11  7  5  807.838  5029.08  1573.1
For row 11 and col 8 ,pedestal is 213.96
11  8  1  379.847  1045.89  582.599
11  8  2  533.632  2080.99  577.03
11  8  3  787.673  4083.85  700.396
11  8  4  1285.3  7591.59  894.247
11  8  5  2291.47  15583  1347.63
For row 11 and col 9 ,pedestal is 194.149
11  9  1  265.167  543.954  899.144
11  9  2  346.19  1101.13  601.265
11  9  3  487.596  2274.09  650.684
11  9  4  923.879  5647.53  799.559
11  9  5  2128.88  15476.3  1393.46
For row 11 and col 10 ,pedestal is 196.855
11  10  1  263.33  543.748  956.453
11  10  2  344.762  1056.86  649.401
11  10  3  500.462  2392.7  716.792
11  10  4  1015.6  6356.88  834.754
11  10  5  1880.54  13582.9  1322.44
For row 11 and col 11 ,pedestal is 247.089
11  11  1  304.813  415.498  1838.14
11  11  2  349.395  727.829  1224.81
11  11  3  429.877  1397.34  960.894
11  11  4  760.193  3981.77  948.559
11  11  5  1392.28  9233.73  1348.16
