#All information for run 1202.
#Row Col LED <Max> <Int> NPE
For row 0 and col 0 ,pedestal is 236.566
0  0  1  282.606  253.809  3265.18
0  0  2  340.004  641.79  1940.34
0  0  3  442.973  1342.37  1688.29
0  0  4  677.896  3207.52  1735.29
0  0  5  1209.62  8816.04  2391.8
For row 0 and col 1 ,pedestal is 192.371
0  1  1  204.384  41.946  7950.25
0  1  2  276.104  509.912  1678.42
0  1  3  492.133  1857.4  1174.26
0  1  4  577.782  2653.42  1312.8
0  1  5  695.8  4359.93  1587.67
For row 0 and col 2 ,pedestal is 211.684
0  2  1  237.872  140.878  6693.86
0  2  2  274.808  385.092  3631.13
0  2  3  341.326  797.483  2144.07
0  2  4  504.174  2043.84  1991.24
0  2  5  894.53  5984.6  1402.14
For row 0 and col 3 ,pedestal is 215.279
0  3  1  281.698  412.138  1773.74
0  3  2  377.603  1007.25  1114.87
0  3  3  433.168  1472.88  1171.71
0  3  4  949.367  4645.66  1183.76
0  3  5  2118.7  13383  2035.46
For row 0 and col 4 ,pedestal is 229.591
0  4  1  260.418  132.587  6165.99
0  4  2  265.978  228.393  5045.63
0  4  3  317.284  594.685  2733.9
0  4  4  547.598  2072.35  1823.85
0  4  5  1041.78  5895.49  2482.19
For row 0 and col 5 ,pedestal is 206.722
0  5  1  256.913  393.876  1552.45
0  5  2  303.623  720.961  1423.24
0  5  3  401.522  1452.49  1128.69
0  5  4  738.953  3516.89  1257.57
0  5  5  2112.64  14091.1  2063.24
For row 0 and col 6 ,pedestal is 202.787
0  6  1  253.437  345.971  3209.45
0  6  2  271.466  494.49  2562.36
0  6  3  318.674  930.606  2934.5
0  6  4  399.04  2047.19  2792.04
0  6  5  861.283  5256.03  1695.19
For row 0 and col 7 ,pedestal is 193.036
0  7  1  220.348  171.211  9075.03
0  7  2  240.188  200.524  2561.68
0  7  3  284.66  599.499  1681.49
0  7  4  320.397  1059.61  1908.55
0  7  5  647.381  3488.25  1873.54
For row 0 and col 8 ,pedestal is 232.412
0  8  1  271.269  198.179  3998.23
0  8  2  310.155  480.806  2154.47
0  8  3  477.602  1653.87  1470.63
0  8  4  532.106  2624.02  1634.99
0  8  5  1191.32  6930.31  1660.55
For row 0 and col 9 ,pedestal is 231.36
0  9  1  285.058  297.055  3110.19
0  9  2  356.526  713.418  1805.4
0  9  3  424.559  1178.59  1648.63
0  9  4  511.104  1837.8  1627.15
0  9  5  900.446  4876.91  1914.11
For row 0 and col 10 ,pedestal is 213.257
0  10  1  260.541  254.626  2490.52
0  10  2  312.173  593.571  1938.91
0  10  3  363.125  935.056  1690.17
0  10  4  497.324  1875.28  1429.34
0  10  5  735.659  3865.79  1617.38
For row 0 and col 11 ,pedestal is 181.537
0  11  1  239.38  312.727  1746.75
0  11  2  300.754  679.402  1101.24
0  11  3  383.903  1230.9  919.199
0  11  4  587.872  2665.59  808.666
0  11  5  762.838  4293.18  994.471
For row 1 and col 0 ,pedestal is 168.432
1  0  1  200.351  172.021  1640.94
1  0  2  260.663  586.117  971.076
1  0  3  451.452  1812.11  709.964
1  0  4  681.285  3638.98  898.816
1  0  5  1710.29  13612.4  1205.1
For row 1 and col 1 ,pedestal is 199.618
1  1  1  250.085  292.902  1561.82
1  1  2  347.238  929.358  928.438
1  1  3  434.5  1494.19  870.714
1  1  4  747.159  3863.85  974.312
1  1  5  1128.22  8190.3  1390.73
For row 1 and col 2 ,pedestal is 213.683
1  2  1  247.263  207.144  5177.26
1  2  2  287.148  510.302  3322.16
1  2  3  403.397  1280.44  2062.82
1  2  4  577.422  2699.65  2021.52
1  2  5  934.085  6572.71  2766.84
For row 1 and col 3 ,pedestal is 195.009
1  3  1  245.953  314.434  2053.47
1  3  2  279.225  542.884  1760
1  3  3  358.64  1113.95  1464.25
1  3  4  732.634  3393.36  1617.5
1  3  5  1365.11  8179.24  2435.23
For row 1 and col 4 ,pedestal is 203.574
1  4  1  228.644  169.076  3877.47
1  4  2  400.168  1132.28  667.171
1  4  3  497.459  1863.89  720.148
1  4  4  1389.12  6971.86  1062.84
1  4  5  3480.07  21727  1829.16
For row 1 and col 5 ,pedestal is 203.646
1  5  1  237.995  199.507  4646.35
1  5  2  266.106  371.287  2724.34
1  5  3  315.766  770.824  2663.29
1  5  4  494.253  1879.75  2399.33
1  5  5  1103.25  6573.96  2965.38
For row 1 and col 6 ,pedestal is 147.983
1  6  1  306.476  854.795  593.17
1  6  2  387.585  1343.86  575.051
1  6  3  653.439  3283.53  677.037
1  6  4  972.872  6921.44  1063.04
1  6  5  2657.68  17574.7  1397
For row 1 and col 7 ,pedestal is 194.778
1  7  1  271.567  445.831  1419.77
1  7  2  334.524  879.927  1050.59
1  7  3  455.77  1851.61  1045.68
1  7  4  603.834  3824.22  1434.78
1  7  5  1438.88  9726.55  1772.5
For row 1 and col 8 ,pedestal is 224.419
1  8  1  307.25  473.475  1642.1
1  8  2  339.406  739.979  1436.46
1  8  3  497.752  1933.77  1253.95
1  8  4  611.79  3462.63  1376.82
1  8  5  1398.14  8803.64  1918.54
For row 1 and col 9 ,pedestal is 212.945
1  9  1  249.462  205.154  3911.37
1  9  2  303.121  549.532  2007.25
1  9  3  356.494  894.332  1805.67
1  9  4  504.482  1938.82  1582.68
1  9  5  817.741  4487.46  1839.31
For row 1 and col 10 ,pedestal is 195.186
1  10  1  237.796  279.445  2613.06
1  10  2  296.6  623.327  1531.87
1  10  3  381.511  1170.55  1445.37
1  10  4  536.48  2326.37  1413.6
1  10  5  863.806  5014.75  1905.42
For row 1 and col 11 ,pedestal is 209.954
1  11  1  247.911  219.685  3386.47
1  11  2  278.513  426.147  3121.04
1  11  3  354.634  901.682  2289.56
1  11  4  467.127  1730.09  1835.5
1  11  5  683.714  3580.85  2039.86
For row 2 and col 0 ,pedestal is 200.504
2  0  1  223.299  106.797  6196.05
2  0  2  252.634  320.147  3338.76
2  0  3  327.197  807.821  2058.73
2  0  4  493.912  2107.85  1703.19
2  0  5  935.654  6568.9  2045.75
For row 2 and col 1 ,pedestal is 225.14
2  1  1  268.252  255.54  3258.25
2  1  2  303.444  509.678  2425.92
2  1  3  433.427  1363.51  1521.13
2  1  4  463.124  1739.44  1527.29
2  1  5  952.575  6618.05  1747.48
For row 2 and col 2 ,pedestal is 186.833
2  2  1  243.108  336.391  1568.26
2  2  2  289.677  700.886  1044.62
2  2  3  516.537  2209.51  813.483
2  2  4  560.311  2783.76  920.259
2  2  5  1146.88  8834.76  1224.82
For row 2 and col 3 ,pedestal is 210.42
2  3  1  242.027  151.415  6811.87
2  3  2  267.831  349.711  4914.04
2  3  3  267.69  362.239  4722.49
2  3  4  470.523  1673.81  2785.76
2  3  5  1098.69  6300.74  3496.45
For row 2 and col 4 ,pedestal is 183.189
2  4  1  222.778  269.435  3491.71
2  4  2  268.018  564.694  1332
2  4  3  334.675  1102.32  1303.5
2  4  4  625.15  2927.2  1367.5
2  4  5  1969.47  13141.8  2366.95
For row 2 and col 5 ,pedestal is 216.344
2  5  1  279.627  388.725  1625.52
2  5  2  321.221  623.975  1201.26
2  5  3  431.472  1494.72  1047.78
2  5  4  948.103  4823.51  1253.93
2  5  5  2447.97  16473.9  2243.97
For row 2 and col 6 ,pedestal is 179.773
2  6  1  267.749  374.085  874.227
2  6  2  293.764  719.792  1305.3
2  6  3  368.456  1361.92  1264.05
2  6  4  509.77  3184.03  1452.96
2  6  5  1235.03  8606.16  1647.24
For row 2 and col 7 ,pedestal is 227.58
2  7  1  282.603  348.498  5096.03
2  7  2  319.487  618.401  2210.79
2  7  3  425.697  1524.79  1677.24
2  7  4  464.231  2418.24  2047.3
2  7  5  1137.76  7506.3  1899.75
For row 2 and col 8 ,pedestal is 201.109
2  8  1  268.318  459.859  2848.42
2  8  2  283.084  588.232  2714.13
2  8  3  408.712  1587.93  1756.81
2  8  4  532.691  3161.11  2206.15
2  8  5  1099.23  7131.8  2486.76
For row 2 and col 9 ,pedestal is 211.764
2  9  1  237.466  160.22  6639.64
2  9  2  279.6  413.23  4211.67
2  9  3  315.877  651.752  2827.39
2  9  4  408.165  1314.37  2198.7
2  9  5  580.315  2787.14  2191.46
For row 2 and col 10 ,pedestal is 236.456
2  10  1  291.946  348.444  1812.2
2  10  2  351.858  736.97  1241.85
2  10  3  491.655  1654.62  994.095
2  10  4  639.049  2809.08  902.413
2  10  5  1093.49  6663.66  1090.75
For row 2 and col 11 ,pedestal is 208.401
2  11  1  272.315  400.036  1315.08
2  11  2  343.611  832.822  977.493
2  11  3  460.904  1630.57  764.12
2  11  4  709.689  3515.6  688.683
2  11  5  1258.66  8132.9  1540.33
For row 3 and col 0 ,pedestal is 230.611
3  0  1  288.443  344.061  1851.4
3  0  2  369.657  849.964  1168.75
3  0  3  606.622  2386.61  937.701
3  0  4  862.171  4436.24  1069.92
3  0  5  1403.53  10203.1  1443.49
For row 3 and col 1 ,pedestal is 199.462
3  1  1  221.512  82.418  3449.61
3  1  2  261.269  348.399  2554.55
3  1  3  408.244  1333.66  1493.96
3  1  4  484.974  2027.7  1571.01
3  1  5  871.741  5948.06  1884.38
For row 3 and col 2 ,pedestal is 218.642
3  2  1  263.324  251.11  3355.26
3  2  2  305.837  575.719  2300.67
3  2  3  461.218  1566.59  1768.36
3  2  4  602.239  2705.36  1855.94
3  2  5  1243.52  8919.7  2820.04
For row 3 and col 3 ,pedestal is 173.084
3  3  1  224.027  282.31  2004.66
3  3  2  304.696  747.673  1309.92
3  3  3  183.684  57.9227  11820.2
3  3  4  734.552  3489.21  1543.34
3  3  5  1775.44  11066.3  2640.16
For row 3 and col 4 ,pedestal is 209.371
3  4  1  268.167  282.614  1621.29
3  4  2  292.334  557.123  1199.72
3  4  3  445.77  1635.25  997.231
3  4  4  800.206  3951.03  1216.45
3  4  5  2386.66  16433.7  2181.65
For row 3 and col 5 ,pedestal is 179.499
3  5  1  245.353  392.818  2356.13
3  5  2  266.898  583.99  1482.12
3  5  3  407.124  1633.01  1059.59
3  5  4  947.685  5251.73  1477.04
3  5  5  2206.57  15632.1  2381.6
For row 3 and col 6 ,pedestal is 218.012
3  6  1  325.268  647.323  1297.99
3  6  2  365.704  905.797  1235.48
3  6  3  625.946  2733.05  894.247
3  6  4  841.996  5308.76  1234.83
3  6  5  2304.87  14691.2  1623.12
For row 3 and col 7 ,pedestal is 222.563
3  7  1  327.992  586.792  891.956
3  7  2  341.581  762.186  1284.2
3  7  3  453.146  1823.35  1529.71
3  7  4  605.729  3696.83  1702.41
3  7  5  979.994  6009.08  1687.46
For row 3 and col 8 ,pedestal is 173.15
3  8  1  221.773  265.012  4146.13
3  8  2  226.472  304.562  4197.96
3  8  3  328.279  1088.95  2710.12
3  8  4  374.631  1762.67  2757.13
3  8  5  703.108  4016.44  2750.79
For row 3 and col 9 ,pedestal is 187.57
3  9  1  219.02  183.33  4998.14
3  9  2  248.619  333.259  2977.06
3  9  3  301.976  678.692  2383.33
3  9  4  426.689  1541.5  1792.39
3  9  5  684.935  3654.08  2258.57
For row 3 and col 10 ,pedestal is 183.403
3  10  1  207.36  143.802  4514.15
3  10  2  235.126  330.453  4019.62
3  10  3  287.934  662.081  2873.29
3  10  4  307.957  837.457  2305.79
3  10  5  558.735  2801.02  2164.26
For row 3 and col 11 ,pedestal is 205.281
3  11  1  231.44  157.815  4838.79
3  11  2  275.528  422.333  2736.01
3  11  3  337.729  824.886  1903.27
3  11  4  463.329  1715.12  1640.13
3  11  5  671.786  3510.12  1796.7
For row 4 and col 0 ,pedestal is 180.979
4  0  1  189.983  49.4113  12466.4
4  0  2  259.2  477.52  1917.58
4  0  3  363.989  1163.71  1435.83
4  0  4  479.994  2116.09  1543.47
4  0  5  930.212  6563.25  2092.89
For row 4 and col 1 ,pedestal is 215.842
4  1  1  255.018  215.624  3156.76
4  1  2  321.186  659.053  1868.2
4  1  3  473.945  1638.13  1383.05
4  1  4  608.24  2789.26  1404.79
4  1  5  1393.07  10479  1246.63
For row 4 and col 2 ,pedestal is 209.198
4  2  1  235.053  140.839  7275.82
4  2  2  263.15  335.149  4242.53
4  2  3  353.949  945.171  2690.27
4  2  4  362.476  1114.73  2947.24
4  2  5  526.731  2886.83  3246.83
For row 4 and col 3 ,pedestal is 202.279
4  3  1  233.649  172.351  5389.99
4  3  2  267.979  380.867  3574.42
4  3  3  298.584  633.479  2830.01
4  3  4  568.038  2295.04  2192.75
4  3  5  1168.52  6729.42  2984.47
For row 4 and col 4 ,pedestal is 227.949
4  4  1  274.366  284.159  4940.5
4  4  2  275.41  398.414  3562.8
4  4  3  350.577  959.452  2197.19
4  4  4  735.256  3362.47  1606.57
4  4  5  1589.61  10088.4  2599.7
For row 4 and col 5 ,pedestal is 192.351
4  5  1  214.739  34.1773  13188.6
4  5  2  351.534  936.556  709.157
4  5  3  522.872  2080.63  721.484
4  5  4  244.573  265.337  2060.44
4  5  5  2760.49  17073.8  1921.38
For row 4 and col 6 ,pedestal is 188.97
4  6  1  297.779  480.568  811.464
4  6  2  285.091  772.114  1044.74
4  6  3  438.081  1985.1  1342.91
4  6  4  470.177  2966.48  1658.64
4  6  5  1176.96  8091.66  1889.98
For row 4 and col 7 ,pedestal is 219.319
4  7  1  287.116  331.43  2051.01
4  7  2  293.574  580.949  3361.25
4  7  3  389.235  1294.36  1356.93
4  7  4  474.969  2604.95  1405.22
4  7  5  1251.09  8387.56  1750.31
For row 4 and col 8 ,pedestal is 192.06
4  8  1  290.13  590.877  1107.22
4  8  2  350.633  1025.32  1037.17
4  8  3  555.788  2619.06  1004.74
4  8  4  649.311  4149.07  1373.75
4  8  5  1626.08  10769.5  1853.04
For row 4 and col 9 ,pedestal is 216.174
4  9  1  250.278  162.594  5704.36
4  9  2  289.619  403.014  2522.44
4  9  3  352.959  852.67  2035.56
4  9  4  454.983  1591.85  1571.87
4  9  5  698.762  3585.92  1453.11
For row 4 and col 10 ,pedestal is 210.85
4  10  1  274.397  401.422  2043.22
4  10  2  365.52  980.204  1398.4
4  10  3  472.008  1650.36  1340.55
4  10  4  644.608  2887.61  1330.79
4  10  5  987.185  5806.83  1823.94
For row 4 and col 11 ,pedestal is 206.609
4  11  1  223.64  98.7353  25878.6
4  11  2  229.726  180.374  19774.3
4  11  3  254.442  320.144  5282.64
4  11  4  316.298  768.638  2512.49
4  11  5  388.135  1376.13  2204.19
For row 5 and col 0 ,pedestal is 191.175
5  0  1  222.691  152.671  4284.28
5  0  2  261.077  405.108  2662.43
5  0  3  368.213  1079.07  1907.33
5  0  4  472.472  1891.59  1909.26
5  0  5  833.648  5480.57  2472.72
For row 5 and col 1 ,pedestal is 199.341
5  1  1  207.221  41.9008  40258.7
5  1  2  226.577  177.381  8686.71
5  1  3  207.882  51.5398  44691.3
5  1  4  300.124  718.662  3825.12
5  1  5  484.198  2486.16  3198.98
For row 5 and col 2 ,pedestal is 196.207
5  2  1  274.016  448.091  1177.19
5  2  2  385.209  1161.66  966.141
5  2  3  632.591  2820.67  915.086
5  2  4  768.944  4095.85  1042.68
5  2  5  1880.29  15007.4  2015.55
For row 5 and col 3 ,pedestal is 224.925
5  3  1  256.71  187.471  5094.13
5  3  2  287.621  385.053  3465.49
5  3  3  331.418  711.609  2576.88
5  3  4  613.327  2393.4  2044.53
5  3  5  1475.82  8562.67  3011.06
For row 5 and col 4 ,pedestal is 208.445
5  4  1  277.324  361.814  1836.04
5  4  2  315.721  790.602  1466.73
5  4  3  399.162  1404.19  1432.73
5  4  4  670.076  3158.94  1258.94
5  4  5  2320.9  15908.2  2438.51
For row 5 and col 5 ,pedestal is 173.012
5  5  1  325.841  762.977  491.457
5  5  2  423.394  1394.76  535.724
5  5  3  670.106  3089.4  605.387
5  5  4  1615.5  8553.47  939.225
5  5  5  8191.14  48524.6  nan
For row 5 and col 6 ,pedestal is 218.542
5  6  1  313.499  448.28  1481.51
5  6  2  326.399  757.376  1105.64
5  6  3  511.993  1892.53  980.141
5  6  4  630.084  3536.95  1146.79
5  6  5  1535.35  9051.62  1510.47
For row 5 and col 7 ,pedestal is 230.348
5  7  1  275.53  253.254  8990.5
5  7  2  280.813  438.711  8407.79
5  7  3  316.358  767.625  3067.75
5  7  4  367.805  1471.72  7267.3
5  7  5  625.308  3298.34  2315.06
For row 5 and col 8 ,pedestal is 212.595
5  8  1  279.376  437.539  1525.74
5  8  2  391.822  1121.87  1112.12
5  8  3  616.696  2799.22  1021.61
5  8  4  703.752  4306.74  1332.51
5  8  5  2024.72  13169.6  1946.13
For row 5 and col 9 ,pedestal is 215.941
5  9  1  252.543  275.438  2469.7
5  9  2  282.724  478.946  1347.78
5  9  3  389.402  1166.22  667.702
5  9  4  493.485  1961.57  529.09
5  9  5  969.021  5769.09  675.581
For row 5 and col 10 ,pedestal is 205.409
5  10  1  259.483  341.261  2248.42
5  10  2  317.612  700.324  1552.42
5  10  3  374.578  1083.7  1470.11
5  10  4  492.762  1948.81  1487.85
5  10  5  995.637  5888.12  1773.93
For row 5 and col 11 ,pedestal is 240.222
5  11  1  267.368  84.6371  10027
5  11  2  288.957  218.009  5441.52
5  11  3  318.619  448.359  5236.56
5  11  4  343.662  648.173  4311.22
5  11  5  457.572  1603.42  3397.53
For row 6 and col 0 ,pedestal is 207.91
6  0  1  230.061  138.38  4364.94
6  0  2  273.73  412.305  1955.4
6  0  3  305.046  648.679  1738.43
6  0  4  799.23  4307.53  1343.13
6  0  5  774.764  3723.57  1478.8
For row 6 and col 1 ,pedestal is 217.065
6  1  1  227.284  26.0793  16680.5
6  1  2  224.673  28.3379  75378.9
6  1  3  224.756  33.0927  82657.4
6  1  4  230.049  83.1214  34872.3
6  1  5  231.353  90.4208  37086.4
For row 6 and col 2 ,pedestal is 208.772
6  2  1  253.2  240.57  1915.5
6  2  2  323.885  688.683  1192.58
6  2  3  383.076  1113.29  1145.9
6  2  4  1055.96  6047.27  1303.33
6  2  5  1205.95  6446.11  1488.45
For row 6 and col 3 ,pedestal is 241.332
6  3  1  270.235  190.638  6576.52
6  3  2  302.015  430.408  3107.57
6  3  3  391.569  1064.42  1402.26
6  3  4  506.761  2101.54  1238.21
6  3  5  851.603  4834.99  1261.65
For row 6 and col 4 ,pedestal is 192.548
6  4  1  277.022  427.122  1136.13
6  4  2  361.125  943.424  801.58
6  4  3  530.589  1920.69  809.455
6  4  4  792.327  3919.54  880.536
6  4  5  1673.81  9933.02  1327.8
For row 6 and col 5 ,pedestal is 187.006
6  5  1  260.199  321.336  1496.78
6  5  2  318.64  757.515  1221.18
6  5  3  424.875  1501.22  1058.34
6  5  4  614.802  3173.99  1195.71
6  5  5  1105.63  7045.38  1687.26
For row 6 and col 6 ,pedestal is 208.932
6  6  1  283.881  404.973  1307.87
6  6  2  314.657  719.028  1580.21
6  6  3  417.555  1591.08  1296.4
6  6  4  688.476  3738.39  1330.29
6  6  5  849.987  5402.37  1627.07
For row 6 and col 7 ,pedestal is 228.246
6  7  1  299.679  487.354  1879.16
6  7  2  345.992  849.628  1551.5
6  7  3  473.145  1895.04  1338.6
6  7  4  850.28  4871.81  1514.25
6  7  5  1168.8  7725.81  1758.42
For row 6 and col 8 ,pedestal is 238.177
6  8  1  378.438  835.69  870.114
6  8  2  503.72  1667.52  719.797
6  8  3  682.738  3095.24  842.425
6  8  4  1241.66  6987.44  1015.23
6  8  5  2169.49  14273.7  1245.61
For row 6 and col 9 ,pedestal is 231.265
6  9  1  266.033  240.135  4893.86
6  9  2  288.629  404.381  3164.49
6  9  3  347.399  880.561  2387.23
6  9  4  548.942  2514.57  1894.7
6  9  5  858.913  5162.07  2113.06
For row 6 and col 10 ,pedestal is 216.493
6  10  1  264.559  333.882  2259.37
6  10  2  276.861  440.108  1931.48
6  10  3  335.487  904.01  1533.57
6  10  4  575.226  2751.65  1164.26
6  10  5  1027.43  6501.71  1348.65
For row 6 and col 11 ,pedestal is 181.131
6  11  1  207.745  172.474  4674.14
6  11  2  208.51  196.231  4149.46
6  11  3  247.388  502.561  2121.85
6  11  4  392.911  1622.1  1385.67
6  11  5  742.23  4414.52  1533.23
For row 7 and col 0 ,pedestal is 187.948
7  0  1  215.369  120.024  3128.8
7  0  2  254.952  369.899  1423.45
7  0  3  302.091  691.818  1228.6
7  0  4  674.671  3437.66  646.628
7  0  5  880.596  4431.26  931.717
For row 7 and col 1 ,pedestal is 219.755
7  1  1  299.328  442.358  950.376
7  1  2  407.836  1122.61  700.506
7  1  3  516.079  1929.88  690.107
7  1  4  1728.05  11051.4  913.779
7  1  5  2054.29  12175.8  1189.14
For row 7 and col 2 ,pedestal is 248.06
7  2  1  285.255  184.339  4884.6
7  2  2  332.4  478.755  2582.8
7  2  3  360.712  717.98  2475.14
7  2  4  725.214  3434.6  1163.38
7  2  5  1064.48  5365.14  1382.66
For row 7 and col 3 ,pedestal is 230.378
7  3  1  262.197  186.572  6708.01
7  3  2  292.922  395.351  4240.74
7  3  3  339.488  720.59  3640.3
7  3  4  448.52  1629.52  3054.91
7  3  5  690.73  3431.13  3201.76
For row 7 and col 4 ,pedestal is 202.42
7  4  1  260.905  267.057  2786.9
7  4  2  296.432  575.839  1550.12
7  4  3  367.432  1111.22  1383.63
7  4  4  546.201  2593.23  1399.9
7  4  5  1011.42  6131.81  1675.16
For row 7 and col 5 ,pedestal is 219.162
7  5  1  289.237  385.554  1537.66
7  5  2  373.014  866.692  1101.78
7  5  3  665.366  2547.84  906.283
7  5  4  919.479  4604.43  1024.41
7  5  5  1727.44  10058.4  1435.11
For row 7 and col 6 ,pedestal is 218.037
7  6  1  288.79  370.294  1634.28
7  6  2  326.233  631.192  1267
7  6  3  427.105  1328.48  1082.09
7  6  4  591.856  2426.65  1144.11
7  6  5  1128.82  6355.81  1449.46
For row 7 and col 7 ,pedestal is 236.228
7  7  1  278.474  275.981  3349.25
7  7  2  296.127  437.809  2951.8
7  7  3  331.293  751.644  2694.82
7  7  4  525.355  2245.73  2065.44
7  7  5  614.051  3098.86  2076.23
For row 7 and col 8 ,pedestal is 208.536
7  8  1  260.385  343.316  4292.18
7  8  2  287.418  525.105  2707.58
7  8  3  351.019  1040.13  2051.93
7  8  4  521.465  2268.92  1950.05
7  8  5  776.319  4373.31  2273.34
For row 7 and col 9 ,pedestal is 182.553
7  9  1  228.015  332.559  2210.87
7  9  2  259.07  547.484  1354.77
7  9  3  352.791  1300.57  1296.02
7  9  4  619.45  3354.56  1258.36
7  9  5  1287.16  8806.58  1851.17
For row 7 and col 10 ,pedestal is 198.794
7  10  1  227.717  200.395  5284.23
7  10  2  255.216  405.472  2875.86
7  10  3  314.165  882.939  2250.51
7  10  4  481.03  2213.84  1707.3
7  10  5  774.419  4699.42  2060.22
For row 7 and col 11 ,pedestal is 195.084
7  11  1  218.372  121.733  3862.81
7  11  2  223.971  181.815  5595.57
7  11  3  285.014  674.015  2731.33
7  11  4  421.78  1723.84  1948.61
7  11  5  641.246  3543.56  2101.53
For row 8 and col 0 ,pedestal is 237.474
8  0  1  249.32  63.2402  24824.6
8  0  2  267.706  191.337  8434.31
8  0  3  290.126  348.832  6282.93
8  0  4  500.542  1914.69  2089.04
8  0  5  491.786  1650.45  2683.28
For row 8 and col 1 ,pedestal is 232.487
8  1  1  262.518  195.982  4483.18
8  1  2  308.785  481.58  2144.19
8  1  3  369.783  923.286  1707.14
8  1  4  744.36  3759.77  1520.28
8  1  5  989.24  5041.12  1911.97
For row 8 and col 2 ,pedestal is 211.352
8  2  1  288.581  473.16  938.774
8  2  2  413.83  1202.76  695.544
8  2  3  523.301  2017.59  686.828
8  2  4  1181.65  6949.06  924.419
8  2  5  1167.59  6209.31  1034.66
For row 8 and col 3 ,pedestal is 212.557
8  3  1  247.519  225.25  4818.26
8  3  2  293.362  534.464  2747.81
8  3  3  340.423  825.738  2005.32
8  3  4  520.309  2215.34  2003.51
8  3  5  784.212  4137.31  2482
For row 8 and col 4 ,pedestal is 169.558
8  4  1  214.053  206.48  1782.36
8  4  2  195.972  29.2686  5363.89
8  4  3  346.044  1055.62  1260.64
8  4  4  468.172  2054.61  1094.13
8  4  5  1096.99  6972.57  1601.14
For row 8 and col 5 ,pedestal is 184.489
8  5  1  325.706  725.966  472.108
8  5  2  499.491  1791.8  493.811
8  5  3  976.875  4672.2  655.806
8  5  4  1502.16  8890.9  841.4
8  5  5  2540.3  16153.6  1177.34
For row 8 and col 6 ,pedestal is 220.163
8  6  1  322.908  509.575  1366.4
8  6  2  376.673  873.897  963.811
8  6  3  495.192  1872.52  991.753
8  6  4  763.8  4000.52  1250.01
8  6  5  665.865  3533.69  1611.51
For row 8 and col 7 ,pedestal is 192.829
8  7  1  241.446  342.892  2343.24
8  7  2  268.411  546.339  2560.42
8  7  3  326.405  1025.24  1806.42
8  7  4  477.378  2233.7  1731.01
8  7  5  636.484  3663.05  1876.61
For row 8 and col 8 ,pedestal is 211.745
8  8  1  280.146  419.258  2603.75
8  8  2  305.227  596.632  2312.02
8  8  3  413.363  1426.64  1691.21
8  8  4  562.735  2497.09  1823.08
8  8  5  894.108  5128.45  2125.52
For row 8 and col 9 ,pedestal is 208.349
8  9  1  236.569  205.194  4655.83
8  9  2  253.37  334.527  3266.55
8  9  3  313.513  835.725  2298.79
8  9  4  390.958  1490.44  1821.6
8  9  5  741.268  4469.6  1979.27
For row 8 and col 10 ,pedestal is 222.256
8  10  1  243.47  132.051  11145
8  10  2  263.429  266.917  5459.73
8  10  3  301.857  581.9  3359.46
8  10  4  352.687  995.012  2614.14
8  10  5  677.614  3653.31  2190.25
For row 8 and col 11 ,pedestal is 206.011
8  11  1  231.529  188.351  5793
8  11  2  235.757  241.848  5503.41
8  11  3  300.369  737.501  2409.81
8  11  4  465.368  2043.24  1229.93
8  11  5  770.509  4618.91  1332.99
For row 9 and col 0 ,pedestal is 219.614
9  0  1  237.784  94.6346  14550.6
9  0  2  252.693  240.729  6218.31
9  0  3  280.786  456.878  3953.93
9  0  4  451.483  1769.58  2180.71
9  0  5  545.453  2209.89  2309.07
For row 9 and col 1 ,pedestal is 292.507
9  1  1  335.097  245.509  3620.9
9  1  2  400.06  665.231  1898.05
9  1  3  499.375  1359.11  1477.43
9  1  4  1144.39  6154.66  957.171
9  1  5  1162.28  5719.13  1391.09
For row 9 and col 2 ,pedestal is 213.457
9  2  1  283.639  448.451  988.488
9  2  2  389.998  1090.34  744.72
9  2  3  524.581  2072.16  681.84
9  2  4  1313.19  8089.54  910.461
9  2  5  1623.32  9448.56  1150.32
For row 9 and col 3 ,pedestal is 253.947
9  3  1  329.215  432.389  1950.95
9  3  2  395.382  877.246  1579.15
9  3  3  546.12  1841.01  1330.05
9  3  4  808.822  3967.52  1456.12
9  3  5  1593.59  9682.32  2025.33
For row 9 and col 4 ,pedestal is 204.547
9  4  1  269.491  378.711  1565.78
9  4  2  320.492  806.995  1143.42
9  4  3  486.528  1943.93  1092.61
9  4  4  695.891  3859.33  1138.02
9  4  5  1569.37  10735.1  1701.3
For row 9 and col 5 ,pedestal is 186.457
9  5  1  251.357  363.683  943.425
9  5  2  345.117  921.344  669.86
9  5  3  558.565  2189.4  701.548
9  5  4  925.148  4966.11  862.019
9  5  5  1725.49  10523.2  1300.69
For row 9 and col 6 ,pedestal is 239.646
9  6  1  354.546  613.999  1086.09
9  6  2  402.717  977.259  1012.48
9  6  3  604.74  2359.13  860.472
9  6  4  957.571  4708.45  1011.75
9  6  5  1397.6  8026.68  1335.41
For row 9 and col 7 ,pedestal is 246.444
9  7  1  313.762  531.661  1785.06
9  7  2  324.673  646.424  1812.22
9  7  3  362.651  954.82  1516.59
9  7  4  641.792  3047.05  1366.8
9  7  5  1016.07  6203.94  1492.24
For row 9 and col 8 ,pedestal is 237.986
9  8  1  294.8  362.004  4010.9
9  8  2  319.281  541.962  3272
9  8  3  398.786  1141.94  2507.05
9  8  4  395.51  1108.05  2595.57
9  8  5  619.223  2824.36  2181.84
For row 9 and col 9 ,pedestal is 247.542
9  9  1  283.506  241.51  7609.03
9  9  2  302.472  402.908  4092.03
9  9  3  377.464  991.533  2626.79
9  9  4  590.256  2613.53  1865.12
9  9  5  994.136  5921.78  1986.43
For row 9 and col 10 ,pedestal is 233.112
9  10  1  269.093  252.462  4268.97
9  10  2  288.965  403.444  2886.89
9  10  3  352.66  932.64  2067.05
9  10  4  504.714  2143.88  1544.73
9  10  5  693.616  3746.48  1547.64
For row 9 and col 11 ,pedestal is 219.365
9  11  1  268.991  363.05  2119.41
9  11  2  317.382  692.603  1392.18
9  11  3  374.41  1184.24  1211.27
9  11  4  616.481  3064.74  936.777
9  11  5  1285.15  8585.46  1221.66
For row 10 and col 0 ,pedestal is 265.146
10  0  1  280.139  66.2677  30609.5
10  0  2  279.085  95.6131  53426.6
10  0  3  291.375  182.937  19026.5
10  0  4  371.04  760.779  5575.68
10  0  5  387.469  791.211  6782.69
For row 10 and col 1 ,pedestal is 223.488
10  1  1  240.553  106.092  12579.7
10  1  2  265.83  274.544  3357.43
10  1  3  340.965  796.559  2037.65
10  1  4  562.986  2560.32  1583.89
10  1  5  762.857  3710.57  1825.98
For row 10 and col 2 ,pedestal is 243.163
10  2  1  274.922  193.947  3725.74
10  2  2  307.306  407.149  2018.78
10  2  3  432.202  1215.83  1094.36
10  2  4  811.459  4116.38  902.081
10  2  5  1091.34  5533.91  1005.11
For row 10 and col 3 ,pedestal is 253.979
10  3  1  323.806  419.675  2292.16
10  3  2  400.095  920.554  1601.89
10  3  3  532.508  1775.09  1472.74
10  3  4  836.499  4192.8  1441.13
10  3  5  1508.69  9154.98  1754.54
For row 10 and col 4 ,pedestal is 215.949
10  4  1  280.84  328.99  2534.57
10  4  2  342.827  796.21  1507.35
10  4  3  508.814  1945.92  1577.06
10  4  4  678.86  3465.66  1337.01
10  4  5  1466.15  9501.87  1828.78
For row 10 and col 5 ,pedestal is 229.684
10  5  1  348.738  605.737  915.696
10  5  2  429.352  1068.95  672.523
10  5  3  800.567  3240.86  746.118
10  5  4  1010.98  5108.72  875.891
10  5  5  2214.19  13202.8  1331.73
For row 10 and col 6 ,pedestal is 249.223
10  6  1  321.004  421.626  1825.19
10  6  2  360.851  791.518  1569.93
10  6  3  502.07  1930.47  1276.72
10  6  4  636.95  3006.52  1413.99
10  6  5  1023.35  6227.57  1671.1
For row 10 and col 7 ,pedestal is 245.521
10  7  1  294.746  378.191  2757.02
10  7  2  308.942  567.716  3590.24
10  7  3  413.823  1385.92  1649.74
10  7  4  631.333  2989.16  1545.25
10  7  5  840.196  4734.95  1707.78
For row 10 and col 8 ,pedestal is 234.208
10  8  1  310.375  486.225  1943.97
10  8  2  356.406  816.45  1504.44
10  8  3  438.242  1464.88  1369.77
10  8  4  780.847  3850.15  1417.48
10  8  5  1061.08  6151.74  1610.33
For row 10 and col 9 ,pedestal is 206.631
10  9  1  234.349  200.622  4468.88
10  9  2  253.023  338.33  2203.16
10  9  3  285.493  623.5  1746
10  9  4  465.833  2028.61  1074.67
10  9  5  882.101  5403.07  1323.12
For row 10 and col 10 ,pedestal is 230.433
10  10  1  246.332  100.784  18295.6
10  10  2  259.779  185.376  5466.23
10  10  3  273.607  326.481  6716.89
10  10  4  369.278  1082.98  2895.73
10  10  5  592.765  2919.24  2751.3
For row 10 and col 11 ,pedestal is 223.561
10  11  1  257.503  213.554  4674.39
10  11  2  300.161  545.738  1981.62
10  11  3  371.302  1139.12  1598.9
10  11  4  560.757  2629.01  1328.66
10  11  5  886.293  5328.11  1479.37
For row 11 and col 0 ,pedestal is 230.378
11  0  1  252.333  104.027  7580.33
11  0  2  290.745  353.875  2843.72
11  0  3  320.809  596.236  2014.25
11  0  4  633.174  2978.52  827.241
11  0  5  884.218  4400.17  1005.45
For row 11 and col 1 ,pedestal is 201.152
11  1  1  217.347  63.3639  15880.5
11  1  2  226.226  155.617  10190
11  1  3  252.044  339.858  6217.53
11  1  4  382.789  1371.25  2999.41
11  1  5  361.048  1093.81  3538.49
For row 11 and col 2 ,pedestal is 226.449
11  2  1  247.547  77.5123  12841.1
11  2  2  275.621  297.897  6119.17
11  2  3  310.376  577.948  3273.23
11  2  4  528.763  2248.19  1492.23
11  2  5  594.378  2438.56  1681.1
For row 11 and col 3 ,pedestal is 238.726
11  3  1  273.08  139.537  11417.1
11  3  2  290.23  263.55  8946.18
11  3  3  322.192  457.601  5073.15
11  3  4  421.48  1230.51  3460.18
11  3  5  667.155  2977.84  2884.39
For row 11 and col 4 ,pedestal is 230.525
11  4  1  296.254  426.782  2749.51
11  4  2  371.631  898.948  1193.46
11  4  3  513.082  1960.49  1352.11
11  4  4  862.019  4745.51  1294.31
11  4  5  1814.97  12284.5  1776.84
For row 11 and col 5 ,pedestal is 229.215
11  5  1  304.81  336.753  1272.17
11  5  2  430.944  1076.84  865.376
11  5  3  661.163  2527.75  830.009
11  5  4  879.315  4317.41  937.179
11  5  5  2326.25  14298.6  1570.04
For row 11 and col 6 ,pedestal is 221.793
11  6  1  306.348  362.942  2024.52
11  6  2  317.952  593.124  2149.93
11  6  3  343.578  808.732  1687.33
11  6  4  542.308  2353.08  1438.6
11  6  5  732.691  3923.01  1834.57
For row 11 and col 7 ,pedestal is 189.514
11  7  1  248.299  328.358  7014.99
11  7  2  265.952  555.887  2428.06
11  7  3  355.628  1334.38  1355.28
11  7  4  481.042  2291.9  1489.41
11  7  5  691.733  4053.64  1824.92
For row 11 and col 8 ,pedestal is 212.999
11  8  1  280.286  449.558  1819.64
11  8  2  344.548  889.551  1455.53
11  8  3  449.417  1721.2  1349.02
11  8  4  658.087  3195.62  1392.55
11  8  5  1081.47  6570.81  1718.03
For row 11 and col 9 ,pedestal is 194.13
11  9  1  225.325  243.045  4071.14
11  9  2  255.029  465.457  1958.51
11  9  3  313.515  947.813  1691.01
11  9  4  487.61  2326.48  1387.81
11  9  5  980.145  6357.7  1792.81
For row 11 and col 10 ,pedestal is 196.378
11  10  1  224.312  235.36  5843.74
11  10  2  253.586  430.061  2139.8
11  10  3  310.961  962.113  1780.4
11  10  4  510.655  2525.55  1352.89
11  10  5  848.296  5369.18  1819.44
For row 11 and col 11 ,pedestal is 247.229
11  11  1  274.311  195.357  7348.12
11  11  2  293.074  327.32  4908.08
11  11  3  326.392  600.651  3208.87
11  11  4  464.033  1684.95  1967.34
11  11  5  727.958  3893.36  1920.36
