#All information for run 1297.
#Row Col LED <Max> <Int> NPE
For row 12 and col 0, pedestal is 238.266
12  0  1  1578.01  9045.94  78.3067
12  0  2  3665.21  23109.5  361.352
For row 12 and col 1, pedestal is 194.608
12  1  1  236.363  1274.32  14.3458
12  1  2  3063.69  18054.9  107.107
For row 12 and col 2, pedestal is 215.144
12  2  1  737.614  4072.23  76.7652
12  2  2  1987.63  11924.4  175.96
For row 12 and col 3, pedestal is 216.273
12  3  1  1994.82  11222.1  97.5008
For row 12 and col 4, pedestal is 231.824
12  4  1  128.877  741.098  63.4875
12  4  2  221.344  1338.77  104.962
For row 12 and col 5, pedestal is 207.3
12  5  1  341.103  2070.95  88.3928
12  5  2  629.497  3899.49  146.532
For row 12 and col 6, pedestal is 203.917
12  6  1  282.008  1767.33  100.111
12  6  2  408.858  2584.33  152.071
For row 12 and col 7, pedestal is 196.117
12  7  1  150.861  918.248  61.8575
12  7  2  198.545  1195.85  90.8556
For row 12 and col 8, pedestal is 234.995
12  8  1  1069.15  5970.5  65.5259
12  8  2  2531.42  14860.7  129.123
For row 12 and col 9, pedestal is 230.34
12  9  1  1724.71  9342.97  91.8926
12  9  2  7097.59  21956.7  75.2038
For row 12 and col 10, pedestal is 214.582
12  10  1  1286.62  7180.17  92.5045
12  10  2  3244.65  18525.4  138.248
For row 12 and col 11, pedestal is 184.34
12  11  1  1675.64  9326.41  106.043
12  11  2  3610.57  23530.8  479.481
For row 13 and col 0, pedestal is 168.98
13  0  1  1113.53  6268.76  40.4439
13  0  2  3592.48  22250.5  226.555
For row 13 and col 1, pedestal is 199.46
13  1  1  1888.65  10420.6  63.5933
For row 13 and col 2, pedestal is 215.034
13  2  1  1225.84  7158.04  84.7562
13  2  2  2953.97  18571.8  139.163
For row 13 and col 3, pedestal is 195.214
13  3  1  1563.64  8755.62  96.6389
13  3  2  2705.43  15728.7  138.197
For row 13 and col 4, pedestal is 205.116
13  4  1  161.645  851.667  29.9393
13  4  2  1117.61  6032.41  172.306
For row 13 and col 5, pedestal is 202.442
13  5  1  173.937  1023.25  111.971
13  5  2  337.25  1995.91  203.838
For row 13 and col 6, pedestal is 150.4
13  6  1  954.79  5137.39  137.488
13  6  2  1432.9  8160.8  210.594
For row 13 and col 7, pedestal is 197.163
13  7  1  430.238  2575.76  134.494
13  7  2  798.204  5051.01  225.394
For row 13 and col 8, pedestal is 225.356
13  8  1  2507.87  14702  97.2044
13  8  2  3735.3  23050.5  232.125
For row 13 and col 9, pedestal is 215.093
13  9  1  1035.79  5827.82  69.2297
13  9  2  2873.05  16400.6  134.822
For row 13 and col 10, pedestal is 196.415
13  10  1  1448.11  8019.23  98.0838
13  10  2  3401.99  19774  155.157
For row 13 and col 11, pedestal is 211.529
13  11  1  1084.06  6058.07  103.804
13  11  2  2188.47  12497.1  190.453
For row 14 and col 0, pedestal is 203.212
14  0  1  700.352  4016.91  67.415
14  0  2  1812.39  11276.7  163.055
For row 14 and col 1, pedestal is 227.459
14  1  1  1255.69  7313.83  83.2277
14  1  2  2347.07  14752.9  135.707
For row 14 and col 2, pedestal is 189.586
14  2  1  1535.33  9042.51  79.3255
14  2  2  3137.75  19925.8  120.695
For row 14 and col 3, pedestal is 211.921
14  3  1  821.935  4651.28  95.3059
14  3  2  1851.43  10933  191.737
For row 14 and col 4, pedestal is 185.907
14  4  1  229.491  1427.21  73.936
14  4  2  532.601  3228.9  157.506
For row 14 and col 5, pedestal is 217.831
14  5  1  371.891  2232.15  83.0507
14  5  2  580.841  3598.74  125.145
For row 14 and col 6, pedestal is 181.018
14  6  1  358.383  2113.35  132.294
14  6  2  622.911  4143.1  213.473
For row 14 and col 7, pedestal is 227.769
14  7  1  307.32  1934.16  123.414
14  7  2  516.662  3453.9  200.67
For row 14 and col 8, pedestal is 201.488
14  8  1  1963.44  12094.7  162.05
14  8  2  2421.52  15606.4  202.129
For row 14 and col 9, pedestal is 212.948
14  9  1  800.958  4592.91  90.0599
14  9  2  2322.86  13463.8  198.344
For row 14 and col 10, pedestal is 238.323
14  10  1  1749.31  10184.2  60.5928
14  10  2  3688.49  22397  260.65
For row 14 and col 11, pedestal is 209.762
14  11  1  2141.04  12370.7  75.8636
14  11  2  6261.31  25485.7  20.0385
For row 15 and col 0, pedestal is 232.569
15  0  1  1772.01  9780.2  76.0502
15  0  2  3767.61  22900.3  469.834
For row 15 and col 1, pedestal is 199.94
15  1  1  436.042  2414.22  34.7471
15  1  2  1725.05  10391.4  127.048
For row 15 and col 2, pedestal is 221.673
15  2  1  1648.35  9087.94  104.199
15  2  2  3640.7  21589  191.825
For row 15 and col 3, pedestal is 174.231
15  3  1  1499.4  8310.29  92.1686
15  3  2  3984.03  23451.2  342.666
For row 15 and col 4, pedestal is 212.066
15  4  1  262.505  1617.42  67.8073
15  4  2  510.443  3129.57  134.078
For row 15 and col 5, pedestal is 180.14
15  5  1  308.077  1976.51  91.9805
15  5  2  464.096  3071.51  137.157
For row 15 and col 6, pedestal is 219.555
15  6  1  719.192  3933.98  126.569
15  6  2  983.043  5534.5  174.73
For row 15 and col 7, pedestal is 224.04
15  7  1  448.918  2971.5  148.047
15  7  2  576.42  3953.28  190.817
For row 15 and col 8, pedestal is 175.567
15  8  1  1459.92  8717.57  177.716
15  8  2  1611.74  10027.1  199.821
For row 15 and col 9, pedestal is 189.796
15  9  1  907.417  5036.07  100.686
15  9  2  1700.15  9698.65  180.946
For row 15 and col 10, pedestal is 184.665
15  10  1  807.965  4479.11  79.3407
15  10  2  2019.57  11416  181.526
For row 15 and col 11, pedestal is 206.312
15  11  1  840.738  4737.51  60.7857
15  11  2  2399.87  13838.5  128.937
For row 16 and col 0, pedestal is 181.094
16  0  1  124.607  683.338  15.6129
16  0  2  1866.15  11242.5  177.091
For row 16 and col 1, pedestal is 217.774
16  1  1  1139.83  6362.38  69.5741
16  1  2  3652.78  22056.8  177.752
For row 16 and col 2, pedestal is 208.306
16  2  1  763.489  4342.15  98.3424
16  2  2  1668.67  10277.1  204.757
For row 16 and col 3, pedestal is 203.575
16  3  1  1009.37  5638.47  94.3419
16  3  2  2107.73  12275.3  169.326
For row 16 and col 4, pedestal is 229.119
16  4  1  237.149  1523.3  82.4312
16  4  2  330.451  2112.7  116.807
For row 16 and col 5, pedestal is 193.811
16  5  1  29.9402  122.708  29.8947
16  5  2  960.127  5237.75  137.292
For row 16 and col 6, pedestal is 189.904
16  6  1  411.781  2474.01  185.443
16  6  2  642.699  4243.73  263.025
For row 16 and col 7, pedestal is 220.86
16  7  1  308.933  1820.55  125.198
16  7  2  493.615  3224.34  172.778
For row 16 and col 8, pedestal is 190.259
16  8  1  3562.83  20588.5  103.098
For row 16 and col 9, pedestal is 217.56
16  9  1  807.304  4588.27  82.8724
16  9  2  2060.61  11843.8  193.436
For row 16 and col 10, pedestal is 211.407
16  10  1  1900.01  10644  107.085
16  10  2  3845.73  24583.9  nan
For row 16 and col 11, pedestal is 207.586
16  11  1  354.961  1976.04  80.1697
16  11  2  850.562  4876.53  173.584
For row 17 and col 0, pedestal is 191.985
17  0  1  959.031  5167.94  83.5395
17  0  2  2434.24  14215  176.327
For row 17 and col 1, pedestal is 200.611
17  1  1  53.8082  328.879  12.5565
17  1  2  723.446  4369.07  120.617
For row 17 and col 2, pedestal is 198.489
17  2  1  2584.46  14623.3  73.0371
For row 17 and col 3, pedestal is 225.149
17  3  1  926.042  5070.18  85.1524
17  3  2  1863.2  10549.6  165.918
For row 17 and col 4, pedestal is 210.162
17  4  1  330.264  1831.98  96.5127
17  4  2  693.111  4183.77  171.978
For row 17 and col 5, pedestal is 175.439
17  5  1  881.728  4641.66  101.729
17  5  2  1609.4  8721.58  164.173
For row 17 and col 6, pedestal is 219.972
17  6  1  552.122  2665.18  120.219
17  6  2  797.487  4334.62  174.568
For row 17 and col 7, pedestal is 230.866
17  7  1  198.188  1198.56  121.996
17  7  2  310.314  2135.02  194.814
For row 17 and col 8, pedestal is 214.473
17  8  1  2081.36  11736.6  83.9583
For row 17 and col 9, pedestal is 216.937
17  9  1  1207.79  6800.43  70.1633
17  9  2  2297.05  13077.2  127.656
For row 17 and col 10, pedestal is 205.464
17  10  1  1728.52  9592.94  97.7964
17  10  2  3918.23  21424  166.897
For row 17 and col 11, pedestal is 243.024
17  11  1  445.539  2463.19  64.2333
17  11  2  1335.81  7607.77  175.375
For row 18 and col 0, pedestal is 209.739
18  0  1  844.296  4621.2  42.3248
18  0  2  2460.76  14276.6  100.377
For row 18 and col 1, pedestal is 216.022
18  1  1  167.892  943.75  60.1253
18  1  2  434.937  2597.61  151.046
For row 18 and col 2, pedestal is 209.907
18  2  1  1392.43  7436.05  55.4722
18  2  2  3978.1  21893.8  154.977
For row 18 and col 3, pedestal is 241.031
18  3  1  933.507  5857.59  89.9506
18  3  2  2103.43  13868.2  166.829
For row 18 and col 4, pedestal is 195.329
18  4  1  459.809  2396.99  91.2331
18  4  2  972.503  5370.1  166.172
For row 18 and col 5, pedestal is 188.543
18  5  1  307.045  1872.69  113.897
18  5  2  671.355  4337.11  221.765
For row 18 and col 6, pedestal is 209.338
18  6  1  313.652  2153.2  115.717
18  6  2  590.879  4008.52  196.453
For row 18 and col 7, pedestal is 230.587
18  7  1  444.458  2838.83  128.522
18  7  2  758.654  5022.85  211.636
For row 18 and col 8, pedestal is 239.628
18  8  1  3775.75  22364.2  194.986
For row 18 and col 9, pedestal is 231.974
18  9  1  912.667  6518.81  84.5853
18  9  2  1578  11059.5  125.962
For row 18 and col 10, pedestal is 217.611
18  10  1  1869.33  12971.9  73.6814
18  10  2  2547.81  17179.4  76.6559
For row 18 and col 11, pedestal is 183.843
18  11  1  696.01  4761.09  55.5035
18  11  2  800.147  5380.1  54.6681
For row 19 and col 0, pedestal is 189.643
19  0  1  790.7  4224.5  47.8503
19  0  2  2257.41  12793.5  113.731
For row 19 and col 1, pedestal is 221.057
19  1  1  2233.31  12205.7  53.5876
19  1  2  3733.14  24847.5  nan
For row 19 and col 2, pedestal is 250.663
19  2  1  988.35  5378.94  71.9801
19  2  2  2547.58  14606.6  153.053
For row 19 and col 3, pedestal is 231.611
19  3  1  746.159  4301.55  114.044
19  3  2  1543.22  9448.35  232.722
For row 19 and col 4, pedestal is 204.003
19  4  1  270.914  1531.22  89.4112
19  4  2  537.539  3377.52  175.485
For row 19 and col 5, pedestal is 218.442
19  5  1  408.466  2077.43  79.3947
19  5  2  890.21  4877.81  163.125
For row 19 and col 6, pedestal is 219.009
19  6  1  383.159  2087.29  95.02
19  6  2  644.941  3684.93  146.719
For row 19 and col 7, pedestal is 237.487
19  7  1  196.528  1314.83  110.636
19  7  2  315.114  2152.41  161.15
For row 19 and col 8, pedestal is 207.982
19  8  1  1307.27  7932.38  137.905
19  8  2  1916.23  12184.2  186.588
For row 19 and col 9, pedestal is 183.631
19  9  1  1459.73  10199.5  88.1869
19  9  2  2507.84  16978.3  107.124
For row 19 and col 10, pedestal is 199.307
19  10  1  764.575  5432.43  74.4465
19  10  2  1623.05  11376.2  131.252
For row 19 and col 11, pedestal is 194.974
19  11  1  456.1  3147.44  55.7392
19  11  2  714.663  4836.84  71.9669
For row 20 and col 0, pedestal is 241.082
20  0  1  347.862  1873.84  51.4377
20  0  2  1069.88  6176.97  152.684
For row 20 and col 1, pedestal is 234.487
20  1  1  925.572  5081.1  57.2869
20  1  2  2341.95  13659  132.56
For row 20 and col 2, pedestal is 213.467
20  2  1  2880.62  15452.4  45.6952
For row 20 and col 3, pedestal is 216.083
20  3  1  1181.46  6721.71  102.004
20  3  2  2752.57  16431  181.748
For row 20 and col 4, pedestal is 171.57
20  4  1  197.239  1131.14  68.0082
20  4  2  30.0763  156.34  50.656
For row 20 and col 5, pedestal is 187.999
20  5  1  756.079  3964.98  86.5708
20  5  2  1772.4  9990  178.029
For row 20 and col 6, pedestal is 222.535
20  6  1  427.84  2724.23  161.007
20  6  2  758.651  4935.93  233.687
For row 20 and col 7, pedestal is 194.529
20  7  1  249.167  1677.99  125.161
20  7  2  383.626  2638.13  174.265
For row 20 and col 8, pedestal is 214.443
20  8  1  1860.06  11013.8  138.276
20  8  2  2588.84  15989.7  168.014
For row 20 and col 9, pedestal is 210.869
20  9  1  830.346  6003.63  73.9905
20  9  2  1378.49  9856.09  115.863
For row 20 and col 10, pedestal is 224.629
20  10  1  670.023  4712.17  66.4394
20  10  2  1479.72  10188.5  114.439
For row 20 and col 11, pedestal is 210.821
20  11  1  593.307  4208.19  86.6587
20  11  2  809.084  5590.2  104.895
For row 21 and col 0, pedestal is 221.057
21  0  1  437.439  2442.76  52.3845
21  0  2  1126.68  6743.41  126.252
For row 21 and col 1, pedestal is 294.21
21  1  1  1459.55  7833.7  52.6967
21  1  2  4244.3  22329.3  131.197
For row 21 and col 2, pedestal is 214.287
21  2  1  2186.77  12060  60.9766
21  2  2  3730  25070  1031.52
For row 21 and col 3, pedestal is 254.342
21  3  1  2829.57  16135.4  85.6247
For row 21 and col 4, pedestal is 205.468
21  4  1  344.456  2003.24  91.9481
21  4  2  701.888  4533.7  173.122
For row 21 and col 5, pedestal is 187.782
21  5  1  425.578  2201.93  62.4651
21  5  2  1005.68  5615.79  140.294
For row 21 and col 6, pedestal is 240.926
21  6  1  645.272  3456.96  115.122
21  6  2  974.625  5466.5  162.884
For row 21 and col 7, pedestal is 247.508
21  7  1  409.713  2593.91  118.383
21  7  2  497.126  3316.56  135.813
For row 21 and col 8, pedestal is 239.663
21  8  1  1813.14  10575.2  147.777
21  8  2  2654.31  16201.4  187.527
For row 21 and col 9, pedestal is 248.487
21  9  1  1121.31  7815.25  84.4926
21  9  2  1943.19  13111.6  123.165
For row 21 and col 10, pedestal is 233.902
21  10  1  1050.19  7421.55  76.7335
21  10  2  1737.63  12025.3  111.119
For row 21 and col 11, pedestal is 219.88
21  11  1  1580.71  11164.2  86.9689
21  11  2  3235.01  21871.4  124.978
For row 22 and col 0, pedestal is 267.681
22  0  1  161.907  876.622  48.1292
22  0  2  316.756  1845.98  93.7096
For row 22 and col 1, pedestal is 224.972
22  1  1  485.126  2785.3  31.2608
22  1  2  1349.86  8207.08  84.344
For row 22 and col 2, pedestal is 245.875
22  2  1  1064.62  5802.53  47.7248
22  2  2  2207.52  12845.4  86.1104
For row 22 and col 3, pedestal is 253.977
22  3  1  2144.18  12253.1  98.5071
22  3  2  3687.1  23384.7  37.7139
For row 22 and col 4, pedestal is 218.307
22  4  1  305.439  1745.81  104.859
22  4  2  675.724  4267.18  194.688
For row 22 and col 5, pedestal is 231.97
22  5  1  669.444  3416.07  93.2126
22  5  2  1146.18  6254.09  146.824
For row 22 and col 6, pedestal is 250.805
22  6  1  366.796  2388.61  122.715
22  6  2  694.982  4609.51  186.811
For row 22 and col 7, pedestal is 246.059
22  7  1  337.292  2204.93  104.422
22  7  2  472.594  3283.73  137.99
For row 22 and col 8, pedestal is 236.87
22  8  1  2591.18  15094.7  98.9726
22  8  2  4103.83  23957.5  193.57
For row 22 and col 9, pedestal is 208.314
22  9  1  798.119  5541.61  52.3517
22  9  2  1467.28  9970.97  80.8278
For row 22 and col 10, pedestal is 230.158
22  10  1  542.303  3828.09  68.0909
22  10  2  1000.46  6883.55  103.918
For row 22 and col 11, pedestal is 223.648
22  11  1  894.95  6334.69  51.103
22  11  2  2431.01  16840.9  104.645
For row 23 and col 0, pedestal is 232.086
23  0  1  470.043  2617.11  44.5721
23  0  2  1617.95  9604.71  137.39
For row 23 and col 1, pedestal is 203.12
23  1  1  265.654  1461.07  47.31
23  1  2  724.512  4335.24  127.62
For row 23 and col 2, pedestal is 226.534
23  2  1  333.239  1816.08  36.2442
23  2  2  1492.53  8648.66  150.667
For row 23 and col 3, pedestal is 239.021
23  3  1  751.441  4186.48  89.4839
23  3  2  1383.96  8210.06  170.36
For row 23 and col 4, pedestal is 231.762
23  4  1  411.482  2476.56  119.197
23  4  2  803.438  5262.23  217.404
For row 23 and col 5, pedestal is 232.676
23  5  1  414.624  2094.92  80.9398
23  5  2  1152.01  6452.65  195.447
For row 23 and col 6, pedestal is 225.991
23  6  1  296.023  1893.47  141.737
23  6  2  480.391  3137.04  171.803
For row 23 and col 7, pedestal is 190.965
23  7  1  319.546  1906.21  115.77
23  7  2  472.277  3242.69  185.455
For row 23 and col 8, pedestal is 215.379
23  8  1  2222.64  13167.5  105.277
23  8  2  3831.32  25011.7  1471.7
For row 23 and col 9, pedestal is 194.942
23  9  1  970.702  6860.09  58.5376
23  9  2  2102.16  14402.7  107.266
For row 23 and col 10, pedestal is 197.388
23  10  1  1067.93  7504.16  68.5696
23  10  2  2232.17  15207  111.404
For row 23 and col 11, pedestal is 248.875
23  11  1  639.031  4563.81  56.5114
23  11  2  1172.62  8171.06  91.6552
