#All information for run 1205.
#Row Col LED <Max> <Int> NPE
For row 0 and col 0 ,pedestal is 236.461
0  0  1  402.284  954.501  493.371
0  0  2  619.19  2418.65  473.198
0  0  3  1018.14  5064.97  624.206
0  0  4  1921.22  12153.1  871.012
0  0  5  7592.73  33647.8  33.88
For row 0 and col 1 ,pedestal is 192.19
0  1  1  221.454  144.899  1106.45
0  1  2  505.639  1902.48  390.665
0  1  3  1317.05  6975.95  577.014
0  1  4  1636.9  9968.94  709.598
0  1  5  2080.63  16370  967.367
For row 0 and col 2 ,pedestal is 212.135
0  2  1  299.831  485.226  908.106
0  2  2  430.241  1345.08  752.151
0  2  3  668.287  2831.95  742.806
0  2  4  1286.32  7475.24  909.934
0  2  5  2741.13  22104.7  1027.87
For row 0 and col 3 ,pedestal is 215.39
0  3  1  450.697  1385.48  364.195
0  3  2  784.121  3433.27  417.043
0  3  3  975.134  5074.36  464.619
0  3  4  2758.91  15964.4  916.403
0  3  5  8191.14  85150.2  nan
For row 0 and col 4 ,pedestal is 229.729
0  4  1  262.843  180.598  7710.24
0  4  2  280.513  316.393  2751.98
0  4  3  347.541  813.767  1960.46
0  4  4  667.486  2832.25  1565.43
0  4  5  1343.7  8076.68  2225.14
For row 0 and col 5 ,pedestal is 206.667
0  5  1  279.955  530.613  843.515
0  5  2  343.391  975.542  842.889
0  5  3  473.745  1968.52  817.822
0  5  4  930.568  4786.65  1063.18
0  5  5  2805.61  19262.9  1907.58
For row 0 and col 6 ,pedestal is 202.653
0  6  1  265.973  457.061  3244.38
0  6  2  297.768  655.635  1298.9
0  6  3  364.044  1275.98  1150.42
0  6  4  475.281  2808.73  1393.18
0  6  5  1112.84  7251.32  1483.59
For row 0 and col 7 ,pedestal is 193.279
0  7  1  228.126  230.005  2776.03
0  7  2  253.018  277.499  1752.68
0  7  3  314.954  826.274  1302.82
0  7  4  363.656  1462.37  1287.52
0  7  5  813.61  4812.98  1488.81
For row 0 and col 8 ,pedestal is 232.872
0  8  1  357.654  680.461  585.811
0  8  2  512.551  1686.25  489.427
0  8  3  1098.39  5795.7  627.828
0  8  4  1305.05  9192.43  825.57
0  8  5  3637.24  24401.7  1274.49
For row 0 and col 9 ,pedestal is 231.968
0  9  1  422.463  1052.36  501.037
0  9  2  687.37  2583.66  526.733
0  9  3  955.983  4307.97  589.771
0  9  4  1283.95  6741.26  694.982
0  9  5  2746.08  18020.5  1100.22
For row 0 and col 10 ,pedestal is 212.926
0  10  1  364.183  856.923  528.451
0  10  2  560.257  2034.64  508.445
0  10  3  745.992  3257.27  559.772
0  10  4  1223.04  6580.86  713.269
0  10  5  2052.83  13488.8  1068.57
For row 0 and col 11 ,pedestal is 181.424
0  11  1  379.176  1107.77  356.888
0  11  2  601.649  2437.67  340.021
0  11  3  909.098  4453.12  392.954
0  11  4  1663.66  9743.72  533.267
0  11  5  2296.3  15551.9  698.826
For row 1 and col 0 ,pedestal is 168.475
1  0  1  279.163  632.448  254.96
1  0  2  509.15  2149.91  254.842
1  0  3  1211.78  6647.79  383.1
1  0  4  2072.49  13457.4  557.944
1  0  5  8191.14  71879.9  nan
For row 1 and col 1 ,pedestal is 199.374
1  1  1  398.232  1127.6  274.694
1  1  2  774.241  3555.02  301.878
1  1  3  1101.46  5688.09  366.978
1  1  4  2296.06  14663.6  620.531
1  1  5  3759.02  31219.6  921.29
For row 1 and col 2 ,pedestal is 212.928
1  2  1  329.792  725.286  714.988
1  2  2  489.089  1806.73  625.559
1  2  3  904.74  4545.78  742.905
1  2  4  1533.59  9599.5  1069.69
1  2  5  2798.18  23372  1761.9
For row 1 and col 3 ,pedestal is 195.074
1  3  1  382.629  1087.46  438.687
1  3  2  505.66  1885.11  460.847
1  3  3  777.735  3883.26  551.796
1  3  4  2076.12  11761.9  1050.52
1  3  5  6365.86  33755.4  166.667
For row 1 and col 4 ,pedestal is 203.508
1  4  1  238.468  225.363  1201.24
1  4  2  473.049  1530.42  529.736
1  4  3  603.866  2518.53  584.472
1  4  4  1808.33  9403.1  953.713
1  4  5  8191.14  41391.3  nan
For row 1 and col 5 ,pedestal is 203.359
1  5  1  250.046  263.9  3022.36
1  5  2  288.576  499.407  1877.6
1  5  3  357.062  1042.49  1737.21
1  5  4  595.484  2554.67  2012.14
1  5  5  1425.39  8952.63  2571.09
For row 1 and col 6 ,pedestal is 148.136
1  6  1  361.387  1170.5  471.631
1  6  2  474.602  1851.89  460.243
1  6  3  845.821  4521.64  576.367
1  6  4  1281.76  9517.35  916.176
1  6  5  3686.72  25380.2  1349.94
For row 1 and col 7 ,pedestal is 194.879
1  7  1  299.538  612.128  1026.18
1  7  2  387.641  1204.18  823.45
1  7  3  550.294  2542.05  894.859
1  7  4  757.936  5262.82  1208.03
1  7  5  1906.09  13386.7  1632.5
For row 1 and col 8 ,pedestal is 224.763
1  8  1  516.176  1733.1  370.079
1  8  2  655.02  2711.19  393.269
1  8  3  1225.9  7065.51  561.245
1  8  4  1649.04  12646.3  750.708
1  8  5  8191.17  42457.7  nan
For row 1 and col 9 ,pedestal is 212.984
1  9  1  329.459  700.593  563.369
1  9  2  533.264  1896.44  531.527
1  9  3  727.114  3155.38  581.135
1  9  4  1255.11  6850.9  767.649
1  9  5  2362.64  15862  1186.51
For row 1 and col 10 ,pedestal is 195.226
1  10  1  357.793  949.467  463.005
1  10  2  557.72  2143.02  495.731
1  10  3  862.645  4062.65  581.571
1  10  4  1426  8098.12  792.694
1  10  5  2572.5  17471  1170.38
For row 1 and col 11 ,pedestal is 209.766
1  11  1  341.193  759.395  669.34
1  11  2  464.114  1510.52  629.501
1  11  3  732.42  3220.7  728.976
1  11  4  1150.36  6219.19  860.119
1  11  5  1945.3  12913.2  1135.89
For row 2 and col 0 ,pedestal is 200.771
2  0  1  277.78  422.353  881.144
2  0  2  389.219  1195.01  657.309
2  0  3  664.074  2988.46  683.183
2  0  4  1275.28  7724.9  943.65
2  0  5  2859.16  23855.3  1741.43
For row 2 and col 1 ,pedestal is 224.818
2  1  1  376.52  894.019  509.02
2  1  2  500.943  1779.57  498.854
2  1  3  958.874  4815.97  579.819
2  1  4  1069.18  6156.38  668.63
2  1  5  2819.28  23535.9  1181.01
For row 2 and col 2 ,pedestal is 187.418
2  2  1  377.67  1146.63  336.077
2  2  2  552.048  2398.06  358.933
2  2  3  1341.83  7636.13  532.501
2  2  4  1496.38  9640.28  627.989
2  2  5  3553.95  30559.2  1064.49
For row 2 and col 3 ,pedestal is 211.081
2  3  1  309.814  534.335  1063.41
2  3  2  414.552  1234.73  853.305
2  3  3  405.688  1276.83  921.411
2  3  4  1145.86  5916.34  1247.16
2  3  5  3361.61  22148.5  2170.21
For row 2 and col 4 ,pedestal is 183.701
2  4  1  236.254  355.751  1346.81
2  4  2  303.22  766.367  938.932
2  4  3  394.366  1510.49  989.855
2  4  4  793.233  4013.83  1124.22
2  4  5  2653.16  18180  2166.19
For row 2 and col 5 ,pedestal is 216.538
2  5  1  303.243  533.541  1035.92
2  5  2  358.837  855.481  836.187
2  5  3  510.56  2045.27  745.018
2  5  4  1217.47  6597.07  1159
2  5  5  3319.1  22806.4  1500.88
For row 2 and col 6 ,pedestal is 179.722
2  6  1  290.378  508.231  738.176
2  6  2  334.238  983.975  856.917
2  6  3  435.593  1866.23  981.071
2  6  4  629.937  4351.34  1210.9
2  6  5  1621.92  11789.8  1698.92
For row 2 and col 7 ,pedestal is 227.216
2  7  1  301.313  467.95  2715.37
2  7  2  351.931  834.907  1586.44
2  7  3  500.247  2095.96  1258.85
2  7  4  555.979  3313.25  1536.32
2  7  5  1482.03  10354.4  1725.3
For row 2 and col 8 ,pedestal is 201.334
2  8  1  432.1  1515.49  595.073
2  8  2  490.229  1954.67  622.652
2  8  3  919.879  5365.21  840.797
2  8  4  1349.83  10728.8  1127.27
2  8  5  3283.49  24115.1  1740.59
For row 2 and col 9 ,pedestal is 211.766
2  9  1  293.176  526.408  1161.18
2  9  2  449.478  1451.5  854.802
2  9  3  584.898  2334.31  856.348
2  9  4  930.305  4776.89  964.725
2  9  5  1585.67  10279.6  1330.55
For row 2 and col 10 ,pedestal is 236.706
2  10  1  440.239  1229.83  315.948
2  10  2  662.613  2635.87  332.277
2  10  3  1175.58  5993.45  398.391
2  10  4  1732.9  10250.5  492.146
2  10  5  3427.21  24346.6  644.132
For row 2 and col 11 ,pedestal is 207.851
2  11  1  441.657  1391.61  314.314
2  11  2  699.479  2970.74  379.627
2  11  3  1128.23  5845.44  471.541
2  11  4  2053.02  12550  678.746
2  11  5  8231.7  34594  35.33
For row 3 and col 0 ,pedestal is 230.699
3  0  1  443.168  1215.6  336.369
3  0  2  720.85  2982.13  355.824
3  0  3  1574.72  8430.47  497.262
3  0  4  2485.2  15639.9  705.509
3  0  5  8027.66  44786.6  7009.8
For row 3 and col 1 ,pedestal is 200.26
3  1  1  258.4  288.295  794.885
3  1  2  404.674  1219.96  545.814
3  1  3  956.125  4764.59  642.574
3  1  4  1233.41  7248.6  772.235
3  1  5  2621.95  21318.9  1377.23
For row 3 and col 2 ,pedestal is 218.688
3  2  1  381.53  915.086  558.445
3  2  2  554.547  2082.99  557.881
3  2  3  1127.47  5684.03  718.143
3  2  4  1637.32  9827.99  882.189
3  2  5  5988  32565.1  144.801
For row 3 and col 3 ,pedestal is 172.977
3  3  1  339.664  934.209  426.432
3  3  2  609.305  2519.1  485.569
3  3  3  201.241  175.287  1229.49
3  3  4  2096.74  11799.3  1091.73
3  3  5  8191.14  61559  nan
For row 3 and col 4 ,pedestal is 209.84
3  4  1  282.742  388.066  1373.98
3  4  2  326.438  758.697  872.75
3  4  3  530.162  2220.71  788.146
3  4  4  1017.46  5383.7  1095.46
3  4  5  3202.68  22596.9  1995.64
For row 3 and col 5 ,pedestal is 179.561
3  5  1  259.76  520.561  1631.74
3  5  2  296.331  783.473  925.967
3  5  3  486.663  2208.88  885.897
3  5  4  1219.35  7118.71  1296.2
3  5  5  2944.37  21341.1  2143.29
For row 3 and col 6 ,pedestal is 217.72
3  6  1  358.159  855.412  903.128
3  6  2  416.131  1204.42  862.88
3  6  3  760.663  3644.5  792.554
3  6  4  1044.88  7059.24  1064.61
3  6  5  3004.11  19746.9  1281.59
For row 3 and col 7 ,pedestal is 222.981
3  7  1  358.25  775.958  850.373
3  7  2  378.139  1012.24  1064.18
3  7  3  529.924  2460.41  1158.9
3  7  4  740.371  5016.71  1382.4
3  7  5  1247.75  8186.19  1517.35
For row 3 and col 8 ,pedestal is 173.101
3  8  1  335.85  967.506  790.368
3  8  2  352.875  1113.04  857.431
3  8  3  726.794  3952.1  1032.36
3  8  4  889.553  6370.24  1287.86
3  8  5  2095.17  14517.9  1944.08
For row 3 and col 9 ,pedestal is 187.369
3  9  1  289.186  593.279  837.334
3  9  2  380.809  1122.84  743.876
3  9  3  572.869  2331.98  742.163
3  9  4  1012.77  5357.02  894.714
3  9  5  1942.32  12823.5  1475.11
For row 3 and col 10 ,pedestal is 183.359
3  10  1  273.813  512.633  753.345
3  10  2  395.179  1253.96  616.315
3  10  3  594.894  2521.96  733.484
3  10  4  672.719  3213.39  750.579
3  10  5  1642.85  10708.8  1255.42
For row 3 and col 11 ,pedestal is 205.247
3  11  1  297.931  538.924  657.164
3  11  2  458.252  1489.18  530.481
3  11  3  682.735  2949.78  578.051
3  11  4  1140.49  6189.65  712.135
3  11  5  1898.63  12667.2  1135.82
For row 4 and col 0 ,pedestal is 181.264
4  0  1  201.799  110.342  2204.94
4  0  2  430.228  1529.99  545.932
4  0  3  795.115  3859.28  590.135
4  0  4  1190.03  7069.89  816.825
4  0  5  2684.99  21917.8  1515.4
For row 4 and col 1 ,pedestal is 216.303
4  1  1  350.39  757.459  518.235
4  1  2  602.519  2399.19  464.981
4  1  3  1187.64  6121.49  577.164
4  1  4  1704.16  10505.9  745.688
4  1  5  8191.14  52219.5  nan
For row 4 and col 2 ,pedestal is 209.812
4  2  1  295.299  485.618  1291.78
4  2  2  394.59  1159.35  995.893
4  2  3  728.561  3331.78  998.449
4  2  4  757.663  3918.91  1054.83
4  2  5  1346.92  10198  1647.8
For row 4 and col 3 ,pedestal is 202.679
4  3  1  312.65  617.681  813.595
4  3  2  430.385  1338.8  701.173
4  3  3  539.98  2214.87  739.063
4  3  4  1502.35  8096.43  1177.78
4  3  5  3631.18  23777.7  1765.06
For row 4 and col 4 ,pedestal is 227.584
4  4  1  283.075  379.045  3211.73
4  4  2  295.412  526.792  1966.33
4  4  3  400.031  1303.96  1303.21
4  4  4  923.756  4612.37  1481.64
4  4  5  2109.47  13941.4  2378.2
For row 4 and col 5 ,pedestal is 192.308
4  5  1  215.283  41.7354  12345.9
4  5  2  409.69  1269.84  513.987
4  5  3  646.479  2848.91  588.935
4  5  4  256.261  357.069  1283.15
4  5  5  3760.26  23894.3  1633.78
For row 4 and col 6 ,pedestal is 188.649
4  6  1  321.819  633.468  763.35
4  6  2  328.067  1037.03  796.637
4  6  3  535.084  2704.28  1133.59
4  6  4  586.073  4051.42  1287.13
4  6  5  1548.05  11112.6  1691.86
For row 4 and col 7 ,pedestal is 219.832
4  7  1  308.526  450.842  1439.85
4  7  2  328.118  798.156  997.737
4  7  3  451.509  1761.95  1143.87
4  7  4  575.401  3536.44  1253.36
4  7  5  1625.61  11411.4  1671.1
For row 4 and col 8 ,pedestal is 192.081
4  8  1  553.391  2132.09  306.749
4  8  2  785.825  3717.75  371.061
4  8  3  1566.17  9593.81  575.115
4  8  4  1888.03  15072  819.244
4  8  5  8191.14  56404.7  nan
For row 4 and col 9 ,pedestal is 216.239
4  9  1  316.912  547.664  864.208
4  9  2  461.962  1403.3  616.931
4  9  3  699.179  2987.48  644.742
4  9  4  1055.87  5561.59  727.883
4  9  5  1901.67  12560.7  915.72
For row 4 and col 10 ,pedestal is 210.735
4  10  1  438.288  1335.98  410.006
4  10  2  770.34  3367.36  484.841
4  10  3  1135.65  5758.93  617.835
4  10  4  1749.59  10160.2  779.532
4  10  5  2984.02  20464.4  1137.45
For row 4 and col 11 ,pedestal is 206.564
4  11  1  251.568  264.374  2264.76
4  11  2  297.016  591.139  1329.93
4  11  3  382.683  1103.63  964.943
4  11  4  605.342  2679.59  906.229
4  11  5  865.13  4891.25  1115.03
For row 5 and col 0 ,pedestal is 191.849
5  0  1  301.596  578.843  751.815
5  0  2  448.164  1511.53  610.945
5  0  3  852.721  4022.02  747.475
5  0  4  1220.05  6949.56  993.215
5  0  5  2549.96  20104.4  1609.29
For row 5 and col 1 ,pedestal is 199.298
5  1  1  209.501  69.0066  14341.6
5  1  2  285.347  559.236  1431.21
5  1  3  214.718  113.181  5788.16
5  1  4  553.784  2478.66  1042.39
5  1  5  1216.55  8892.81  1482.25
For row 5 and col 2 ,pedestal is 196.235
5  2  1  479.151  1633.06  271.649
5  2  2  868.858  4211.05  371.532
5  2  3  1794.51  10266  539.273
5  2  4  2274.76  14829.7  729.508
5  2  5  8191.14  78251.5  nan
For row 5 and col 3 ,pedestal is 224.889
5  3  1  336.606  633.939  829.446
5  3  2  447.337  1312.36  656.906
5  3  3  598.821  2432.7  721.895
5  3  4  1567.46  8194.19  1159.17
5  3  5  8191.14  38466.5  nan
For row 5 and col 4 ,pedestal is 208.748
5  4  1  298.094  476.314  1245.8
5  4  2  362.193  1049.57  977.273
5  4  3  466.648  1888.97  1048.84
5  4  4  840.974  4283.59  1118.47
5  4  5  3104.99  21853.3  2149.81
For row 5 and col 5 ,pedestal is 173.069
5  5  1  380.285  1046.2  363.968
5  5  2  520.302  1926.57  403.703
5  5  3  863.839  4271.56  506.168
5  5  4  2169.89  11805.4  921.559
5  5  5  8191.14  78587.7  nan
For row 5 and col 6 ,pedestal is 218.529
5  6  1  351.206  625.494  898.42
5  6  2  382.495  1041.32  761.971
5  6  3  627.755  2594.28  808.007
5  6  4  798.106  4860.77  942.833
5  6  5  2034.81  12398.5  1431.95
For row 5 and col 7 ,pedestal is 229.859
5  7  1  280.883  325.874  3671.49
5  7  2  294.996  568.978  3380.46
5  7  3  351.676  1039.43  2254.45
5  7  4  414.749  1994.63  3081.52
5  7  5  777.141  4516.52  1965.62
For row 5 and col 8 ,pedestal is 212.562
5  8  1  453.256  1444.74  314.868
5  8  2  844.481  3853.35  410.392
5  8  3  1666.43  9840.38  593.54
5  8  4  1969.45  15146.5  792.366
5  8  5  8191.14  77483.5  nan
For row 5 and col 9 ,pedestal is 215.706
5  9  1  354.588  858.504  406.801
5  9  2  471.425  1574.32  352.14
5  9  3  848.807  3992.3  330.508
5  9  4  1214.24  6664.16  411.603
5  9  5  2899.62  19854  736.054
For row 5 and col 10 ,pedestal is 205.221
5  10  1  395.452  1131.92  443.789
5  10  2  612.683  2394.16  479.553
5  10  3  816.512  3731.68  568.969
5  10  4  1243.23  6763.93  703.829
5  10  5  3021.39  20503.6  1182.17
For row 5 and col 11 ,pedestal is 239.739
5  11  1  297.757  268.81  2121.07
5  11  2  386.059  792.044  1359.15
5  11  3  516.26  1670.94  1152.52
5  11  4  611.918  2413.32  1133.64
5  11  5  1056.98  6018.93  1408.03
For row 6 and col 0 ,pedestal is 207.933
6  0  1  294.056  494.958  460.847
6  0  2  459.513  1511.69  391.449
6  0  3  576.057  2376.88  422.66
6  0  4  2394.24  15832.3  849.387
6  0  5  2306.72  13724  949.506
For row 6 and col 1 ,pedestal is 216.601
6  1  1  227.697  48.3087  24843
6  1  2  229.327  89.7372  34870
6  1  3  239.067  171.15  21824.7
6  1  4  300.121  645.601  7681.72
6  1  5  325.733  757.171  7347.21
For row 6 and col 2 ,pedestal is 208.769
6  2  1  365.046  845.976  335.075
6  2  2  632.72  2474.57  354.205
6  2  3  849.133  4030.39  400.335
6  2  4  3382.02  22228.8  748.416
6  2  5  8794.19  23866.9  23.5033
For row 6 and col 3 ,pedestal is 241.29
6  3  1  344.327  684.003  840.732
6  3  2  468.648  1563.18  651.894
6  3  3  798.507  3855.87  562.065
6  3  4  1224.65  7675.51  691.862
6  3  5  2480.96  17624.6  919.01
For row 6 and col 4 ,pedestal is 192.043
6  4  1  302.027  581.817  741.241
6  4  2  420.132  1282.98  616.531
6  4  3  655.148  2631.18  643.447
6  4  4  1010.75  5345.24  754.826
6  4  5  2218.64  13542.2  1187.04
For row 6 and col 5 ,pedestal is 186.566
6  5  1  277.288  442.711  1166.89
6  5  2  358.451  1032.95  1040.62
6  5  3  508.54  2059.87  838.529
6  5  4  769.819  4351.99  1079.98
6  5  5  1443.39  9672.54  1494.8
For row 6 and col 6 ,pedestal is 208.726
6  6  1  303.35  538.578  1122.36
6  6  2  351.894  966.785  1141.14
6  6  3  491.218  2154.92  1061.19
6  6  4  866.315  5090.71  1134.66
6  6  5  1094.16  7376.46  1400.7
For row 6 and col 7 ,pedestal is 228.038
6  7  1  326.445  666.635  1356.14
6  7  2  394.95  1163.81  1042.31
6  7  3  568.437  2603.75  996.274
6  7  4  1094.34  6718.73  1234.98
6  7  5  1536.84  10688.9  1565.05
For row 6 and col 8 ,pedestal is 238.238
6  8  1  737.225  2954.86  241.648
6  8  2  1203.67  6006.97  335.458
6  8  3  1853.19  11119.3  451.509
6  8  4  3977.89  25921.8  485.363
6  8  5  8191.14  90877.6  nan
For row 6 and col 9 ,pedestal is 231.518
6  9  1  346.07  819.339  830.085
6  9  2  425.944  1383.59  658.708
6  9  3  633.132  3074.66  725.308
6  9  4  1368.63  8873.96  878.239
6  9  5  2479.78  18270.8  1349.53
For row 6 and col 10 ,pedestal is 216.765
6  10  1  390.746  1227.3  412.249
6  10  2  443.476  1604.09  348.001
6  10  3  660.006  3337.66  399.658
6  10  4  1562.05  10168.8  595.252
6  10  5  3231.5  23713.5  948.824
For row 6 and col 11 ,pedestal is 181.202
6  11  1  266.04  582.703  535.748
6  11  2  276.051  659.001  449.657
6  11  3  417.396  1754.5  469.212
6  11  4  944.828  5707.75  607.268
6  11  5  2186.45  15564.5  1019.4
For row 7 and col 0 ,pedestal is 187.771
7  0  1  280.456  477.458  433.111
7  0  2  435.929  1415.43  322.167
7  0  3  614.774  2647.82  343.432
7  0  4  2053.76  13180.2  452.805
7  0  5  2830.31  16883.6  715.047
For row 7 and col 1 ,pedestal is 219.663
7  1  1  496.803  1559.67  216.467
7  1  2  883.1  3967.32  262.681
7  1  3  1274.43  6827.11  328.526
7  1  4  8191.14  61028.5  nan
7  1  5  8191.14  81293.8  nan
For row 7 and col 2 ,pedestal is 248.178
7  2  1  369.241  653.102  676.011
7  2  2  544.842  1723.55  598.075
7  2  3  655.388  2586.76  597.345
7  2  4  1999.1  12545.9  827.878
7  2  5  3244.13  19476.8  1159.66
For row 7 and col 3 ,pedestal is 230.852
7  3  1  329.737  580.83  1264.85
7  3  2  431.786  1260.61  1080.37
7  3  3  589.118  2304.71  1090.58
7  3  4  948.285  5251.82  1304.67
7  3  5  1734.72  11060.5  1913.16
For row 7 and col 4 ,pedestal is 202.774
7  4  1  272.956  362.832  2369.86
7  4  2  329.635  784.719  1209.52
7  4  3  432.129  1516.54  1001.31
7  4  4  679.253  3552.01  1091.49
7  4  5  1316.84  8423.91  1543.25
For row 7 and col 5 ,pedestal is 218.534
7  5  1  313.516  516.489  901.528
7  5  2  427.321  1179.78  711.907
7  5  3  827.645  3467.63  747.893
7  5  4  1175.47  6279.64  899.402
7  5  5  2284.25  13739.5  1295.74
For row 7 and col 6 ,pedestal is 218.201
7  6  1  313.204  498.575  1116.11
7  6  2  365.773  856.662  880.505
7  6  3  504.507  1825.2  827.969
7  6  4  730.037  3322.9  905.186
7  6  5  1465.82  8688.41  1289.46
For row 7 and col 7 ,pedestal is 236.254
7  7  1  292.01  365.38  2352.7
7  7  2  318.412  580.794  2058.67
7  7  3  365.459  1008.67  1832.2
7  7  4  627.273  3017.79  1722.23
7  7  5  748.808  4179.11  1763.21
For row 7 and col 8 ,pedestal is 208.574
7  8  1  383.526  1119.1  642.779
7  8  2  468.21  1708.08  664.81
7  8  3  677.513  3389.4  750.108
7  8  4  1238.72  7401.74  1019.85
7  8  5  2074.26  14243.2  1432.69
For row 7 and col 9 ,pedestal is 182.891
7  9  1  344.222  1152.53  388.795
7  9  2  457.102  1921.48  352.936
7  9  3  790.465  4578.01  493.497
7  9  4  1744.52  11837.2  723.24
7  9  5  6196.71  36298.2  237.579
For row 7 and col 10 ,pedestal is 198.514
7  10  1  292.744  668.351  743.58
7  10  2  392.815  1379.12  580.821
7  10  3  600.201  3075.01  649.357
7  10  4  1197.78  7766.12  868.017
7  10  5  2239.01  16498.9  1370.76
For row 7 and col 11 ,pedestal is 194.555
7  11  1  256.823  401.514  998.664
7  11  2  284.744  605.554  798.594
7  11  3  500.036  2302.16  719.071
7  11  4  973.669  5909.95  862.931
7  11  5  1732.71  12156.9  1248.5
For row 8 and col 0 ,pedestal is 237.559
8  0  1  276.605  217.339  2207.66
8  0  2  351.939  688.525  1155.88
8  0  3  434.895  1269.76  1021.85
8  0  4  1217.76  7060.99  839.131
8  0  5  1177.72  6109.06  1133.5
For row 8 and col 1 ,pedestal is 232.481
8  1  1  342.925  641.428  573.653
8  1  2  506.354  1657.51  494.419
8  1  3  735.982  3263.2  556.808
8  1  4  2100.08  13517.9  838.996
8  1  5  3006.08  18229.3  1210.21
For row 8 and col 2 ,pedestal is 211.172
8  2  1  499.108  1644.14  207.116
8  2  2  938.122  4265.88  269.144
8  2  3  1346.29  7215.65  352.242
8  2  4  3799.6  25531.7  490.649
8  2  5  3791.24  23112.6  492.94
For row 8 and col 3 ,pedestal is 212.259
8  3  1  279.621  433.951  1618.54
8  3  2  373.648  1043.36  1110.61
8  3  3  469.046  1628.64  1138.82
8  3  4  824.204  4360.97  1273.69
8  3  5  1343.47  8150.84  1749.83
For row 8 and col 4 ,pedestal is 169.362
8  4  1  222.628  281.786  1583.38
8  4  2  196.266  38.7002  4332.21
8  4  3  404.372  1441.96  961.318
8  4  4  566.703  2797.29  960.899
8  4  5  1429.22  9516.12  1462.12
For row 8 and col 5 ,pedestal is 184.343
8  5  1  373.925  981.418  362.224
8  5  2  612.166  2424.19  386.988
8  5  3  1270.21  6349.72  556.862
8  5  4  1985.24  12101.3  750.245
8  5  5  3447.19  22304.2  914.45
For row 8 and col 6 ,pedestal is 220.53
8  6  1  348.357  676.056  1075.47
8  6  2  423.914  1178.7  795.994
8  6  3  589.73  2564.78  898.272
8  6  4  969.411  5510.31  1155.05
8  6  5  833.435  4871.82  1328
For row 8 and col 7 ,pedestal is 193.168
8  7  1  256.627  445.702  1854.06
8  7  2  292.688  707.307  1889.98
8  7  3  372.516  1384  1320.71
8  7  4  581.841  3041.29  1310.17
8  7  5  797.286  5009.87  1591.41
For row 8 and col 8 ,pedestal is 211.805
8  8  1  441.937  1392.18  559.993
8  8  2  525.138  1994.25  574.646
8  8  3  904.283  4836.28  728.221
8  8  4  1427.95  8505.46  930.634
8  8  5  2572.84  17559.2  1337.06
For row 8 and col 9 ,pedestal is 208.083
8  9  1  303.202  693.998  758.465
8  9  2  364.697  1137.92  577.699
8  9  3  565.954  2813.47  651.737
8  9  4  835.214  5001.13  681.153
8  9  5  2017.61  14987.9  1213.54
For row 8 and col 10 ,pedestal is 221.836
8  10  1  292.325  491.901  1276.69
8  10  2  371.159  1028.88  820.28
8  10  3  520.261  2261.6  739.421
8  10  4  724.243  3855.49  735.944
8  10  5  2026.77  14473.4  1043.12
For row 8 and col 11 ,pedestal is 206.441
8  11  1  285.951  576.103  1013.33
8  11  2  308.126  748.062  852.417
8  11  3  530.577  2497.54  631.25
8  11  4  1119.46  7136.62  607.471
8  11  5  2198.46  16109.7  974.897
For row 9 and col 0 ,pedestal is 220.22
9  0  1  272.029  306.866  1289.24
9  0  2  345.886  813.528  858.792
9  0  3  453.7  1573.96  804.27
9  0  4  1061.22  6235.93  916.947
9  0  5  1393.29  7827.05  1196.37
For row 9 and col 1 ,pedestal is 292.471
9  1  1  449.778  877.25  465.949
9  1  2  704.358  2446.28  408.207
9  1  3  1091.18  5092.9  429.73
9  1  4  3542.61  23402.8  621.535
9  1  5  3620.91  21851.2  827.585
For row 9 and col 2 ,pedestal is 213.285
9  2  1  477.107  1530.5  199.352
9  2  2  848.279  3830.46  262.644
9  2  3  1343.33  7354.86  330.726
9  2  4  6144.32  34095.2  151.979
9  2  5  8191.14  53200.6  nan
For row 9 and col 3 ,pedestal is 253.269
9  3  1  530.575  1606.93  407.139
9  3  2  789.264  3288.53  444.255
9  3  3  1372.76  6933.56  600.858
9  3  4  2371.03  14946.4  867.996
9  3  5  8191.14  53590.6  nan
For row 9 and col 4 ,pedestal is 204.671
9  4  1  291.42  501.772  936.443
9  4  2  366.315  1090.99  826.8
9  4  3  594.683  2651.32  897.14
9  4  4  880.916  5268.02  1029.41
9  4  5  2091.15  14808.6  1578.42
For row 9 and col 5 ,pedestal is 186.403
9  5  1  275.698  499.575  615.678
9  5  2  406.443  1267.17  466.604
9  5  3  705.03  3030.27  560.006
9  5  4  1214.94  6877.61  756.785
9  5  5  2327.36  14554.1  1237.05
For row 9 and col 6 ,pedestal is 239.451
9  6  1  394.829  831.564  734.18
9  6  2  462.574  1316.58  696.299
9  6  3  739.657  3209.68  698.32
9  6  4  1223.43  6420.69  884.564
9  6  5  1824.4  10954.3  1165.69
For row 9 and col 7 ,pedestal is 246.364
9  7  1  342.16  704.441  1229.39
9  7  2  359.344  870.338  1196.48
9  7  3  407.575  1290.22  1127
9  7  4  781.393  4119.59  1099.51
9  7  5  1289.09  8414.78  1262.12
For row 9 and col 8 ,pedestal is 237.879
9  8  1  436.751  1217.65  748.341
9  8  2  528.786  1849.26  693.953
9  8  3  812.497  4011.91  813.831
9  8  4  794.347  3845.8  786.688
9  8  5  1589.86  9937.18  1118.94
For row 9 and col 9 ,pedestal is 247.745
9  9  1  369.091  868.992  816.55
9  9  2  455.165  1451.45  635.577
9  9  3  736.945  3678.76  694.808
9  9  4  1537.58  9752.53  923.047
9  9  5  3034.36  22041.6  1283.25
For row 9 and col 10 ,pedestal is 232.48
9  10  1  356.429  895.517  657.437
9  10  2  433.986  1435.32  528.424
9  10  3  669.176  3344.85  550.681
9  10  4  1232.86  7732.57  684.99
9  10  5  1908.83  13492.9  862.606
For row 9 and col 11 ,pedestal is 218.706
9  11  1  404.211  1343.91  401.902
9  11  2  581.326  2563.64  347.048
9  11  3  798.158  4410.51  417.842
9  11  4  1708.71  11472.1  584.462
9  11  5  7104.7  36688.5  66.2295
For row 10 and col 0 ,pedestal is 264.869
10  0  1  291.639  134.804  4613.17
10  0  2  302.204  246.858  5943.37
10  0  3  354.258  570.718  3089.09
10  0  4  641.74  2657.39  1595.5
10  0  5  695.315  2753.01  1899.55
For row 10 and col 1 ,pedestal is 223.027
10  1  1  277.257  326.736  842.184
10  1  2  368.199  928.598  567.445
10  1  3  639.382  2770.67  547.862
10  1  4  1426.54  8965.98  789.122
10  1  5  2149.46  13049.2  1078.78
For row 10 and col 2 ,pedestal is 243.218
10  2  1  363.708  695.698  387.182
10  2  2  488.751  1493.31  342.883
10  2  3  948.804  4509.52  374.338
10  2  4  2384.65  15369.2  536.534
10  2  5  3480.83  20826.3  552.102
For row 10 and col 3 ,pedestal is 253.606
10  3  1  500.862  1457.96  441.309
10  3  2  770.238  3213.74  469.457
10  3  3  1248.5  6259.44  625.988
10  3  4  2332.23  14860.4  808.043
10  3  5  8191.14  47138  nan
For row 10 and col 4 ,pedestal is 215.969
10  4  1  298.756  441.11  1344.85
10  4  2  387.3  1067.68  962.839
10  4  3  610.486  2643.39  1168.53
10  4  4  845.191  4725.42  1134.62
10  4  5  1924.73  13005  1699.26
For row 10 and col 5 ,pedestal is 229.765
10  5  1  387.525  819.25  645.053
10  5  2  499.008  1462.73  529.831
10  5  3  1015.65  4448.82  642.297
10  5  4  1308.53  7010.49  747.069
10  5  5  2986.22  18215.1  1140.97
For row 10 and col 6 ,pedestal is 248.936
10  6  1  341.662  572.554  1156.37
10  6  2  405.944  1088.55  1084.22
10  6  3  597.991  2650.73  1053.63
10  6  4  786.662  4135.74  1096.45
10  6  5  1313.71  8586.61  1516.97
For row 10 and col 7 ,pedestal is 245.098
10  7  1  315.262  519.596  1454.22
10  7  2  336.357  773.799  1543.76
10  7  3  481.037  1902.5  1134.96
10  7  4  777.563  4113.27  1297.14
10  7  5  1054.37  6499.74  1449.17
For row 10 and col 8 ,pedestal is 234.537
10  8  1  515.846  1710.6  377.145
10  8  2  686.632  2868.38  414.26
10  8  3  984.711  5226.34  465.625
10  8  4  2241.45  13950.6  718.361
10  8  5  3292.45  22478.1  963.686
For row 10 and col 9 ,pedestal is 207.118
10  9  1  301.149  694.173  541.578
10  9  2  382.637  1227.49  405.837
10  9  3  508.621  2287.23  422.055
10  9  4  1194.89  7528.53  546.893
10  9  5  2730.22  19958.2  939.658
For row 10 and col 10 ,pedestal is 229.935
10  10  1  284.358  382.786  1711.03
10  10  2  332.208  696.116  1108
10  10  3  391.569  1218.96  987.928
10  10  4  760.024  4026.28  1001.9
10  10  5  1609.51  10946.3  1413.27
For row 10 and col 11 ,pedestal is 223.669
10  11  1  328.881  747.334  560.062
10  11  2  503.577  1971.31  402.992
10  11  3  768.978  4143.69  467.148
10  11  4  1477.77  9637.85  646.831
10  11  5  2673.49  19547.7  967.951
For row 11 and col 0 ,pedestal is 230.134
11  0  1  294.748  348.873  1026.07
11  0  2  433.398  1227.41  528.373
11  0  3  554.017  2120.15  458.835
11  0  4  1694.27  10759.4  451.001
11  0  5  2617.75  15990.6  642.379
For row 11 and col 1 ,pedestal is 201.242
11  1  1  233.144  181.203  2908.65
11  1  2  282.985  513.621  1696.2
11  1  3  376.732  1149.63  1213.42
11  1  4  860.007  4897.47  1265.71
11  1  5  782.91  3932.33  1440.11
For row 11 and col 2 ,pedestal is 226.295
11  2  1  266.461  237.663  2466.33
11  2  2  393.414  1039.8  679.155
11  2  3  539.001  2053.02  604.17
11  2  4  1351.99  8198.78  573.881
11  2  5  1591.99  9001.77  716.901
For row 11 and col 3 ,pedestal is 238.352
11  3  1  326.584  486.582  1504.44
11  3  2  393.371  939.071  1147.64
11  3  3  505.637  1605.34  1002.49
11  3  4  865.967  4357.62  1081.75
11  3  5  1740.94  10593.3  1666.05
For row 11 and col 4 ,pedestal is 230.788
11  4  1  323.021  579.948  1436.43
11  4  2  421.277  1219.35  901.243
11  4  3  623.111  2678.02  1067.77
11  4  4  1096.41  6520.65  1157.27
11  4  5  2419.4  16970.1  1696.25
For row 11 and col 5 ,pedestal is 229.56
11  5  1  332.684  467.869  818.834
11  5  2  503.509  1480.32  656.975
11  5  3  828.685  3477.82  716.504
11  5  4  1126.61  5931.43  846.829
11  5  5  3136.29  19680.7  1260.96
For row 11 and col 6 ,pedestal is 221.416
11  6  1  321.186  475.983  1263.47
11  6  2  348.489  786.177  1554.99
11  6  3  381.733  1099.4  1345.07
11  6  4  654.67  3203.64  1298.36
11  6  5  912.064  5392.7  1620.86
For row 11 and col 7 ,pedestal is 189.186
11  7  1  263.192  442.122  1492.69
11  7  2  294.622  755.934  1365.52
11  7  3  422.018  1836.39  1055.93
11  7  4  591.519  3146.56  1163.67
11  7  5  873.259  5579.02  1503.89
For row 11 and col 8 ,pedestal is 213.937
11  8  1  455.286  1498.73  392.992
11  8  2  676.226  2975.01  432.492
11  8  3  1045.93  5869.98  559.724
11  8  4  1768.56  10936.2  834.295
11  8  5  3233.35  22499.9  1205.65
For row 11 and col 9 ,pedestal is 193.633
11  9  1  299.364  795.385  515.775
11  9  2  421.575  1629.02  391.96
11  9  3  635.089  3387.02  483.148
11  9  4  1287.01  8413.18  677.337
11  9  5  3087.19  23028  1233.18
For row 11 and col 10 ,pedestal is 196.356
11  10  1  297.335  792.111  541.922
11  10  2  418.692  1562.97  441.024
11  10  3  654.98  3550.96  523.511
11  10  4  1426.15  9438.42  748.838
11  10  5  2721.02  20169.6  1193.88
For row 11 and col 11 ,pedestal is 247.196
11  11  1  329.769  591.102  1056.27
11  11  2  394.424  1042.93  710.464
11  11  3  512.773  2021.93  643.109
11  11  4  997.87  5804.84  770.026
11  11  5  1922.05  13454  1132.04
