#These pedestals were generated from run 978.
#They were generated at 12:30 on 10/26/2020.
#Module, Avg Pedestal Value Avg Peak Height
0   236.002   478.383
1   190.817   433.406
2   210.094   424.756
3   216.001   581.147
4   285.782   443.321
5   264.337   464.268
6   248.095   393.771
7   237.244   420.942
8   230.591   858.117
9   236.272   695.688
10   212.627   547.578
11   180.263   588.974
12   169.643   645.597
13   200.694   816.478
14   211.912   538.091
15   196.783   678.024
16   225.761   605.929
17   245.232   379.665
18   163.762   589.523
19   221.244   430.495
20   224.302   731.946
21   211.872   659.292
22   194.826   553.937
23   209.018   479.426
24   198.088   409.258
25   223.301   685.12
26   185.223   681.542
27   209.574   490.575
28   235.485   445.014
29   272.79   599.946
30   235.14   433.684
31   285.611   491.529
32   201.952   608.77
33   211.48   390.709
34   234.29   911.965
35   206.124   913.898
36   230.296   756.966
37   201.304   522.182
38   216.132   799.482
39   172.706   595.54
40   271.142   521.059
41   243.976   457.013
42   269.671   612.725
43   279.158   518.587
44   172.132   406.046
45   185.661   466.327
46   181.453   512.58
47   204.28   736.13
48   181.253   464.255
49   214.786   763.065
50   211.003   517.42
51   201.13   574.541
52   275.727   446.035
53   239.362   610.169
54   237.716   417.428
55   271.278   461.619
56   194.509   1008.04
57   216.054   503.136
58   210.41   777.978
59   206.399   327.741
60   190.632   508.279
61   196.564   371.393
62   193.955   884.657
63   224.276   515.026
64   267.253   530.145
65   236.926   717.416
66   284.961   695.091
67   317.519   459.772
68   210.552   1032.03
69   214.61   640.685
70   204.584   876.476
71   235.837   463.683
72   206.616   746.128
73   217.901   326.759
74   208.052   969.715
75   242.351   566.3
76   247.452   659.432
77   248.942   467.4
78   280.191   573.073
79   291.326   624.643
80   236.68   1545.77
81   230.057   657.122
82   216.019   967.357
83   178.874   513.603
84   184.892   640.993
85   219.049   1264.71
86   246.087   682.078
87   230.747   527.779
88   263.758   445.861
89   278.332   592.03
90   270.809   533.114
91   286.353   436.002
92   209.177   601.908
93   182.812   845.1
94   197.485   595.378
95   194.802   547.402
96   236.642   405.424
97   231.946   652.277
98   210.554   1537.5
99   210.542   569.08
100   237.98   432.278
101   250.359   763.869
102   290.222   500.055
103   260.686   413.16
104   210.767   764.964
105   207.379   675.091
106   222.033   725.591
107   203.176   521.53
108   219.502   428.429
109   291.638   938.879
110   213.697   1327.08
111   253.359   1360.88
112   234.892   513.921
113   231.865   941.983
114   242.251   727.559
115   313.375   575.544
116   238.233   786.338
117   247.689   991.763
118   231.527   882.694
119   217.921   1304.11
120   262.046   368.321
121   220.912   904.715
122   239.698   1042.49
123   253.259   1020.07
124   262.116   537.525
125   287.913   990.939
126   303.556   534.937
127   315.225   519.88
128   231.453   1105.39
129   204.972   1014.7
130   229.149   587.354
131   223.575   1018.13
132   230.469   561.173
133   200.927   380.147
134   225.917   599.641
135   238.33   620.116
136   287.632   577.96
137   284.477   765.625
138   291.506   515.005
139   179.724   404.983
140   212.301   861.083
141   193.548   902.099
142   195.813   860.117
143   245.497   540.508
