#These pedestals were generated from run 980.
#They were generated at 12:37 on 10/26/2020.
#Module, Avg Pedestal Value Avg Peak Height
0   236.548   858.968
1   191.002   788.525
2   210.96   708.31
3   216.157   1108.7
4   285.684   450.537
5   264.346   510.92
6   247.735   417.99
7   237.636   464.694
8   231.446   1687.95
9   236.557   1323.11
10   213.096   1014.29
11   180.526   1123.1
12   170.109   1265.83
13   201.134   1723.75
14   212.652   952.024
15   196.778   1316.53
16   226.443   698.418
17   245.152   402.605
18   164.199   727.205
19   221.858   489.393
20   224.604   1401.62
21   211.79   1206.86
22   195.538   1033.41
23   209.3   829.299
24   198.331   704.34
25   223.621   1234.64
26   185.3   1265.5
27   209.74   801.165
28   235.955   499.551
29   273.106   677.803
30   235.686   486.514
31   286.084   551.392
32   201.785   1092.13
33   211.84   620.22
34   234.645   1869.43
35   206.071   1721.31
36   230.324   1381.94
37   201.34   892.953
38   216.218   1490.11
39   172.899   1162.16
40   272.158   582.296
41   243.332   525.215
42   270.22   716.689
43   279.934   585.393
44   172.223   688.607
45   185.84   828.021
46   181.086   863.29
47   203.914   1307.5
48   181.512   790.293
49   215.28   1500.83
50   210.263   844.215
51   200.625   1005.26
52   276.045   489.038
53   239.723   716.362
54   237.881   456.969
55   271.793   498.063
56   194.305   2007.76
57   216.028   804.137
58   210.522   1563.41
59   206.335   454.76
60   191.194   923.195
61   196.594   567.688
62   194.227   1642.12
63   224.318   869.103
64   267.437   601.593
65   237.197   795.56
66   285.167   816.828
67   317.225   485.672
68   210.762   1960.23
69   214.777   1116.14
70   204.41   1628.89
71   236.118   699.591
72   206.237   1550.69
73   218.133   502.623
74   207.796   1887.5
75   242.257   987.707
76   247.738   767.78
77   248.532   526.162
78   280.404   654.358
79   291.596   709.309
80   236.826   2795.26
81   230.38   1070.18
82   215.951   1736.61
83   179.046   906.802
84   185.06   1220.35
85   219.461   2309.49
86   246.169   1237.14
87   230.668   836.952
88   264.29   489.498
89   278.415   680.494
90   270.778   618.907
91   285.987   456.767
92   209.094   965.791
93   183.107   1568.63
94   197.602   1013.71
95   194.719   936.771
96   236.661   606.45
97   232.067   1096.48
98   210.532   2600.89
99   210.514   979.373
100   237.787   462.663
101   250.332   803.797
102   290.659   553.605
103   260.808   437.114
104   210.865   1384.15
105   207.389   1047.04
106   221.887   1352.51
107   203.551   830.609
108   219.73   642.606
109   291.787   1914.92
110   213.138   2365.22
111   252.921   2699.28
112   235.005   597.527
113   231.363   1085.6
114   242.437   865.661
115   313.081   638.379
116   238.129   1302.28
117   247.363   1936.65
118   231.76   1513.52
119   218.044   2315.14
120   262.193   501.939
121   221.067   2063.26
122   241.43   2077.6
123   253.388   2093.12
124   261.953   605.459
125   288.871   1003.4
126   303.371   594.707
127   315.691   501.898
128   232.282   2206.9
129   205.322   1863.51
130   229.303   1476.96
131   223.893   2442.43
132   229.936   829.003
133   201.371   541.944
134   226.184   927.569
135   238.281   1096.68
136   287.933   583.722
137   284.353   904.163
138   291.972   588.198
139   179.253   434.996
140   212.313   1626.3
141   193.469   1685.08
142   196.002   2088.69
143   245.445   876.34
