#These pedestals were generated from run 989.
#They were generated at 12:56 on 10/26/2020.
#Module, Avg Pedestal Value Avg Peak Height
0   211.648   213.864
1   191.059   273.85
2   210.195   283.19
3   216.025   341.548
4   286.676   433.899
5   264.498   430.389
6   248.86   374.692
7   237.913   391.703
8   230.886   421.46
9   236.149   371.933
10   212.95   316.433
11   180.538   307.562
12   169.905   311.548
13   200.683   373.133
14   212.333   311.603
15   196.881   349.878
16   225.826   513.034
17   244.79   361.679
18   163.911   488.699
19   222.037   391.964
20   223.949   378.615
21   212.001   349.166
22   195.254   309.861
23   209.497   300.034
24   198.339   266.626
25   223.237   365.278
26   185.557   338.179
27   209.541   297.414
28   236.084   398.422
29   273.522   521.169
30   235.816   393.624
31   285.745   449.544
32   201.762   331.323
33   211.635   279.922
34   234.739   420.176
35   205.991   409.073
36   230.407   391.91
37   201.405   301.36
38   216.45   390.247
39   172.905   304.917
40   272.44   465.607
41   243.311   423.065
42   270.945   527.943
43   279.738   468.135
44   172.425   247.66
45   186.247   270.35
46   181.764   284.168
47   204.231   361.143
48   181.413   275.38
49   215.079   379.948
50   210.307   300.797
51   201.508   313.19
52   276.085   415.235
53   240.208   519.552
54   237.682   389.099
55   271.622   437.745
56   194.369   422.035
57   215.83   303.71
58   210.071   386.941
59   206.98   256.346
60   191.369   286.613
61   197.053   256.28
62   194.153   388.314
63   224.389   317.111
64   267.831   468.2
65   238.152   593.683
66   285.26   590.897
67   317.155   434.607
68   211.052   453.286
69   214.336   335.996
70   204.401   407.459
71   235.907   305.499
72   206.722   370.071
73   218.09   243.825
74   208.288   432.662
75   241.985   346.57
76   248.08   551.989
77   248.944   420.823
78   280.152   501.077
79   291.483   544.488
80   237.175   617.222
81   230.53   358.233
82   216.324   395.788
83   179.117   290.388
84   185.296   327.456
85   219.198   515.559
86   246.235   386.881
87   230.605   330.096
88   264.393   407.231
89   278.478   517.197
90   270.777   475.425
91   286.697   416.623
92   209.716   341.751
93   183.184   369.618
94   197.714   326.846
95   194.976   307.704
96   237.19   292.656
97   232.767   373.615
98   210.974   500.702
99   211.025   311.878
100   239.469   397.697
101   252.575   640.166
102   292.383   454.427
103   262.202   386.727
104   210.837   391.061
105   207.824   290.587
106   222.736   363.033
107   203.976   312.232
108   220.048   293.854
109   291.812   482.927
110   213.182   557.419
111   253.44   555.773
112   235.572   451.244
113   232.236   759.26
114   242.102   599.025
115   313.242   508.799
116   239.207   407.613
117   247.68   466.777
118   231.719   434.967
119   218.426   535.115
120   262.45   302.991
121   220.788   437.877
122   240.86   499.819
123   252.56   487.477
124   261.992   474.041
125   288.765   810.058
126   304.045   487.025
127   315.825   479.473
128   232.064   508.298
129   204.921   465.012
130   229.348   370.673
131   223.53   478.987
132   230.442   352.381
133   201.714   261.5
134   225.933   348.715
135   238.476   353.972
136   287.655   510.341
137   284.204   647.56
138   294.052   473.135
139   181.439   369.949
140   212.07   410.55
141   193.5   406.855
142   195.93   548.077
143   245.857   342.447
