#Alpha parameter obtained from integrated pulse data.
Data taken from runs 1198, 1200, 1201, 1202, 1203, 1204, and 1205.
#Fit to [0]*pow(x-[1],[2])+[3]. Data represents average over all LED settings.
#Row  Column <intAlpha> intsigma <maxAlpha> maxsigma
0  0  14.0905  2.34434  9.16982  2.29443
0  1  9.50537  0.665597  8.64812  1.71337
0  2  13.5935  1.05665  10.461  2.06384
0  3  14.7128  4.36051  8.94698  1.73246
0  4  5.61317  0.103079  26.0845  35.7052
0  5  5.47362  0.0815413  6.49664  1.0775
0  6  5.77616  0.154607  33.2376  32.5154
0  7  5.73737  0.063541  8.28407  5.83957
0  8  13.9696  1.6529  6.04319  2.15183
0  9  10.3501  0.823374  8.3216  1.59089
0  10  13.3569  1.19939  8.72789  3.15035
0  11  11.89  0.919129  11.2267  2.04725
1  0  13.1386  4.67552  8.81502  2.60377
1  1  13.9406  2.39263  8.14842  2.49594
1  2  11.5512  1.42407  9.18336  1.05898
1  3  13.8173  2.37443  8.11468  3.82185
1  4  7.09355  3.60525  9.51455  5.37066
1  5  5.23598  0.157886  4.6832  1.48584
1  6  5.98622  0.555033  5.91213  0.334432
1  7  5.62235  0.0716971  5.50872  0.0373472
1  8  11.3487  3.98469  7.31127  1.38408
1  9  10.5183  0.471582  9.74136  2.50424
1  10  10.8025  0.517905  7.5066  3.61406
1  11  10.3987  0.356735  8.51944  2.34015
2  0  13.3616  1.06719  10.5928  4.09343
2  1  11.2849  0.540054  7.47566  2.09331
2  2  10.7306  3.45469  7.02482  1.83699
2  3  11.5864  1.44997  8.53547  1.0798
2  4  5.65278  0.0724037  7.06174  2.57493
2  5  5.68867  0.346221  5.82326  0.358685
2  6  5.54926  0.0543474  5.30125  0.190612
2  7  5.7369  0.187536  24.1804  36.1928
2  8  10.8706  2.08962  9.17946  1.86297
2  9  13.4246  0.555327  9.58818  3.02381
2  10  12.8332  2.64314  7.48691  2.12804
2  11  8.66936  5.42833  5.15815  0.91778
3  0  11.8835  3.40054  10.0972  5.88404
3  1  10.1282  0.401058  7.10349  0.748195
3  2  11.685  3.055  7.57995  1.2022
3  3  4.12951  0.587034  8.23086  7.82854
3  4  5.37123  0.257816  5.14549  1.1158
3  5  5.43597  0.0752755  17.5504  24.3099
3  6  5.68605  0.152349  5.86681  0.321003
3  7  5.44825  0.0672572  5.27372  0.453911
3  8  12.086  0.273773  11.0652  2.49859
3  9  13.0985  0.63238  10.4753  2.95266
3  10  12.0288  0.553833  6.29742  1.60495
3  11  9.42382  0.614767  7.70715  2.19866
4  0  11.4489  0.83282  9.51699  2.10415
4  1  13.3993  3.49839  9.36893  2.03365
4  2  12.1265  0.921306  5.21264  1.01577
4  3  11.9078  2.22386  7.18814  1.17492
4  4  5.78393  0.277429  7.67071  2.75471
4  5  5.40685  0.802423  6.10714  0.98869
4  6  5.5754  0.109957  6.08103  1.09888
4  7  5.3382  0.0563425  8.06864  3.5846
4  8  12.7311  3.86584  7.13981  1.67069
4  9  13.3903  1.13963  8.75277  2.96758
4  10  12.3249  1.60379  11.8807  4.96014
4  11  12.4607  0.933778  5.10666  0.748311
5  0  12.9578  1.40238  8.18557  1.25836
5  1  11.2117  2.50786  13.6419  5.84203
5  2  13.4663  3.60674  11.8534  4.49518
5  3  14.1173  2.0298  9.0042  2.34133
5  4  5.49439  0.111698  6.06052  0.527652
5  5  6.88348  2.46186  6.24772  1.42106
5  6  5.53114  0.0296833  5.99148  0.786148
5  7  5.4165  0.201605  14.1782  13.205
5  8  12.0893  5.00483  7.04169  1.94177
5  9  13.5842  1.17303  8.20037  4.22902
5  10  11.0075  1.6486  6.59981  0.798155
5  11  10.2216  0.705577  8.14633  1.90724
6  0  12.5861  1.13821  10.6186  3.02606
6  1  20.2959  2.9186  27.9137  4.6397
6  2  13.078  4.24878  7.70919  2.49172
6  3  12.2668  1.90538  9.25673  2.49962
6  4  5.37828  0.0819614  22.7173  34.6331
6  5  5.49908  0.0763354  5.11625  0.407392
6  6  5.43615  0.0838075  5.11681  0.229926
6  7  5.69618  0.0614608  23.8612  36.5937
6  8  14.9146  5.00574  9.88802  2.62958
6  9  10.3423  0.286112  7.81882  1.5911
6  10  10.3158  3.18631  6.08314  1.44971
6  11  10.9234  0.712593  8.78676  1.52821
7  0  11.4031  1.23398  8.17793  1.99123
7  1  14.4083  6.96308  7.3818  1.45929
7  2  12.0001  2.20188  8.033  1.20733
7  3  10.4095  0.222491  6.86193  1.63221
7  4  5.59495  0.0837298  6.82274  1.84303
7  5  5.50598  0.0279249  5.73314  0.232536
7  6  5.56461  0.056579  5.34542  0.210572
7  7  5.28744  0.103903  19.8672  30.738
7  8  9.59195  0.476061  8.82539  2.43692
7  9  13.0777  2.65312  9.31374  3.38993
7  10  10.697  0.462554  8.62323  2.26505
7  11  10.8037  0.646544  9.2246  2.09581
8  0  12.3879  0.907312  7.06955  2.49631
8  1  10.5808  1.86262  5.97228  2.21451
8  2  14.9813  2.86725  11.2973  1.49923
8  3  4.60979  0.367717  4.13432  0.419772
8  4  5.5044  0.127336  25.0731  37.498
8  5  5.50148  0.367076  5.3966  0.388997
8  6  6.25266  0.388771  6.13243  0.788488
8  7  5.53671  0.0548949  23.4703  36.4211
8  8  10.8716  0.227213  9.71005  2.30129
8  9  9.57729  0.398481  5.22758  1.94193
8  10  12.0291  1.08547  8.77017  2.74756
8  11  11.9668  0.866487  7.3609  2.98667
9  0  12.3517  1.0668  8.97106  3.34159
9  1  14.7807  3.11472  7.7987  1.70164
9  2  14.2587  4.67818  9.1987  2.842
9  3  12.5151  4.11913  8.17259  1.04545
9  4  5.60616  0.103964  5.80984  0.44876
9  5  5.8025  0.159005  5.81381  0.0296814
9  6  5.43621  0.0170551  5.39291  0.184836
9  7  5.36378  0.0654391  5.65842  0.723066
9  8  12.51  0.378263  9.29478  2.35665
9  9  11.5332  1.92778  9.78742  2.43191
9  10  9.93762  0.265889  6.15275  1.90592
9  11  11.3241  4.06148  8.18498  2.84092
10  0  12.6626  1.0168  5.56808  0.816377
10  1  9.73536  0.401868  7.5752  2.39255
10  2  13.0651  2.69742  7.59974  2.16176
10  3  12.823  3.5495  11.0069  2.96139
10  4  5.4317  0.1319  6.64238  1.41414
10  5  5.75599  0.120295  5.67472  0.159694
10  6  5.60959  0.0603269  5.64059  0.416809
10  7  5.71628  0.142502  24.9458  36.8065
10  8  11.8524  2.46487  7.91142  2.4941
10  9  12.3158  0.816675  6.70511  1.49977
10  10  10.0169  0.794663  9.53749  6.88865
10  11  10.1201  0.284025  8.86056  1.5503
11  0  11.5571  0.631375  7.04001  2.94539
11  1  13.3259  0.664737  8.83789  5.34349
11  2  12.5902  2.55771  13.1905  2.95364
11  3  12.4509  0.80707  12.7439  1.9295
11  4  5.59264  0.139747  7.04175  3.05403
11  5  5.63629  0.187323  5.89363  0.704638
11  6  5.58729  0.0774053  4.8275  0.904393
11  7  5.57647  0.147978  25.9826  35.2799
11  8  10.3506  2.41193  6.89011  1.17352
11  9  11.1647  1.85702  6.68319  1.89656
11  10  10.8441  0.490864  6.1256  0.756951
11  11  10.08  0.366357  7.09827  2.11205
