#Fit parameters for PMT by row and col. Fit Function C[HV]^P.
# Row Column intC intP maxC maxP
0  0  0  0  0  0
0  1  0  9  -3.96309e+41  -229.418
0  2  1.68922e-18  6.70706  -1.89016e+39  -166.953
0  3  9.06696e-21  7.6896  3.09536e-18  6.28164
0  4  1.55309e-16  6.29086  8.31137e-23  7.67042
0  5  4.09486e-26  8.97221  2.19088e-28  9.24557
0  6  -3.90798e+06  -10.5399  1.37468e-21  7.14233
0  7  -6.93889e+08  -79.7785  1.7245e-21  7.07295
0  8  0.000399247  1.31181  5.36418e-21  6.95978
0  9  2.91023e-24  8.93302  3.70505e-17  6.35978
0  10  3.23748e-19  7.08261  2.03416e-31  10.3723
0  11  7.15546e-19  7.05937  1.85511e-27  9.13792
1  0  1.80493e-15  5.94332  1.61995e-22  7.61289
1  1  7.48821e-29  10.1735  6.26633e-31  10.2396
1  2  1.59938e-19  7.21116  8.72921e-25  8.35593
1  3  1.13054e-32  11.2613  6.44585e-32  10.5677
1  4  3.29513e-20  7.31749  2.14946e-28  9.41776
1  5  2.51647e-20  7.11107  3.46808e-22  7.42216
1  6  1.93464e-34  11.7035  2.43816e-34  11.1637
1  7  2.77219e-38  12.8126  2.31581e-28  9.45068
1  8  3.80247e-29  9.76453  2.59363e-22  7.3869
1  9  9.7699e-35  11.8453  3.50386e-32  10.6307
1  10  4.2468e-23  8.25509  2.42268e-33  10.959
1  11  1.10764e-30  10.6098  8.18493e-32  10.4726
2  0  5.51625e-25  8.84794  8.99753e-28  9.20373
2  1  9.87881e-34  11.3963  1.27321e-33  10.938
2  2  2.08537e-32  10.9352  7.82234e-33  10.7673
2  3  9.62871e-25  8.68662  3.18496e-29  9.66733
2  4  1.41726e-22  8.0418  1.97778e-20  7.1504
2  5  1.54664e-19  6.74591  1.23082e-20  6.87114
2  6  2.00385e-22  7.77642  2.23297e-21  7.16245
2  7  1.20141e-17  6.3906  5.91316e-18  6.15176
2  8  7.01147e-20  6.91001  1.12883e-21  7.18588
2  9  6.87908e-16  6.21933  5.61003e-19  6.62572
2  10  1.26886e-22  7.87046  1.24694e-31  10.2836
2  11  8.09441e-19  6.83626  3.34841e-27  9.07164
3  0  6.83458e-20  7.22173  8.56921e-25  8.32675
3  1  5.81757e-17  6.45527  1.46181e-21  7.3379
3  2  3.98937e-16  6.112  7.21046e-25  8.42858
3  3  3.78498e-18  6.6346  3.9158e-26  8.78103
3  4  4.57181e-18  6.70364  1.77001e-30  10.0681
3  5  4.18353e-11  4.12394  4.34868e-23  7.66698
3  6  1.00789e-18  6.5955  4.14456e-21  7.01758
3  7  4.6776e-19  6.69095  3.43697e-21  7.10732
3  8  2.32183e-20  7.07516  3.12124e-21  7.06917
3  9  5.58114e-27  9.82012  1.60701e-29  9.8999
3  10  1.00692e-29  10.0543  9.3458e-35  11.3133
3  11  -3.9323e-14  5.15047  1.22669e-36  11.9149
4  0  4.83546e-29  10.1725  1.94021e-36  11.9688
4  1  2.79832e-42  13.8357  5.04342e-36  11.7006
4  2  2.79832e-42  9  2.34102e-29  9.74671
4  3  2.79832e-42  9  7.79303e-35  11.4879
4  4  3.88891e-33  10.6232  5.43476e-37  12.0734
4  5  -3.66791e+07  -174.396  6.85881e-28  9.02611
4  6  -5.18219e+10  -697.422  6.3685e-34  11.1566
4  7  -6.94457e+15  -661.042  5.1648e-40  12.9049
4  8  -1.09343e+20  -69.7253  6.41715e-35  11.2875
4  9  -2.25595e+24  -94.1598  9.62588e-31  10.1702
4  10  -1.80469e+28  -30.9984  7.22119e-35  11.3394
4  11  -1.09909e+32  -21.4509  6.29375e-28  9.29103
5  0  -6.49761e+36  -286.591  1.04109e-32  10.5495
5  1  2.44423e+36  -5.17966e+59  1.78022e-27  9.21024
5  2  -1.65404e+35  -731.805  4.74202e-35  11.4236
5  3  8.93185e+32  -330.683  1.95918e-29  9.77484
5  4  1.95369e+31  -181.936  1.5961e-32  10.6236
5  5  6.09045e+30  -8.53998  3.69176e-26  8.604
5  6  3.82072e-26  8.93302  1.56504e-20  6.93797
5  7  1.35551e-17  6.50739  4.64932e-19  6.50863
5  8  -6.52198e-27  9.09132  1.03681e-21  7.18842
5  9  -1.49504e+07  -65.752  5.3056e-21  7.18486
5  10  -9.10857e+09  -295.627  1.74063e-20  6.99478
5  11  -6.26347e+14  -334.823  1.29694e-19  6.78863
6  0  -2.39608e+20  -1903.74  1.54667e-32  10.6432
6  1  -6.74127e+24  -131.673  8.16176e-24  8.1057
6  2  -1.44594e+30  -1063.46  4.0988e-32  10.3714
6  3  -4.15807e+37  -143775  4.0988e-32  11.0952
6  4  -4.87071e+44  -58560.5  3.02777e-26  8.74063
6  5  -2.22626e+49  -219.535  3.27082e-22  7.49254
6  6  8.21209e+34  -5.19e+82  4.56224e-33  10.8768
6  7  -3.91582e+32  -829.755  2.0095e-27  9.09769
6  8  -4.94912e+33  -260.404  2.2404e-26  8.72087
6  9  -1.68381e+39  -1692.12  6.25826e-21  7.15977
6  10  -1.56095e+43  -37.3518  3.79003e-33  10.8725
6  11  -1.39656e+47  -35.7342  9.26422e-27  8.95592
7  0  -6.06917e+51  -208.29  5.06212e-16  6.1003
7  1  -1.01868e+58  -8383.22  4.31179e-31  10.2566
7  2  -6.57295e+62  -313.622  1.40028e-24  8.30127
7  3  -1.62971e+67  -114.971  3.42537e-30  10.0141
7  4  -4.32309e+72  -1317.34  8.67531e-35  11.3199
7  5  -3.2824e+76  -28.9637  4.99345e-25  8.20024
7  6  2.51429e+74  -2.51364e+138  4.03818e-16  5.67925
7  7  6.35086e+73  -21.9787  1.24885e-21  7.20853
7  8  -1.7713e-27  8.93302  8.59627e-21  6.86733
7  9  5.00994e-26  8.99605  2.19493e-31  10.2967
7  10  5.00994e-26  9  3.85719e-26  8.83796
7  11  5.00994e-26  9  2.38098e-34  11.3767
8  0  5.00994e-26  9  4.47713e-35  11.4596
8  1  5.00994e-26  9  2.99224e-37  12.4349
8  2  5.00994e-26  9  2.99224e-37  9
8  3  1.02422e-32  11.3543  4.77746e-28  9.4319
8  4  4.94269e-22  8.03562  8.19155e-32  10.5078
8  5  -4.33738e-27  9.15183  1.0324e-38  12.5431
8  6  -3.59522e+06  -8.97611  3.34125e-42  13.7113
8  7  -1.96121e+08  -18.2752  6.0582e-34  9
8  8  -0.000227893  2.49174  2.4137e-24  8.09663
8  9  2.0466e-25  8.93302  1.00379e-32  10.8376
8  10  3.0491e-33  11.2047  7.89103e-38  12.2938
8  11  3.65352e-36  12.1198  7.36651e-37  12.0374
9  0  8.53482e-26  9.05287  1.17764e-28  9.46512
9  1  9.18214e-32  11.0319  6.22223e-35  11.4783
9  2  2.11108e-20  7.50254  3.16769e-26  8.84883
9  3  2.31466e-29  12.9191  3.44254e-33  13.3389
9  4  8.85629e-20  7.8241  3.27192e-21  7.6703
9  5  3.79256e-20  7.03478  2.92606e-21  7.10065
9  6  8.49732e-20  7.03677  1.52454e-20  6.99979
9  7  3.90375e-20  7.0946  5.92366e-21  7.0798
9  8  1.02962e-16  6.18483  6.81203e-20  6.79175
9  9  -1.22542e-27  9.81795  7.7053e-34  11.1523
9  10  1.17931e-25  8.9123  4.94048e-29  9.6649
9  11  1.10826e-24  9  3.98417e-36  11.9109
10  0  5.24247e-19  7.14373  1.19795e-29  9.91082
10  1  5.56366e-19  6.58092  1.54212e-22  7.47035
10  2  8.37096e-16  6.1694  3.47158e-31  10.4295
10  3  2.92557e-31  11.0178  1.928e-35  11.7733
10  4  4.9135e-25  9  1.34056e-28  9.62086
10  5  -1.35862e-18  6.73752  2.50866e-24  8.05855
10  6  4.19139e-33  11.6762  7.46324e-29  9.78582
10  7  -5.17265e-35  11.8029  4.38899e-23  7.66109
10  8  -2.64924e+07  -123.462  2.13042e-34  11.468
10  9  -1.88473e+11  -3548.11  1.20318e-26  9.03629
10  10  -1.52099e+17  -4026.03  9.15772e-34  11.1786
10  11  -1.34271e+22  -432.393  8.964e-38  12.3222
11  0  -2.81652e+29  -104873  2.14115e-43  14.1959
11  1  -6.55166e+34  -1154.08  5.35999e-39  9
11  2  -2.37553e+40  -1803.92  1.73878e-32  10.604
11  3  -5.19094e+44  -100.259  1.58369e-29  9.75513
11  4  -3.19073e+49  -298.336  9.91913e-28  9.21858
11  5  -9.94299e+53  -146.81  5.76221e-35  11.4357
11  6  -9.95408e+58  -491.558  1.2187e-26  8.84246
11  7  -1.62534e+63  -72.642  2.05851e-21  7.11913
11  8  -3.21585e+49  -2.53158e+98  1.37134e-20  6.85756
11  9  -2.37201e+49  -1.32776e+113  2.70622e-26  8.79066
11  10  -2.49787e+47  -309.986  5.07638e-33  10.9291
11  11  -4.73274e+45  -163.633  1.7167e-32  10.7253
12  0  8.3127e+43  -141.934  1.53657e-38  12.5527
