#Alpha parameters obtained from LEDplots_rh on Fri Apr 23 18:19:52 2021
#
20.809
20.809
20.809
20.809
5.27123
5.27123
5.27123
5.27123
20.809
20.809
20.809
20.809
20.809
20.809
20.809
20.809
5.27123
5.27123
5.27123
5.27123
20.809
20.809
20.809
20.809
20.809
20.809
20.809
20.809
5.27123
5.27123
5.27123
5.27123
20.809
20.809
20.809
20.809
20.809
20.809
20.809
20.809
5.27123
5.27123
5.27123
5.27123
20.809
20.809
20.809
20.809
20.809
20.809
20.809
20.809
5.27123
5.27123
5.27123
5.27123
20.809
20.809
20.809
20.809
20.809
20.809
20.809
20.809
5.27123
5.27123
5.27123
5.27123
20.809
20.809
20.809
20.809
20.809
20.809
20.809
20.809
5.27123
5.27123
5.27123
5.27123
20.809
20.809
20.809
20.809
20.809
20.809
20.809
20.809
5.27123
5.27123
5.27123
5.27123
20.809
20.809
20.809
20.809
20.809
20.809
20.809
20.809
5.27123
5.27123
5.27123
5.27123
20.809
20.809
20.809
20.809
20.809
20.809
20.809
20.809
5.27123
5.27123
5.27123
5.27123
20.809
20.809
20.809
20.809
20.809
20.809
20.809
20.809
5.27123
5.27123
5.27123
5.27123
20.809
20.809
20.809
20.809
20.809
20.809
20.809
20.809
5.27123
5.27123
5.27123
5.27123
20.809
20.809
20.809
20.809
0
0
0
0
0
0
0
0
0
0
0
0
0
0
0
0
0
0
0
0
0
0
0
0
0
0
0
0
0
0
0
0
0
0
0
0
0
0
0
0
0
0
0
0
0
0
0
0
0
0
0
0
0
0
0
0
0
0
0
0
0
0
0
0
0
0
0
0
0
0
0
0
0
0
0
0
0
0
0
0
0
0
0
0
0
0
0
0
0
0
0
0
0
0
0
0
0
0
0
0
0
0
0
0
0
0
0
0
0
0
0
0
0
0
0
0
0
0
0
0
0
0
0
0
0
0
0
0
0
0
0
0
0
0
0
0
0
0
0
0
0
0
0
0
