#Alpha parameters obtained from LEDplots_v2 on Thu Mar 11 14:38:08 2021
#
-302.81
-302.81
-302.81
-302.81
15.5467
15.5467
15.5467
15.5467
-302.81
-302.81
-302.81
-302.81
-302.81
-302.81
-302.81
-302.81
15.5467
15.5467
15.5467
15.5467
-302.81
-302.81
-302.81
-302.81
-302.81
-302.81
-302.81
-302.81
15.5467
15.5467
15.5467
15.5467
-302.81
-302.81
-302.81
-302.81
-302.81
-302.81
-302.81
-302.81
15.5467
15.5467
15.5467
15.5467
-302.81
-302.81
-302.81
-302.81
-302.81
-302.81
-302.81
-302.81
15.5467
15.5467
15.5467
15.5467
-302.81
-302.81
-302.81
-302.81
-302.81
-302.81
-302.81
-302.81
15.5467
15.5467
15.5467
15.5467
-302.81
-302.81
-302.81
-302.81
-302.81
-302.81
-302.81
-302.81
15.5467
15.5467
15.5467
15.5467
-302.81
-302.81
-302.81
-302.81
-302.81
-302.81
-302.81
-302.81
15.5467
15.5467
15.5467
15.5467
-302.81
-302.81
-302.81
-302.81
-302.81
-302.81
-302.81
-302.81
15.5467
15.5467
15.5467
15.5467
-302.81
-302.81
-302.81
-302.81
-302.81
-302.81
-302.81
-302.81
15.5467
15.5467
15.5467
15.5467
-302.81
-302.81
-302.81
-302.81
-302.81
-302.81
-302.81
-302.81
15.5467
15.5467
15.5467
15.5467
-302.81
-302.81
-302.81
-302.81
-302.81
-302.81
-302.81
-302.81
15.5467
15.5467
15.5467
15.5467
-302.81
-302.81
-302.81
-302.81
-471.541
-59.156
-229.231
-445.243
1
8.21932
1
1
-296.31
-363.986
-271.897
-389.27
-372.901
-641.985
-267.546
-343.013
1.01866
1.26834
1
1.22439
-541.393
-290.264
-319.495
-237.489
-152.819
-271.302
-489.521
-175.64
1.01516
1.00387
44.6218
4.32967
-416.88
-243.555
-487.785
-486.443
-575.358
-81.5779
-365.424
-321.828
1.00334
2.89933
11.1918
21.7535
-314.519
-195.821
-185.224
-229.361
-30.155
-309.799
-162.274
-218.824
91.8139
8
53.6417
14.5886
10
-254.738
-418.016
-99.7755
-300.357
-6.28748
-555.183
-299.435
7.69359
1.95648
10.2184
8.41288
-656.86
-358.553
-370.179
-85.2322
-183.07
-45.9168
-398.603
-210.684
5.45854
80.4515
4.75825
1.00003
-783.977
-293.286
-544.876
-148.35
-245.613
-649.728
-216.459
-159.703
3.83441
1.03384
6.23271
12.6417
-290.745
-459.492
-240.356
-91.0464
-77.4162
-202.981
-711.618
-285.948
14.1235
17.0309
40.8443
18.157
-396.824
-265.729
-141.769
-189.658
-96.6099
-419.518
-636.635
-708.556
9.46015
1
8.35088
30.405
-396.482
-351.751
-225.987
-510.794
-44.1987
-139.821
-347.485
-530.597
20.5743
1.00346
96.3938
1
-538.144
-172.06
-117.284
-265.921
-144.596
-85.3674
-59.8104
-153.008
1
4.33751
42.1794
25.0973
-482.729
-273.504
-299.36
-186.268
