0.0785028
0.0442722
0.0330394
0.026937
0.0198868
0.028032
0.0282579
0.0311959
0.0292836
0.0311801
0.0380767
0.0540691
0.0898186
0.0519769
0.0369176
0.0287973
0.0276202
0.0274941
0.0177759
0.0105751
0.0125641
0.0264356
0.0352823
0.0331658
0.108786
0.0297183
0.0325833
0.0316554
0.0292762
0.0257316
0.0100216
0.0140739
0.0211604
0.0335247
0.0221871
0.046919
0.103779
0.0523239
0.0267892
0.0290534
0.0228432
0.0254372
0.0259786
0.0294239
0.0243869
0.0328807
0.0334409
0.0521582
0.111318
0.0479993
0.0328146
0.027493
0.0279124
0.0225455
0.028642
0.0265818
0.0282378
0.0314795
0.033543
0.0610351
0.110399
0.0528169
0.0369533
0.0226988
0.0251597
0.0254148
0.0250558
0.025529
0.0264684
0.0239704
0.0371368
0.0451937
0.0115499
0.024714
0.0153562
0.0201176
0.0171281
0.018284
0.0265219
0.0244849
0.0266051
0.0272196
0.0318045
0.0496565
0.0882922
0.0506681
0.0319813
0.0323917
0.0280397
0.026671
0.0264507
0.0252414
0.0283043
0.0309519
0.0366604
0.0562478
0.0947265
0.0489371
0.0333891
0.0294254
0.0294807
0.0244508
0.0177571
0.0265406
0.0251556
0.0288553
0.0310089
0.0458391
0.0515538
0.0458468
0.0311854
0.0331454
0.0271419
0.0239392
0.0258522
0.0244117
0.0268699
0.0269257
0.0321588
0.0485395
0.0929761
0.0617896
0.0385421
0.0315269
0.0294265
0.0251437
0.0246249
0.0258967
0.0249989
0.0302854
0.0301217
0.0486768
0.107888
0.0649244
0.0368959
0.0362883
0.029867
0.0245753
0.0241431
0.0268348
0.0291605
0.0307139
0.0368774
0.0559161
0.0290023
0.041579
0.0384586
0.0132914
0.0152191
0.0172359
0.0281678
0.0296019
0.0307766
0.0297393
0.0369438
0.052263
0.137729
0.0584581
0.0427585
0.0346743
0.0279067
0.0256409
0.0258614
0.0295791
0.0234936
0.0369012
0.0405987
0.055253
0.0716807
0.0652385
0.0490327
0.039544
0.0326738
0.0314664
0.0298167
0.0295646
0.0277417
0.0170087
0.0407104
0.0582618
0.109363
0.049726
0.0546568
0.0363866
0.0253611
0.028585
0.0306302
0.0303509
0.0296433
0.0332733
0.0400194
0.0551118
0.104952
0.0469585
0.0522498
0.0500045
0.0252275
0.0364175
0.0322441
0.0217935
0.0304524
0.0362433
0.0392518
0.0399199
0.0847607
0.0637771
0.0490921
0.041244
0.0377827
0.0343106
0.0354926
0.0371233
0.031142
0.0394467
0.0423701
0.0632959
0.051437
0.0822536
0.0544736
0.046078
0.038339
0.0405409
0.0348886
0.0398233
0.0389388
0.0497462
0.0525978
0.0753435
0.0816413
0.0706745
0.060515
0.0462284
0.0347963
0.0334465
0.036197
0.0442416
0.0412433
0.0467517
0.0582355
0.0752127
0.0993668
0.073934
0.0924654
0.0423335
0.043613
0.0361494
0.0373928
0.0433529
0.0399282
0.0478254
0.0580661
0.0678645
0.0826567
0.0568943
0.0583389
0.0537571
0.0407199
0.0415395
0.0412766
0.043041
0.0430234
0.0491363
0.0507636
0.0649847
0.116595
0.0715977
0.0542453
0.0509581
0.0425666
0.0424142
0.0407723
0.0521198
0.0410229
0.0495186
0.0510609
0.0657469
0.123142
0.0920283
0.0599502
0.0508172
0.0417627
0.0377156
0.0440238
0.0401817
0.045054
0.0458771
0.0492661
0.0687126
