-1500
-1500
-1500
-1500
-1600
-1600
-1600
-1600
-1500
-1500
-1500
-1500
-1500
-1500
-1500
-1500
-1600
-1600
-1600
-1600
-1500
-1500
-1500
-1500
-1500
-1500
-1500
-1500
-1600
-1600
-1600
-1600
-1500
-1500
-1500
-1500
-1500
-1500
-1500
-1500
-1600
-1600
-1600
-1600
-1500
-1500
-1500
-1500
-1500
-1500
-1500
-1500
-1600
-1600
-1600
-1600
-1500
-1500
-1500
-1500
-1500
-1500
-1500
-1500
-1600
-1600
-1600
-1600
-1500
-1500
-1500
-1500
-1500
-1500
-1500
-1500
-1600
-1600
-1600
-1600
-1500
-1500
-1500
-1500
-1500
-1500
-1500
-1500
-1600
-1600
-1600
-1600
-1500
-1500
-1500
-1500
-1500
-1500
-1500
-1500
-1600
-1600
-1600
-1600
-1500
-1500
-1500
-1500
-1500
-1500
-1500
-1500
-1600
-1600
-1600
-1600
-1500
-1500
-1500
-1500
-1500
-1500
-1500
-1500
-1600
-1600
-1600
-1600
-1500
-1500
-1500
-1500
-1500
-1500
-1500
-1500
-1600
-1600
-1600
-1600
-1500
-1500
-1500
-1500
-1533
-1596
-1545
-1563
-1550
-1496
-1546
-1498
-1388
-1408
-1474
-1437
-1414
-1417
-1491
-1407
-1376
-1548
-1353
-1478
-1433
-1381
-1464
-1517
-1619
-1418
-1441
-1501
-1499
-1354
-1511
-1474
-1461
-1663
-1425
-1437
-1419
-1560
-1389
-1491
-1428
-1505
-1381
-1414
-1569
-1505
-1479
-1400
-1501
-1484
-1477
-1478
-1542
-1369
-1520
-1535
-1378
-1484
-1407
-1643
-1512
-1619
-1392
-1543
-1417
-1364
-1343
-1524
-1335
-1428
-1359
-1506
-1384
-1684
-1352
-1463
-1309
-1544
-1412
-1367
-1265
-1445
-1371
-1451
-1415
-1287
-1425
-1499
-1507
-1501
-1482
-1519
-1480
-1411
-1448
-1453
-1630
-1466
-1333
-1563
-1544
-1332
-1527
-1544
-1383
-1524
-1420
-1500
-1603
-1503
-1305
-1324
-1446
-1276
-1308
-1403
-1406
-1348
-1361
-1296
-1628
-1339
-1338
-1368
-1439
-1251
-1531
-1426
-1320
-1324
-1415
-1373
-1387
-1616
-1439
-1486
-1417
-1298
-1483
-1457
-1437
-1372
-1284
-1462
