-1457.48
-1407.03
-1455.17
-1426.27
-1900
-1660.72
-1628.33
-1663.99
-1431.26
-1403.63
-1385.82
-1436.87
-1389.35
-1405.16
-1394.79
-1389.11
-1767.46
-1552.71
-1450
-1450
-1470
-1428.97
-1487.57
-1505.27
-1403.48
-1500
-1411.46
-1387.71
-1772.8
-1603.95
-1600
-1618.46
-1406.18
-1401.81
-1464.74
-1500
-1421.16
-1400.77
-1376.62
-1425.42
-1471.17
-1481.4
-1522.5
-1615.11
-1383.51
-1402.41
-1411.29
-1407.1
-1426.62
-1429.03
-1489.3
-1427.46
-1443.6
-1521.75
-1620.58
-1647.16
-1417.43
-1418.28
-1409.04
-1471.82
-1420.02
-1394.55
-1423.85
-1413.48
-1723.72
-1520.95
-1502.2
-1700.36
-1395.7
-1408.63
-1443.09
-1398.16
-1599
-1534.9
-1496
-1578.49
-1792.03
-2209.19
-1580.78
-1746.07
-1382.3
-1389.4
-1399.76
-1573.14
-1377.07
-1394.62
-1410.16
-1378.48
-1535.96
-1464.25
-1473.06
-1596.59
-1394.58
-1412.54
-1421.51
-1556.78
-1431.8
-1388.29
-1447.94
-1391.21
-1717.64
-1572.5
-1755.7
-1755.41
-1378.5
-1380.27
-1422.92
-1407.24
-1483.48
-1436.05
-1402.6
-1393.15
-1455.56
-1469.5
-1524.89
-1583.15
-1352.45
-1464.66
-1402.26
-1417.35
-1397.34
-1425.7
-1416.58
-1433.05
-1368.44
-1518.5
-1508.51
-1463.07
-1373.07
-1350.01
-1449.03
-1467.68
-1436.65
-1369.73
-1423.77
-1469.75
-1581.91
-1616.75
-1578.1
-1664.37
-1402.55
-1402.61
-1406.8
-1417.26
-1550
-1489.59
-1464
-1520
-2147.72
-1742.33
-1845.17
-1700.89
-1385.9
-1409
-1426.7
-1412.69
-1413.77
-1381.4
-1447.35
-1384.01
-1405.38
-1848.15
-1406.4
-1622.23
-1393.88
-1399.19
-1415.62
-1431.29
-1460.85
-1396.98
-1397.02
-1437.44
-1614.53
-1427.48
-1620.74
-1625.29
-1405.08
-1511.66
-1377.49
-1398.02
-1384.29
-1422.76
-1381.9
-1411.39
-1534.24
-1568.92
-1458.48
-1546.25
-1452.73
-1430.96
-1424.33
-1390.1
-1431.16
-1394.61
-1429.99
-1419.08
-1734.04
-1500
-1679.25
-1777.88
-1376.82
-1439.07
-1387.66
-1520.48
-1429.96
-1454
-1384.79
-1456.5
-1533.85
-1383.64
-1411.97
-1736.71
-1367.11
-1410.85
-1400
-1451.43
-1399.28
-1526.12
-1374.69
-1420.33
-1433.01
-1604.31
-1496.84
-1468.62
-1341.84
-1500
-1430
-1420.83
-1412.38
-1358.72
-1410.43
-1427.2
-1717.95
-1519.58
-1567.89
-1864.16
-1405.19
-1387.13
-1425
-1417.72
-1488.49
-1422.38
-1867.23
-1447.13
-1761.48
-1381.2
-1700.73
-1767.76
-1389.04
-1442.14
-1415.69
-1424.58
-1505.18
-1408.96
-1350.19
-1367.91
-1572.34
-1318.18
-1400.07
-1534.18
-1394.61
-1379.24
-1388.04
-1357.6
-1535.6
-1385.01
-1377.91
-1381.18
-1576.3
-1325.12
-1682.5
-1687.5
-1364.85
-1373.37
-1413.63
-1371.05
-1448.68
-1504.17
-1445.5
-1447.18
-1614.97
-1470.11
-1773.02
-2009
-1423.63
-1411.15
-1416.46
-1460.02
