-1460.54
-1458.53
-1453.94
-1420.17
-2038.35
-1647.42
-1630.39
-1668.26
-1431.69
-1406.22
-1382.04
-1443.64
-1412.56
-1419.35
-1417
-1394.17
-1801.03
-1580.39
-1858.8
-2219.38
-1395.97
-1452.3
-1526.75
-1557.51
-1412.6
-1561.54
-1455.12
-1397.61
-1877
-1659.56
-2146.86
-1986.84
-1446.53
-1429.3
-1523.4
-1410.1
-1433.81
-1416.41
-1389.51
-1449.48
-1564.11
-1566.71
-1577.7
-1667.37
-1400.61
-1413.65
-1426.05
-1429.03
-1434.59
-1448.11
-1512.76
-1440.52
-1489.82
-1622
-1669.67
-1713.71
-1424.77
-1432.31
-1421.24
-1485.49
-1437.8
-1409.97
-1452.49
-1423.95
-1831.79
-1569.26
-1528.17
-1750.87
-1407.47
-1438.53
-1470.95
-1414.76
-1662.65
-1548.69
-1532.36
-1529.99
-2035.46
-2375.95
-1610
-1826.52
-1388.39
-1406.33
-1410.69
-1554.33
-1396.98
-1409.49
-1437.63
-1393.12
-1587.29
-1522.56
-1477.86
-1637.26
-1405.08
-1426.91
-1436.11
-1518.1
-1447.2
-1390.93
-1467.35
-1399.32
-1743.47
-1596.78
-1903.7
-1805.76
-1381.26
-1381.65
-1427.49
-1421.62
-1556.21
-1450.46
-1407.62
-1397.14
-1477.63
-1503.11
-1574.51
-1619.64
-1357.91
-1443.53
-1407.2
-1423.56
-1407.79
-1432.52
-1435.58
-1439.32
-1386.94
-1544.05
-1563.91
-1467.33
-1380.73
-1353.12
-1484.9
-1499.75
-1458.18
-1384.05
-1432.46
-1485.63
-1652.61
-1673.75
-1651.43
-1729.95
-1416.17
-1418.45
-1415.46
-1427.37
-1561.47
-1538.88
-1505.41
-1526.33
-2424.2
-1980.06
-1883.51
-1768.38
-1395.95
-1444.76
-1459.01
-1446.58
-1417.11
-1422
-1462.47
-1415.62
-1575.88
-1988.18
-1495.78
-1682.82
-1423.12
-1423.7
-1440.78
-1472.99
-1513.75
-1419.33
-1427.18
-1459.95
-1695.72
-1486.79
-1705.92
-1695.91
-1424.27
-1608.81
-1408.77
-1440.89
-1410.15
-1465.13
-1388.06
-1431.48
-1631.52
-1701.63
-1507.18
-1598.36
-1470.48
-1458.45
-1439.4
-1403.4
-1450.68
-1432.75
-1437.6
-1434.46
-1903.92
-1291.27
-1841.37
-2019.79
-1393.54
-1454.43
-1395.72
-1575.5
-1452.36
-1509.27
-1395.14
-1469.02
-1614.47
-1461.09
-1441.61
-1805.12
-1377.07
-1429.23
-1384.35
-1470.12
-1408.44
-1561.3
-1379.67
-1428.53
-1448.69
-1708.25
-1546.94
-1519.97
-1350.56
-1423.54
-1397
-1450.08
-1418.63
-1359.65
-1420.74
-1433.85
-1765.34
-1610.8
-1641.97
-2040.14
-1421.25
-1398.44
-1425.77
-1434.27
-1499.69
-1427.81
-1669.13
-1457.45
-1803.39
-1418.79
-1792.58
-1821.29
-1391.48
-1473.21
-1416.19
-1434.26
-1496.29
-1413.2
-1353.58
-1365.31
-1579.23
-1321.01
-1411.68
-1576.11
-1395.69
-1379.66
-1389.28
-1358.61
-1531.13
-1376.93
-1373.08
-1376.81
-1561.76
-1320.12
-1704.53
-1754.8
-1364.3
-1374.87
-1412.74
-1370.34
-1431.03
-1486.56
-1432.14
-1437.58
-1578.04
-1444.02
-1706.63
-1992.93
-1414.8
-1404.34
-1411.52
-1445.03
