-1462.5
-1456.32
-1456.23
-1421.67
-2070.64
-1642.5
-1621.89
-1675.78
-1435.18
-1407.56
-1385.37
-1446.21
-1410.82
-1416.73
-1417.45
-1392.7
-1794.75
-1560.57
-1800
-2000
-1417.5
-1440.18
-1517.59
-1562.29
-1413.56
-1559.3
-1456.42
-1399.73
-1871.29
-1659.82
-2096.23
-1935
-1449.1
-1430.85
-1519.35
-1410.11
-1437.11
-1416.18
-1391.94
-1450.69
-1575.32
-1573.42
-1572.26
-1666.32
-1405.2
-1415.15
-1427.57
-1426.84
-1436.71
-1449.09
-1511.94
-1442.55
-1492.87
-1619.53
-1664.01
-1714.06
-1427.53
-1432.92
-1424.29
-1484.04
-1439.44
-1410.15
-1451.37
-1428.11
-1816.32
-1574.73
-1523.58
-1750.07
-1411.71
-1441.97
-1471.79
-1415.21
-1647.12
-1542.49
-1518.7
-1524.42
-2011.95
-2386.8
-1611.4
-1819.86
-1389.29
-1406.94
-1414.23
-1519.99
-1398.58
-1411.89
-1437.27
-1396.57
-1586.8
-1539.73
-1497.04
-1638.99
-1405.75
-1431.48
-1438.91
-1522.82
-1450.18
-1390.66
-1466.06
-1403.6
-1757.88
-1619.63
-1935.59
-1807.94
-1384.16
-1390.15
-1428.65
-1418.8
-1554.48
-1448.74
-1410.04
-1397.65
-1475.84
-1496.79
-1569.01
-1625.39
-1362.26
-1450.35
-1407.87
-1425.9
-1412.08
-1432.35
-1437.41
-1443.48
-1392.02
-1556.12
-1571.98
-1506.34
-1382.72
-1357.06
-1491
-1500.84
-1458.46
-1386.25
-1436.11
-1485.5
-1655.44
-1690.54
-1657.01
-1719
-1420.38
-1420.89
-1417.01
-1435.15
-1552.35
-1532.66
-1507.77
-1511.53
-2370.81
-1981.23
-1885.55
-1766.99
-1397.78
-1443.79
-1461.43
-1447.91
-1415.3
-1421.35
-1461.71
-1417.82
-1565.89
-2008.98
-1502.86
-1685.05
-1424.21
-1425.06
-1441.74
-1473.35
-1512.17
-1418.84
-1430.83
-1459.9
-1710.06
-1491.49
-1721
-1710.27
-1425.89
-1608.13
-1408.79
-1401.08
-1412.86
-1469.03
-1390.75
-1433.58
-1644.81
-1703.21
-1506.21
-1610.24
-1472.6
-1454.15
-1440.83
-1406.89
-1452.69
-1434.14
-1439.96
-1435.33
-1892.37
-1615
-1845.06
-2014.29
-1393.92
-1456.86
-1396.74
-1592.82
-1414.38
-1439.4
-1353.37
-1428.67
-1436
-1400
-1312
-1664
-1338.68
-1500
-1348.79
-1425.28
-1411.65
-1545.97
-1378.46
-1430.61
-1456.54
-1725.01
-1561.16
-1528.06
-1352.74
-1423.84
-1397
-1464.33
-1424.71
-1366.1
-1382.8
-1390.52
-1751.89
-1618.68
-1640.74
-2024.55
-1377.93
-1353.64
-1425.5
-1443.21
-1503.16
-1432
-1625
-1461.62
-1842.04
-1423.79
-1792.86
-1832.92
-1395.33
-1501.08
-1417.78
-1434.72
-1493.56
-1413.52
-1355.85
-1369.39
-1613.14
-1322.85
-1395.41
-1570.01
-1397.55
-1385.46
-1394.62
-1363.52
-1533.6
-1379.91
-1371.08
-1379.12
-1584.1
-1317.64
-1705.81
-1760.96
-1365.53
-1373.97
-1413.73
-1376.48
-1434.05
-1490.19
-1435.35
-1438.09
-1608
-1454.12
-1721.94
-1985.86
-1416.07
-1407.57
-1412.7
-1449.07
