-1479
-1456
-1463
-1429
-1987
-1681
-1629
-1672
-1434
-1410
-1380
-1451
-1433
-1419
-1422
-1397
-1813
-1583
-1700
-1900
-1505
-1457
-1512
-1558
-1423
-1548
-1453
-1398
-1906
-1703
-2097
-1835
-1424
-1413
-1546
-1409
-1438
-1411
-1381
-1444
-1557
-1561
-1552
-1659
-1393
-1404
-1420
-1416
-1436
-1436
-1501
-1431
-1460
-1585
-1664
-1697
-1420
-1421
-1408
-1486
-1439
-1401
-1439
-1417
-1766
-1549
-1540
-1728
-1392
-1418
-1452
-1411
-1614
-1511
-1480
-1511
-1917
-2300
-1627
-1808
-1384
-1394
-1403
-1457
-1396
-1400
-1424
-1381
-1553
-1513
-1433
-1596
-1397
-1419
-1432
-1500
-1447
-1385
-1459
-1394
-1680
-1573
-1894
-1760
-1381
-1378
-1424
-1424
-1547
-1438
-1403
-1388
-1454
-1474
-1525
-1606
-1355
-1438
-1407
-1420
-1407
-1431
-1428
-1439
-1361
-1534
-1505
-1417
-1378
-1354
-1486
-1497
-1455
-1374
-1425
-1478
-1668
-1679
-1605
-1619
-1412
-1416
-1418
-1415
-1524
-1504
-1500
-1484
-2288
-1943
-1899
-1784
-1393
-1435
-1457
-1450
-1408
-1404
-1447
-1405
-1537
-1926
-1463
-1658
-1416
-1418
-1438
-1475
-1506
-1409
-1414
-1450
-1654
-1436
-1621
-1653
-1416
-1612
-1400
-1391
-1411
-1442
-1384
-1427
-1591
-1641
-1473
-1555
-1467
-1452
-1438
-1405
-1446
-1416
-1437
-1430
-1833
-1715
-1800
-1934
-1387
-1448
-1392
-1640
-1457
-1449
-1389
-1464
-1536
-1500
-1412
-1764
-1364
-1415
-1382
-1469
-1411
-1514
-1375
-1424
-1428
-1700
-1475
-1487
-1341
-1410
-1397
-1550
-1421
-1354
-1422
-1434
-1739
-1564
-1596
-1974
-1418
-1394
-1418
-1440
-1509
-1430
-1465
-1471
-1767
-1394
-1724
-1813
-1394
-1464
-1420
-1500
-1502
-1411
-1357
-1359
-1570
-1320
-1391
-1579
-1404
-1385
-1389
-1354
-1540
-1377
-1373
-1379
-1558
-1320
-1723
-1824
-1367
-1377
-1414
-1370
-1438
-1492
-1436
-1440
-1586
-1458
-1687
-2040
-1425
-1411
-1417
-1458
