-1467.43
-1483.17
-1458.34
-1417.19
-2174.17
-1643.9
-1639.7
-1696.74
-1435.38
-1408.97
-1387.63
-1446.04
-1408.87
-1414.2
-1417.55
-1389.26
-1782.88
-1556.35
-1964.67
-2546.31
-1439
-1455.68
-1539.85
-1589.1
-1405.95
-1567.16
-1456.29
-1392.1
-1854.03
-1630.3
-2248.22
-2170.92
-1452
-1422.59
-1558.32
-1402.32
-1430.83
-1410.89
-1384.75
-1446.64
-1537.04
-1540.3
-1558.26
-1645.7
-1396.76
-1407.5
-1425.22
-1431
-1428.27
-1445
-1506.08
-1433.45
-1457.47
-1583.71
-1633.63
-1694.04
-1420.07
-1429.01
-1416.78
-1482.74
-1428.28
-1402.65
-1442.44
-1420.02
-1783.98
-1523.04
-1491.44
-1716.84
-1402.18
-1445.5
-1466.94
-1406.79
-1716.38
-1572.45
-1548.34
-1555.99
-2120
-2456.37
-1572.21
-1768.89
-1382.65
-1400.07
-1403.73
-1593.54
-1387.48
-1403.32
-1430.53
-1389.6
-1553.47
-1487.82
-1461.57
-1594.84
-1396.51
-1424.44
-1427.48
-1551.89
-1438.46
-1386.94
-1460.06
-1394.35
-1701.8
-1569.82
-1877.06
-1757.1
-1377.23
-1378.47
-1420.92
-1412.85
-1572.52
-1442.3
-1400.99
-1392.97
-1446.5
-1463.98
-1530.26
-1576.85
-1352.65
-1461.39
-1399.79
-1413.68
-1400.17
-1425.61
-1425.54
-1433.45
-1370.29
-1516.9
-1520.72
-1454.03
-1373.67
-1349.82
-1486.87
-1503.55
-1443.81
-1378.13
-1427.78
-1477.34
-1608.51
-1631.31
-1605.46
-1673.53
-1411.71
-1405.92
-1409.03
-1424.34
-1571.5
-1542.51
-1503.16
-1558.6
-2388.62
-1991.82
-1842.52
-1710.19
-1393.49
-1436.14
-1453.18
-1433.87
-1449.08
-1432.84
-1467.88
-1409.27
-1537.85
-1918.65
-1462.35
-1633.56
-1418.42
-1415.65
-1433.84
-1464.68
-1519.2
-1414.77
-1422.13
-1451.47
-1654.11
-1449.52
-1655.44
-1665.36
-1424.29
-1611.89
-1400.52
-1398.97
-1402.77
-1459.18
-1385.3
-1427.76
-1596.57
-1681.75
-1466.46
-1562.44
-1462.54
-1451.03
-1431.03
-1395.21
-1446.4
-1436.51
-1434.12
-1429.16
-1901.7
-1500
-1784.24
-2014.49
-1386.1
-1449.17
-1394.29
-1576.68
-1448.35
-1482.61
-1391.1
-1482.6
-1566.61
-1430.64
-1409.52
-1757.92
-1368.63
-1412.9
-1380.29
-1460.03
-1400.41
-1543.12
-1377.14
-1423.31
-1440.44
-1661.91
-1510.67
-1487.83
-1343.49
-1411
-1396.34
-1436.03
-1413.67
-1358.75
-1419.13
-1429.35
-1699.79
-1569
-1608.48
-1995.08
-1415.37
-1396.67
-1420.05
-1427.54
-1502
-1426.74
-1787.19
-1458.68
-1753.12
-1387.17
-1751.75
-1786.6
-1389.15
-1431.8
-1416.75
-1429.03
-1504.32
-1410.39
-1347.89
-1363.65
-1534.02
-1297.76
-1382.71
-1529.17
-1392.57
-1376.65
-1384.78
-1356.4
-1527.3
-1376.02
-1372.33
-1372.5
-1537.67
-1302.5
-1693.65
-1730.18
-1361.69
-1371.86
-1410.21
-1367.75
-1433.72
-1488.86
-1436.32
-1435.92
-1554.55
-1431.53
-1699.18
-2090.45
-1416.05
-1410.29
-1412
-1447.4
