-1473.16
-1463.71
-1467.19
-1431.74
-2049.73
-1680.85
-1585
-1605
-1433
-1413
-1385
-1454.63
-1415.21
-1405
-1419.63
-1396.2
-1774
-1555
-1642.66
-1900
-1400
-1440.8
-1504.56
-1574.91
-1410
-1558.95
-1445.58
-1398.66
-1861
-1652.25
-1783.59
-1587
-1430.56
-1420
-1497.25
-1408.88
-1435.36
-1414.31
-1388.02
-1446.93
-1538.26
-1555.48
-1543.8
-1599
-1388
-1415.23
-1423.81
-1428.96
-1434.47
-1449.66
-1508.75
-1439.86
-1479.87
-1585.51
-1634
-1708.31
-1424.61
-1432.22
-1417
-1487.58
-1429.96
-1404.76
-1438.91
-1422.3
-1787.58
-1551.86
-1499
-1710
-1402
-1431.57
-1466.76
-1410.29
-1720
-1580
-1545
-1543
-1941
-2352
-1573
-1798.12
-1384
-1400
-1409
-1596.85
-1387.1
-1404.9
-1405
-1392.94
-1561.69
-1439.94
-1483.72
-1614.9
-1403.07
-1422.89
-1433.1
-1556.69
-1442.68
-1391.33
-1436.06
-1397.92
-1768.7
-1575
-1825.71
-1781.16
-1380.72
-1384.15
-1426.11
-1417.81
-1535
-1448.1
-1405.76
-1397.2
-1459.55
-1439.51
-1530
-1582
-1356.67
-1463.93
-1403.91
-1419.33
-1402.94
-1430.21
-1431.97
-1438.21
-1381.94
-1532.84
-1542.39
-1471.46
-1378.24
-1353.49
-1471.03
-1488.63
-1449.34
-1380.21
-1429.6
-1479.48
-1615.84
-1641.38
-1588
-1675
-1413.99
-1406
-1410
-1419.62
-1562
-1525
-1500
-1560
-2249.7
-1835.93
-1847
-1741.54
-1395.3
-1428.63
-1451.78
-1440.06
-1447.96
-1411.34
-1462.74
-1404.8
-1480.62
-1914.64
-1470.31
-1658.3
-1416.72
-1407.35
-1436.14
-1460.99
-1493.45
-1414.52
-1420.11
-1454.62
-1668.3
-1432
-1674.95
-1677.51
-1419.92
-1615
-1399.76
-1396.73
-1398
-1453.12
-1385
-1427.55
-1602.16
-1631.8
-1465
-1577.25
-1465.02
-1441.21
-1435.42
-1397.09
-1450.81
-1427.05
-1437.47
-1429.93
-1836.16
-1550
-1783.96
-1902.78
-1388.49
-1452.64
-1398.43
-1550.63
-1450.9
-1483.1
-1394.97
-1478.12
-1582.56
-1426.7
-1423.97
-1776.42
-1374.86
-1418.12
-1375
-1456
-1399
-1575
-1379.87
-1426.81
-1439
-1678.93
-1523.97
-1503.68
-1348.41
-1412
-1386
-1429
-1417.48
-1361.9
-1420.57
-1431.92
-1742.36
-1522
-1622.61
-1965.12
-1418.4
-1399.81
-1405
-1434.6
-1494
-1420
-1812
-1453
-1745
-1395
-1754
-1778
-1388
-1438
-1416
-1427
-1488
-1407
-1352
-1360
-1540
-1309
-1390
-1527
-1393
-1378
-1385
-1357
-1523
-1380
-1377
-1378
-1553
-1308
-1697
-1710
-1364
-1367
-1412
-1365
-1435
-1497
-1438
-1442
-1575
-1456
-1717
-2070
-1420
-1412
-1416
-1450
