-1466.75
-1442.88
-1459.86
-1428.08
-2000
-1658.1
-1591.24
-1606.38
-1432.51
-1406.88
-1386.46
-1451.48
-1401.76
-1411.27
-1407.63
-1391.59
-1774.25
-1558.26
-1561.14
-1642.94
-1380
-1424.1
-1482.31
-1540.73
-1405.16
-1530
-1422.26
-1392.14
-1787
-1612.61
-1609.91
-1586.23
-1414.98
-1419.44
-1458.74
-1400
-1425.15
-1406.56
-1378.45
-1431.53
-1480.89
-1500.63
-1523.94
-1600.62
-1393.6
-1400.82
-1415.17
-1416.3
-1426.21
-1429.83
-1490.06
-1428.73
-1438.63
-1523.37
-1638.48
-1654.8
-1420.16
-1419.93
-1408.22
-1480.5
-1420
-1396.27
-1424
-1416.86
-1722.66
-1520.46
-1498.66
-1710.37
-1401.61
-1413.12
-1451.39
-1407.77
-1550
-1483.19
-1450
-1485.46
-1795.73
-2209
-1572.52
-1763.76
-1383.3
-1394.58
-1402.88
-1548.14
-1377
-1399.37
-1332.12
-1385.24
-1541.66
-1464
-1454.65
-1597.49
-1397.59
-1413.22
-1425.26
-1552.2
-1434.98
-1385.45
-1448.19
-1392.02
-1572
-1154.33
-1762.59
-1753.94
-1380.54
-1381.97
-1423.98
-1413.44
-1496.77
-1436.45
-1402.5
-1393.86
-1469
-1393.47
-1535.23
-1581.17
-1354.17
-1465.16
-1402.36
-1419.13
-1400.02
-1425.59
-1420.63
-1435.02
-1366.5
-1516.94
-1528.46
-1448.76
-1374.45
-1353.15
-1456.83
-1476.08
-1441.09
-1374
-1426.94
-1475.77
-1585.57
-1617.11
-1587.93
-1674.81
-1406.13
-1409.54
-1411.2
-1500
-1550
-1514.35
-1450
-1470
-2131.2
-1755.55
-1847.44
-1712.31
-1388.85
-1417.07
-1441.78
-1428.98
-1421.8
-1392.29
-1454.27
-1396.08
-1434.18
-1853.96
-1425.38
-1633.19
-1403.99
-1407.8
-1427.41
-1448.93
-1469.84
-1403.65
-1407.24
-1444.16
-1620.56
-1431.57
-1644.85
-1638.79
-1409.49
-1475
-1392.5
-1419.82
-1397.62
-1441.56
-1384.26
-1419.22
-1559.42
-1580.72
-1464.47
-1552.2
-1457.22
-1441.94
-1430.24
-1393.17
-1445.38
-1410.83
-1434.04
-1425.03
-1763.88
-1304.28
-1747.45
-1794.61
-1381.05
-1444.48
-1392.19
-1525.79
-1442.56
-1488.47
-1388.78
-1465.28
-1557.9
-1391.88
-1410.42
-1745.1
-1368.55
-1413.82
-1376.07
-1456.17
-1401.42
-1543.47
-1376.28
-1421.95
-1438.64
-1619.85
-1499.13
-1480.37
-1341.2
-1393.8
-1386.25
-1426.03
-1415.03
-1358.06
-1414.22
-1426.36
-1723.3
-1517.74
-1569.87
-1886.92
-1406.72
-1392.37
-1410.19
-1420.85
-1484.98
-1415.19
-1859.23
-1450.9
-1762.83
-1369.75
-1701.31
-1777.67
-1386.7
-1433.4
-1415.77
-1427.07
-1472.32
-1400.05
-1351.98
-1368.36
-1572.88
-1309
-1389.57
-1527.39
-1393.09
-1380.75
-1387.63
-1357.8
-1523.28
-1382.64
-1377.94
-1379.8
-1569.69
-1318.67
-1676.69
-1682.59
-1364.56
-1375.58
-1413.67
-1369.19
-1437.37
-1497.2
-1438.9
-1443.06
-1609.38
-1456.74
-1728.96
-2050
-1422.38
-1412.13
-1416.28
-1461.87
