0
0.996995
1.99028
2.9973
6.33575
5.07541
nan
4.51902
7.98523
nan
nan
9.9602
11.8709
12.974
13.9121
15.0043
nan
nan
nan
26.9785
20.1038
nan
22.3288
nan
23.7827
25.1095
25.9614
26.9987
44.6784
29.3733
nan
nan
32.432
33.768
nan
31.712
35.3071
36.846
38.0157
38.9394
73.2569
nan
nan
nan
44.0713
43.7115
53.6194
45.9561
46.4492
48.9517
49.8757
51.0312
53.4807
43.9774
nan
36.7803
55.9564
56.9906
56.9301
58.9577
56.8707
61.0211
61.7225
62.8989
113.559
45.9044
43.6212
42.5435
67.7358
69.1281
nan
68.6747
74.6681
nan
nan
74.8744
nan
nan
124.843
nan
79.9039
75.8372
81.8424
81.9671
83.9931
79.5309
85.8481
86.9431
62.9189
79.1728
59.4448
156.459
91.782
92.7406
84.3596
94.3826
95.9293
97.0433
97.7617
98.9501
nan
101.372
nan
64.709
103.845
93.8044
95.8603
nan
107.201
108.81
109.98
110.962
nan
111.839
nan
154.76
115.617
105.269
117.554
109.731
119.751
120.904
121.666
122.868
nan
87.5806
80.6922
213.649
127.613
128.858
135.082
131.134
132.188
132.964
133.81
135.132
nan
121.265
nan
249.309
139.536
140.958
142.449
143.307
147.05
142.828
145.913
142.932
164.771
169.085
nan
149.611
151.684
150.551
153.898
158.819
156.156
156.506
158.123
158.556
153.189
111.414
112.097
292.749
163.65
164.638
166.218
166.881
167.011
168.664
169.785
170.614
289.75
119.874
130.485
nan
176.187
175.959
178.415
179.797
180.121
180.865
182.181
183.116
123.482
184.158
177.949
346.353
188.043
188.944
181.674
192.039
188.759
192.727
193.815
194.564
nan
52.6859
195.56
nan
199.839
201.094
201.715
203.049
203.578
208.322
205.467
206.206
nan
207.389
212.65
406.433
212.256
213.255
207.728
210.796
215.434
214.461
217.464
217.808
141.31
222.315
428.791
332.994
223.969
224.719
203.331
210.711
227.359
203.893
229.367
229.856
195.128
230.985
nan
nan
235.307
236.294
236.375
240.81
237.675
238.719
245.041
241.338
nan
242.53
339.719
200.644
247.711
248.221
224.936
230.604
247.828
251.114
250.871
253.547
nan
254.832
256.968
387.309
259.145
260.978
260.823
262.042
261.798
263.871
266.365
266.294
423.687
268.293
265.861
241.678
271.233
271.751
246.795
273.875
274.541
275.643
277.153
278.017
410.633
279.647
171.517
nan
283.169
284.285
281.688
285.678
