-1466.9
-1463.44
-1454.87
-1419.11
-1800
-1643.31
-1610.42
-1605.28
-1431.75
-1409.47
-1381.2
-1452.28
-1411.89
-1408.57
-1419.14
-1391.35
-1757.94
-1562.3
-1600
-1750
-1370
-1400
-1475
-1450
-1406.34
-1450
-1420
-1394.59
-1864.66
-1677.73
-1800
-1775
-1400
-1426.86
-1450
-1406.83
-1428.33
-1407.05
-1381.74
-1439.82
-1523
-1572.54
-1595.72
-1627.85
-1399.4
-1406.91
-1420.79
-1415
-1429.22
-1434.6
-1495.56
-1430.81
-1429.64
-1560.67
-1674.64
-1673.48
-1416.11
-1420.55
-1409.85
-1480.76
-1426.09
-1397.52
-1435.03
-1415.23
-1744.19
-1530.33
-1519.21
-1743.12
-1401.99
-1410
-1455.79
-1405.24
-1475
-1440
-1425
-1450
-1850
-2150
-1588.01
-1788.4
-1376.26
-1397.09
-1404.27
-1525
-1387.32
-1402.26
-1430.3
-1390.35
-1557.34
-1512.21
-1441.64
-1602.53
-1398.89
-1420.76
-1424.08
-1543.54
-1439.46
-1387.74
-1465.75
-1396.76
-1714.3
-1593.99
-1850
-1740
-1379.33
-1382.51
-1423.16
-1410.48
-1425
-1440.12
-1405.87
-1395.54
-1456.69
-1482.29
-1559.33
-1603.78
-1356.7
-1459.9
-1396.89
-1413.89
-1399.96
-1427.93
-1433.11
-1436.82
-1376.48
-1511.86
-1568.76
-1434.58
-1375.59
-1352.3
-1425
-1425
-1448.48
-1378.26
-1429.68
-1477.24
-1634.04
-1679.55
-1614.8
-1679.19
-1409.96
-1410.75
-1410.67
-1437.73
-1450
-1435
-1450
-1420
-2230
-1870
-1880.07
-1750.68
-1391.54
-1410
-1453.31
-1436.34
-1421.67
-1400
-1473.85
-1401.76
-1541.5
-1987.46
-1493.18
-1655.85
-1419.54
-1411.59
-1433.81
-1465.37
-1450
-1414.03
-1424.92
-1449.45
-1657.48
-1456.67
-1653.91
-1651.85
-1419.11
-1475
-1403.21
-1385.7
-1404.75
-1462.74
-1384.66
-1424.16
-1610.48
-1673.54
-1498.9
-1573.56
-1463.64
-1448.98
-1431.06
-1391.74
-1450.26
-1427.66
-1436
-1433.42
-1872.04
-1700
-1824.06
-1875
-1387.74
-1446.42
-1393.25
-1500
-1451.74
-1494.65
-1390.95
-1481.2
-1578.66
-1427.15
-1402.72
-1764.6
-1370.64
-1415.37
-1382.11
-1460.6
-1405.41
-1535.58
-1376.18
-1422.88
-1436.94
-1683.72
-1505.63
-1498.48
-1339.96
-1411.87
-1396.1
-1434.93
-1416.26
-1358.07
-1423.56
-1426.97
-1750.24
-1582.6
-1609.49
-1957.35
-1414.38
-1397.13
-1417.79
-1426.52
-1450
-1400
-1900
-1455
-1806
-1387.8
-1755.57
-1809.65
-1384.13
-1461.81
-1417.9
-1431.06
-1450
-1390
-1358.32
-1368.62
-1581.75
-1330.27
-1383.13
-1550.86
-1395.64
-1377.18
-1387.77
-1361
-1537.45
-1381.94
-1379.72
-1382.7
-1559.01
-1326.88
-1724.81
-1759.5
-1364.23
-1375.64
-1414.74
-1372.87
-1421.2
-1492.92
-1434.26
-1435.25
-1580.41
-1445.8
-1697.93
-1900
-1422.76
-1412.59
-1414.33
-1452.88