220.678
214.44
215.194
207.817
218.735
217.121
216.18
186.527
188.063
208.236
217.175
197.131
235.902
220.229
222.286
221.691
206.337
205.949
215.71
196.973
228.206
202.405
217.519
222.972
184.006
207.617
201.478
219.064
227.281
206.812
232.497
211.165
227.67
197.744
203.305
190.012
164.302
225.606
205.417
188.237
217.458
189.603
228.795
197.626
237.701
220.028
217.577
197.156
212.997
189.222
186.569
203.917
175.5
194.365
234.055
205.201
241.644
209.891
234.448
201.601
231.123
199.383
214.116
202.839
225.745
180.161
217.51
235.407
212.258
210.439
187.442
212.009
196.633
193.932
202.385
220.983
222.231
213.328
188.095
227.839
221.614
188.243
188.664
189.547
227.526
269.048
217.322
214.562
199.226
244.488
212.227
225.891
246.573
232.853
243.95
234.057
193.899
210.993
225.798
222.097
209.307
219.089
200.294
192.187
196.16
228.107
198.501
198.097
189.919
197.952
239.283
220.877
215.429
238.243
228.976
190.977
230.313
240.029
242.162
183.068
244.835
196.686
217.243
215.173
225.153
192.633
218.415
231.237
201.729
198.005
237.612
230.445
207.158
193.884
237.789
192.328
223.43
222.243
195.734
214.262
194.967
196.924
227.594
187.495
237.846
194.062
214.412
215.609
231.067
207.028
203.201
195.272
234.009
229.748
213.822
183.624
168.161
198.339
213.852
194.605
204.519
202.61
149.676
196.464
224.6
214.076
196.152
211.178
202.679
226.047
188.914
211.368
185.444
217.038
180.234
227.936
201.047
212.499
237.624
209.564
231.913
199.372
220.667
173.887
211.573
179.942
218.826
223.411
174.748
188.764
183.568
205.34
181.121
216.958
208.01
202.568
228.457
193.106
189.329
220.3
190.237
216.996
211.386
206.829
191.738
199.734
198.286
224.9
209.492
174.668
219.135
230.724
213.62
217.46
204.798
242.495
209.071
215.275
208.761
240.234
194.796
187.943
208.437
229.551
238.715
231.427
217.096
183.025
189.115
219.876
249.87
230.674
203.301
217.841
218.259
237.507
207.453
182.846
199.292
194.513
239.862
234.195
212.75
215.216
170.905
187.053
222.063
193.615
213.541
210.246
224.429
209.881
220.574
293.6
213.623
253.657
204.848
186.594
239.963
247.042
239.43
247.818
234.153
219.219
266.921
224.053
245.054
253.767
217.007
230.471
249.926
245.916
235.787
207.452
229.257
223.318
231.506
201.964
226.431
238.037
230.721
232.066
225.767
190.719
214.619
194.589
196.644
248.433
