#Alpha parameters obtained from LEDplots_rh on Wed May  5 21:52:20 2021
#
21.9592
20.9884
19.8746
20.0416
4.95072
5.79775
5.97288
5.18271
21.3201
19.9555
21.4184
20.8398
21.3232
20.4024
20.9409
21.6322
5.18168
5.33027
5.65773
5.50122
21.3039
20.66
19.9072
20.7108
21.6456
22.2265
20.6353
21.4492
5.60476
5.86695
5.40847
5.27089
20.9227
17.338
20.5431
21.6043
20.7533
21.9738
20.2314
22.1979
5.2976
5.30185
5.30383
5.6432
21.2219
21.0504
21.1406
21.063
21.69
20.8475
20.3967
21.0218
5.60816
5.79713
5.1094
5.28187
21.5933
21.0207
21.0592
20.5158
21.9233
21.4394
20.4119
19.9365
5.32982
5.76851
5.59068
5.2954
1
20.3662
20.0707
21.3135
19.6893
21.5553
22.1095
19.7046
5.28988
5.05415
5.51445
4.65005
22.5199
21.4728
21.5844
20.3979
20.6004
20.6371
21.5053
20.0296
5.58025
5.65767
4.66132
4.76277
20.7033
20.4709
20.9879
22.171
20.3477
20.863
21.746
22.5127
4.42809
4.8584
5.68244
4.5656
21.3341
20.6704
20.7863
20.9126
20.7268
20.2679
22.0831
20.9761
5.6861
5.28145
4.85372
4.98837
21.7577
21.6575
22.4535
19.3222
19.7863
21.4652
20.4858
21.5887
5.58742
5.58836
4.79281
4.16955
22.3265
22.3846
20.3972
21.2332
21.2815
21
21.1832
21.7188
5.81282
5.80756
4.73105
3.96137
20.9582
20.8903
21.4497
21.0776
20.809
20.809
20.809
20.809
5.27123
5.27123
5.27123
5.27123
20.809
20.809
20.809
20.809
20.809
20.809
20.809
20.809
5.27123
5.27123
5.27123
5.27123
20.809
20.809
20.809
20.809
20.809
20.809
20.809
20.809
5.27123
5.27123
5.27123
5.27123
20.809
20.809
20.809
20.809
20.809
20.809
20.809
20.809
5.27123
5.27123
5.27123
5.27123
20.809
20.809
20.809
20.809
20.809
20.809
20.809
20.809
5.27123
5.27123
5.27123
5.27123
20.809
20.809
20.809
20.809
20.809
20.809
20.809
20.809
5.27123
5.27123
5.27123
5.27123
20.809
20.809
20.809
20.809
20.809
20.809
20.809
20.809
5.27123
5.27123
5.27123
5.27123
20.809
20.809
20.809
20.809
20.809
20.809
20.809
20.809
5.27123
5.27123
5.27123
5.27123
20.809
20.809
20.809
20.809
20.809
20.809
20.809
20.809
5.27123
5.27123
5.27123
5.27123
20.809
20.809
20.809
20.809
20.809
20.809
20.809
20.809
5.27123
5.27123
5.27123
5.27123
20.809
20.809
20.809
20.809
20.809
20.809
20.809
20.809
5.27123
5.27123
5.27123
5.27123
20.809
20.809
20.809
20.809
20.809
20.809
20.809
20.809
5.27123
5.27123
5.27123
5.27123
20.809
20.809
20.809
20.809
