-1468.78
-1478.65
-1457.4
-1420.45
-2136.4
-1646.34
-1610.93
-1656.59
-1431.07
-1406.91
-1382.99
-1445.89
-1412.16
-1414.55
-1415.48
-1389.89
-1772.56
-1549
-1900
-2150
-1440
-1450.96
-1525.56
-1579.57
-1406.64
-1571.62
-1458.88
-1391.67
-1850.55
-1627.65
-2050
-1911.58
-1451.13
-1420.64
-1529.35
-1400.71
-1429
-1410.62
-1382.03
-1448.43
-1522.15
-1535.59
-1540.19
-1599.23
-1394.45
-1407.42
-1420.73
-1429.43
-1429.96
-1446.03
-1506.2
-1434.75
-1458.46
-1583.26
-1628.08
-1683.2
-1418.66
-1427.67
-1417.38
-1480.66
-1430.13
-1401.94
-1445.32
-1418.82
-1773.55
-1533.46
-1487.72
-1711.87
-1403.72
-1442.46
-1465.03
-1407.2
-1705.24
-1583.74
-1545.38
-1551.24
-2160
-2386.71
-1570.94
-1796.93
-1381.74
-1399.07
-1402.29
-1600.43
-1385.43
-1406.08
-1429.77
-1390.3
-1551.07
-1482.37
-1450.64
-1594.21
-1396.11
-1423.31
-1427.45
-1553.83
-1440.48
-1385.48
-1458.33
-1393.74
-1687.54
-1573.92
-1892.02
-1748.61
-1377.63
-1379.13
-1420.97
-1411.18
-1570.21
-1443.67
-1402.18
-1392.87
-1443.29
-1469.57
-1533
-1578.88
-1352.92
-1462.69
-1401.08
-1413.97
-1400.2
-1424.89
-1426.16
-1433.78
-1368.57
-1521.11
-1520.97
-1442.76
-1371.42
-1349.85
-1485.27
-1505.69
-1444.55
-1376.14
-1427.77
-1476.54
-1603.98
-1633.11
-1606.16
-1674.28
-1410.65
-1403.73
-1407.05
-1424.21
-1568.94
-1541.37
-1500.6
-1554.38
-2351.26
-1937.45
-1845
-1716.36
-1391
-1444.4
-1453.28
-1431.87
-1445.43
-1438.64
-1466.7
-1408.27
-1565.18
-1908.72
-1475
-1638.86
-1416.38
-1414.01
-1431.34
-1461.47
-1522.61
-1412.59
-1421.38
-1453.24
-1653.27
-1446.97
-1653.69
-1666.51
-1418.29
-1614.96
-1399.92
-1424.16
-1399.3
-1459.93
-1383.37
-1428.03
-1588.27
-1667.54
-1466.38
-1561.34
-1461.4
-1449.61
-1429.84
-1392.95
-1448.66
-1434.46
-1434.41
-1429.27
-1946.18
-1308.16
-1781.09
-1981.54
-1385.96
-1445.94
-1392.5
-1574.49
-1446.29
-1481.63
-1391.38
-1480.14
-1564.11
-1424.37
-1409.94
-1755.52
-1369.67
-1414.08
-1375
-1456.64
-1398.35
-1567.62
-1375.5
-1421.97
-1419.88
-1666.34
-1509.96
-1489.41
-1343.22
-1411.68
-1386
-1436.66
-1412.73
-1358.02
-1414.22
-1428.42
-1701.94
-1575.33
-1613.24
-1986.36
-1416.98
-1399.56
-1405
-1430.62
-1495.79
-1421.9
-1876.47
-1452.66
-1746.25
-1380.84
-1748.53
-1779.32
-1388.65
-1430.25
-1415.3
-1425.96
-1496.62
-1411.37
-1347.02
-1363.71
-1546.54
-1297.69
-1391.93
-1519.76
-1391.02
-1377.56
-1383.61
-1353.37
-1527.22
-1375.65
-1372.08
-1375.53
-1543.5
-1298.16
-1677.46
-1724.31
-1360.06
-1366.44
-1409.84
-1367.77
-1434.62
-1489.6
-1435.47
-1437.78
-1560.94
-1426.44
-1703.19
-2100.33
-1415.47
-1409.42
-1411.77
-1448.44
