-1488
-1480
-1486
-1453
-2087
-1793
-1781
-1848
-1467
-1444
-1425
-1479
-1449
-1459
-1451
-1435
-2016
-1739
-2009
-2200
-1431
-1480
-1555
-1608
-1449
-1605
-1492
-1445
-2147
-1885
-2200
-2200
-1503
-1479
-1596
-1462
-1480
-1463
-1436
-1512
-1787
-1783
-1782
-1902
-1455
-1469
-1474
-1494
-1480
-1505
-1574
-1492
-1665
-1838
-1900
-1967
-1466
-1491
-1472
-1560
-1491
-1464
-1514
-1478
-2106
-1779
-1739
-2026
-1500
-1509
-1539
-1472
-1779
-1688
-1627
-1780
-2200
-2200
-1850
-2168
-1437
-1461
-1461
-1467
-1450
-1471
-1500
-1446
-1809
-1742
-1670
-1840
-1457
-1486
-1499
-1498
-1515
-1445
-1538
-1458
-2018
-1842
-2200
-2102
-1433
-1439
-1477
-1487
-1750
-1516
-1470
-1458
-1658
-1682
-1805
-1866
-1404
-1481
-1454
-1474
-1447
-1481
-1513
-1485
-1551
-1734
-1745
-1682
-1424
-1395
-1570
-1558
-1529
-1437
-1482
-1454
-1965
-1957
-1938
-2058
-1473
-1471
-1479
-1473
-1614
-1581
-1545
-1572
-2200
-2099
-2114
-1975
-1441
-1479
-1492
-1493
-1455
-1467
-1488
-1464
-1745
-2200
-1653
-1867
-1469
-1466
-1484
-1525
-1590
-1478
-1492
-1512
-1963
-1732
-1962
-1914
-1482
-1712
-1459
-1465
-1472
-1525
-1432
-1495
-1941
-2034
-1714
-1834
-1538
-1524
-1503
-1453
-1518
-1504
-1494
-1495
-2200
-1765
-2150
-2200
-1451
-1515
-1459
-1740
-1524
-1572
-1456
-1531
-1881
-1709
-1619
-2065
-1424
-1470
-1435
-1522
-1455
-1598
-1430
-1491
-1659
-2022
-1779
-1750
-1401
-1490
-1470
-1650
-1475
-1413
-1482
-1509
-2065
-1952
-1929
-2200
-1501
-1467
-1497
-1550
-1598
-1511
-1410
-1545
-2194
-1642
-2116
-2121
-1449
-1465
-1481
-1600
-1600
-1498
-1403
-1416
-1812
-1486
-1598
-1882
-1450
-1429
-1455
-1430
-1616
-1427
-1426
-1421
-1779
-1464
-2111
-2121
-1414
-1414
-1466
-1419
-1490
-1557
-1472
-1483
-1769
-1640
-1861
-2104
-1455
-1465
-1488
-1540
