-1466.49
-1448.28
-1452.67
-1424.6
-1986.76
-1661.72
-1592.66
-1640.43
-1427.93
-1406.19
-1383.41
-1445.82
-1407.88
-1413.82
-1409.26
-1392.93
-1776.5
-1579.53
-1613.27
-1725.64
-1379.42
-1440.12
-1498.87
-1529.23
-1412.09
-1532.25
-1434.64
-1396.12
-1826.1
-1652.31
-1707.09
-1744.94
-1434.39
-1424.61
-1468.39
-1408.28
-1432.06
-1410.06
-1382.46
-1438.91
-1512.78
-1540.5
-1577.8
-1656.09
-1396.45
-1411.06
-1425.14
-1417.87
-1430.36
-1435.46
-1498.66
-1435.57
-1468.96
-1565.36
-1664.11
-1681.9
-1421.92
-1424.59
-1414.65
-1480.32
-1432.52
-1401.59
-1437.21
-1422.17
-1762.97
-1547.04
-1539.46
-1744.11
-1402.67
-1419.23
-1454.81
-1407.1
-1575.84
-1498.4
-1468.87
-1498.05
-1889.66
-2272.19
-1614.49
-1798.85
-1387.17
-1397.1
-1405.98
-1547.4
-1392.2
-1406.07
-1425.37
-1389.8
-1564.51
-1509.14
-1489.04
-1630.47
-1401.42
-1423.51
-1427.26
-1550.08
-1444.45
-1389.45
-1461.24
-1397.59
-1739.72
-1603.97
-1846.32
-1790.29
-1383.74
-1384.44
-1426.43
-1415.57
-1530.6
-1444.3
-1406.37
-1397.93
-1470.53
-1491.96
-1564.3
-1615.64
-1358.16
-1455.47
-1405.22
-1422.31
-1405.26
-1432.21
-1428.18
-1439.88
-1383.77
-1544.57
-1553.84
-1473.37
-1379.09
-1354.2
-1458.04
-1486.94
-1452.27
-1381.16
-1432.14
-1480.09
-1621.39
-1649.38
-1633.78
-1707.96
-1412.82
-1409.91
-1411.32
-1431.67
-1490.37
-1480.65
-1485.76
-1444.32
-2299.16
-1885.84
-1878.36
-1741.74
-1393.5
-1414.56
-1449.22
-1435.3
-1415.25
-1398.09
-1461.94
-1400.55
-1492.62
-1927.98
-1469.39
-1659.51
-1408.31
-1411.61
-1431.71
-1461.51
-1481.2
-1409.39
-1414.67
-1448.87
-1648.82
-1466.51
-1679.64
-1663.6
-1415.91
-1503.62
-1395.39
-1403.08
-1404.38
-1452.82
-1387.02
-1425.6
-1582.87
-1645.17
-1492.52
-1581.24
-1464.25
-1447.16
-1434.15
-1401.71
-1451.42
-1419.57
-1438.06
-1430.84
-1823.88
-574.134
-1767.44
-1892.88
-1386.63
-1449.15
-1395.7
-1538.77
-1450.76
-1493.51
-1393.58
-1473.27
-1582.06
-1425.41
-1429.26
-1773.07
-1375.62
-1418.62
-1383.87
-1461.15
-1407.75
-1538.93
-1378.82
-1429.28
-1452.59
-1688.29
-1528.5
-1497.39
-1348.14
-1414.13
-1396.83
-1431.85
-1421.58
-1362.33
-1425.4
-1435.61
-1760.22
-1589.87
-1620.33
-1963.14
-1415.47
-1395.19
-1417.33
-1426.73
-1505.31
-1427.95
-1825.04
-1460.88
-1829.26
-1421.35
-1770.85
-1808.09
-1395.67
-1459.79
-1422.59
-1435.62
-1493.21
-1418.56
-1360.61
-1369.91
-1609.71
-1335.55
-1421.06
-1571.66
-1401.12
-1384.48
-1392.47
-1363.66
-1535.72
-1385.58
-1380.16
-1383.72
-1590.31
-1332.22
-1724.81
-1746.61
-1368.68
-1376.71
-1416.95
-1375.16
-1437.92
-1497.31
-1442.08
-1442.07
-1592.39
-1456.96
-1726.38
-1957.41
-1422.16
-1411.05
-1414.8
-1454.01
