-1508
-1453
-1500
-1450
-2034
-1766
-1746
-1809
-1450
-1425
-1425
-1519
-1442
-1458
-1456
-1425
-1956
-1728
-1848
-1990
-1425
-1450
-1626
-1647
-1456
-1654
-1538
-1449
-2057
-1799
-1996
-2100
-1548
-1503
-1617
-1535
-1450
-1473
-1425
-1497
-1756
-1767
-1760
-1845
-1425
-1425
-1467
-1439
-1431
-1439
-1598
-1487
-1655
-1801
-1846
-1914
-1446
-1456
-1425
-1615
-1543
-1473
-1516
-1427
-2050
-1759
-1692
-1941
-1865
-1512
-1583
-1450
-1832
-1777
-1616
-1751
-2100
-2100
-1817
-2076
-1425
-1425
-1425
-1448
-1425
-1425
-1513
-1425
-1769
-1697
-1663
-1802
-1425
-1491
-1488
-1506
-1534
-1425
-1547
-1425
-1996
-1783
-2100
-2039
-1425
-1425
-1439
-1525
-1715
-1571
-1425
-1425
-1639
-1674
-1768
-1839
-1400
-1543
-1425
-1441
-1425
-1450
-1457
-1450
-1525
-1719
-1730
-1645
-1425
-1425
-1617
-1596
-1498
-1425
-1450
-1450
-1893
-1915
-1905
-1945
-1450
-1450
-1526
-1450
-1632
-1594
-1553
-1570
-2100
-1971
-2033
-1915
-1428
-1461
-1487
-1520
-1453
-1483
-1474
-1473
-1708
-2100
-1641
-1830
-1472
-1497
-1483
-1512
-1582
-1450
-1530
-1497
-1892
-1699
-1854
-1880
-1497
-1700
-1465
-1444
-1510
-1580
-1425
-1500
-1919
-1970
-1663
-1791
-1493
-1458
-1563
-1465
-1530
-1555
-1507
-1529
-2100
-1749
-2080
-2100
-1456
-1531
-1479
-1650
-1536
-1611
-1460
-1516
-1832
-1673
-1607
-2011
-1425
-1425
-1425
-1505
-1425
1525
-1425
-1440
-1650
-1912
-1744
-1740
-1425
-1447
-1556
-1513
-1431
-1425
-1482
-1505
-1948
-1845
-1818
-1941
-1542
-1443
-1446
-1510
-1621
-1555
-1425
-1592
-1963
-1647
-1915
-1926
-1447
-1510
-1450
-1477
-1649
-1580
-1425
-1425
-1741
-1495
-1594
-1790
-1422
-1421
-1494
-1425
-1607
-1425
-1425
-1425
-1722
-1500
-1910
-1769
-1425
-1425
-1425
-1425
-1538
-1552
-1481
-1522
-1717
-1598
-1775
-1709
-1432
-1460
-1500
-1576
