-1473.05
-1472.46
-1457.07
-1420.33
-2163.41
-1648.61
-1641.91
-1683.96
-1435.26
-1413.08
-1388.4
-1445.62
-1409.17
-1416.81
-1413.72
-1389.08
-1780.09
-1545.52
-1975
-2341.16
-1433
-1453.85
-1535.65
-1593.24
-1406.56
-1567.21
-1457.2
-1392.37
-1852.68
-1616.92
-2220.87
-2020.93
-1452
-1422.28
-1564.74
-1404.01
-1429.06
-1407.86
-1383.51
-1445.83
-1522.75
-1536.76
-1548.97
-1627.36
-1395.91
-1407.86
-1422.54
-1427.78
-1430.15
-1443.16
-1508.73
-1433.69
-1460.02
-1589.16
-1631.22
-1686.61
-1421.65
-1427.56
-1417.04
-1482.78
-1429.09
-1401.65
-1445.13
-1418.67
-1782.93
-1529.57
-1487.55
-1710.25
-1402.37
-1441
-1464.69
-1407.05
-1729.2
-1574.65
-1550.44
-1546
-2120
-2428.08
-1565.22
-1772.36
-1383.42
-1397.04
-1404.71
-1596.47
-1385.56
-1403.41
-1430.45
-1390.9
-1555.34
-1477.24
-1460.06
-1593.27
-1396.12
-1423.17
-1427.21
-1554.95
-1438.94
-1386.11
-1460.91
-1393.9
-1707.32
-1568.67
-1890.39
-1753.19
-1375.72
-1378.81
-1423.82
-1413.77
-1574
-1442.07
-1399.28
-1392.43
-1448.39
-1459.13
-1539.78
-1570.85
-1354.71
-1461
-1400.92
-1414.36
-1399.67
-1425.26
-1426.03
-1433.05
-1363.62
-1519.79
-1525.54
-1444.17
-1374
-1351.67
-1491.31
-1505.2
-1447.03
-1374.98
-1426.92
-1476.68
-1614.71
-1628.6
-1587.67
-1668.7
-1411.96
-1408.11
-1408.65
-1423.67
-1567.94
-1542.87
-1500.89
-1553.62
-2400
-1969.21
-1851.43
-1712.33
-1391.82
-1462.89
-1452.73
-1435.56
-1447.54
-1437
-1467.74
-1407.71
-1526.08
-1908.28
-1464.52
-1641.72
-1418.34
-1415.22
-1432.7
-1458.87
-1513.44
-1411.49
-1419.61
-1452.41
-1646.71
-1445.44
-1652.68
-1669.04
-1419.69
-1614.14
-1401.63
-1420.37
-1402.44
-1458.76
-1385.63
-1424.79
-1603.25
-1662.92
-1468.26
-1559.78
-1461.13
-1449.06
-1429.4
-1396.3
-1446.56
-1442.58
-1434.48
-1428.82
-1882.89
-2011.47
-1784.5
-2019.48
-1384.95
-1448.27
-1395.42
-1582
-1447.67
-1486.49
-1393.2
-1480.9
-1570.1
-1407.44
-1411.35
-1765.19
-1371.14
-1412.29
-1376.74
-1458.55
-1401.22
-1532.07
-1375.99
-1423.11
-1435.38
-1658.25
-1497.72
-1492.8
-1344.93
-1409.36
-1397.86
-1438.48
-1414.87
-1355.54
-1418.82
-1425.54
-1710.26
-1597.48
-1609.47
-1983.09
-1416.61
-1395.61
-1421.69
-1429.25
-1503.33
-1427.22
-1788.9
-1457.36
-1749.14
-1381.93
-1758.21
-1782.69
-1388.37
-1429.77
-1415.91
-1430.81
-1513.24
-1412.43
-1350.51
-1362.38
-1536.35
-1303.2
-1392.95
-1530.73
-1390.23
-1376.85
-1387.1
-1354.34
-1529.29
-1370.75
-1372.67
-1372.75
-1537.52
-1302.58
-1692.1
-1741.4
-1362.57
-1370.61
-1409.29
-1368.67
-1435.68
-1488.68
-1435.7
-1436.85
-1559.71
-1427.49
-1711.89
-2100
-1415.97
-1409.98
-1411.65
-1444.85
