#These pedestals were generated from run 988.
#They were generated at 12:53 on 10/26/2020.
#Module, Avg Pedestal Value Avg Peak Height
0   212.055   214.293
1   190.742   329.865
2   210.602   341.113
3   216.16   423.551
4   286.582   437.035
5   264.206   448.846
6   248.541   381.784
7   237.446   402.616
8   230.954   588.383
9   235.881   488.915
10   212.725   405.501
11   180.246   412.897
12   169.807   438.856
13   200.546   534.75
14   212.375   399.879
15   196.952   475.998
16   225.779   556.884
17   244.299   370.204
18   164.086   536.995
19   221.706   407.441
20   224.317   507.416
21   212.495   464.707
22   195.045   403.895
23   209.363   373.348
24   198.845   319.353
25   223.52   483.572
26   185.337   461.345
27   210.179   373.199
28   235.993   419.906
29   273.433   560.604
30   235.769   410.496
31   285.543   466.742
32   201.74   436.267
33   211.651   320.399
34   234.421   605.962
35   206.555   595.099
36   230.431   529.579
37   201.524   384.948
38   216.661   549.328
39   173.056   418.506
40   271.929   495.622
41   242.965   442.929
42   270.609   566.532
43   279.645   490.357
44   172.617   307.797
45   186.398   349.033
46   181.895   373.163
47   204.751   509.2
48   182.071   353.574
49   215.008   514.448
50   210.585   387.426
51   201.731   412.72
52   276.194   432.889
53   240.374   568.847
54   238.276   406.268
55   272.207   452.022
56   194.539   642.098
57   216.034   386.366
58   210.644   537.58
59   206.801   285.334
60   191.461   370.362
61   196.899   299.378
62   194.384   570.265
63   224.513   395.239
64   267.72   498.104
65   237.993   661.241
66   285.123   640.12
67   317.316   443.488
68   210.895   671.957
69   214.808   446.701
70   204.678   584.02
71   236.404   368.137
72   206.51   508.934
73   218.574   262.805
74   208.475   618.625
75   242.215   443.204
76   248.597   599.95
77   249.135   444.762
78   280.4   534.031
79   291.688   577.155
80   237.761   915.995
81   230.988   470.649
82   216.336   620.906
83   179.291   374.253
84   185.426   444.721
85   219.531   782.002
86   246.45   500.431
87   231.595   407.11
88   264.161   425.579
89   278.604   549.805
90   271.259   503.975
91   286.873   423.534
92   209.318   438.89
93   183.259   536.621
94   197.886   419.702
95   195.173   403.27
96   237.277   338.363
97   232.95   490.703
98   211.274   822.943
99   211.405   405.999
100   239.349   415.699
101   252.464   705.363
102   292.934   480.57
103   262.914   401.24
104   211.36   538.585
105   207.916   402.219
106   222.97   493.747
107   204.297   403.052
108   220.123   345.054
109   291.846   644.595
110   213.317   820.617
111   253.586   850.694
112   235.751   482.664
113   232.551   847.135
114   242.405   657.025
115   313.62   535.235
116   238.482   555.756
117   247.469   659.196
118   231.748   619.01
119   218.495   830.147
120   262.929   325.75
121   220.802   608.817
122   240.469   708.925
123   252.933   678.397
124   262.218   507.5
125   288.783   883.209
126   304.185   512.101
127   316.023   501.325
128   231.736   744.817
129   205.19   683.237
130   229.417   517.598
131   223.492   691.064
132   230.555   451.193
133   202.235   308.304
134   226.011   455.211
135   238.553   457.913
136   288.577   544.506
137   284.76   701.703
138   294.443   489.205
139   181.38   386.748
140   212.184   586.795
141   193.671   588.667
142   196.089   558.798
143   245.882   420.724
