#These pedestals were generated from run 987.
#They were generated at 12:47 on 10/26/2020.
#Module, Avg Pedestal Value Avg Peak Height
0   211.623   213.861
1   191.05   613.518
2   210.821   575.415
3   216.058   857.812
4   286.714   443.855
5   264.256   486.83
6   248.412   404.801
7   237.357   442.891
8   231.13   1247.14
9   236.428   1043.24
10   212.897   784.124
11   180.273   904.311
12   169.776   1020.07
13   200.626   1312.4
14   212.228   746.296
15   196.473   1040.06
16   226.33   651.188
17   245.17   386.969
18   163.936   657.148
19   221.678   458.177
20   224.39   1103
21   212.439   949.248
22   195.351   816.537
23   209.311   665.324
24   198.389   567.728
25   223.428   1027.24
26   186.031   1048.55
27   209.432   682.526
28   236.113   472.305
29   272.977   649.383
30   235.74   457.992
31   285.734   520.626
32   202.2   907.922
33   211.73   496.096
34   235.222   1485.08
35   206.533   1493.32
36   230.52   1146.32
37   201.481   744.009
38   216.085   1203.22
39   173.323   906.869
40   272.183   553.068
41   243.852   485.243
42   270.576   661.228
43   280.134   552.74
44   172.372   559.362
45   186.323   660.971
46   182.171   733.807
47   204.113   1140.7
48   181.98   648.344
49   214.969   1180.38
50   210.599   718.531
51   201.618   812.134
52   276.096   465.164
53   240.151   672.188
54   238.289   440.725
55   272.135   476.521
56   194.256   1824.08
57   216.138   692.091
58   210.537   1215.97
59   206.642   390.185
60   191.635   756.067
61   196.797   490.281
62   194.134   1452.12
63   224.47   700.368
64   267.996   562.563
65   237.775   795.163
66   285.299   755.149
67   317.547   474.907
68   211.113   1726.86
69   214.563   961.821
70   204.619   1345.41
71   236.43   613.382
72   206.373   1205.77
73   218.02   391.846
74   208.416   1581.34
75   242.167   852.585
76   248.137   720.374
77   249.073   495.876
78   280.898   615.712
79   291.857   665.595
80   236.933   2836.49
81   230.237   936.269
82   216.321   1478.65
83   179.088   745.091
84   185.304   989.78
85   219.424   2135.59
86   246.36   1005.83
87   230.632   725.247
88   264.296   470.855
89   278.849   637.792
90   271.566   576.661
91   286.851   449.421
92   209.355   840.441
93   183.109   1392.51
94   198.265   872.29
95   195.135   767.545
96   237.161   517.061
97   233.042   963.862
98   211.23   2340.63
99   211.314   824.507
100   240.114   454.396
101   253.053   837.579
102   293.169   529.323
103   262.784   431.118
104   211.355   1156.21
105   207.945   694.878
106   223.155   1120.4
107   203.859   723.749
108   219.708   554.455
109   291.847   1603.99
110   213.504   2307.06
111   253.234   2398.44
112   235.744   549.908
113   232.831   1075.88
114   242.649   787.651
115   313.9   593.187
116   238.772   1159.72
117   247.924   1600.07
118   232.099   1283.8
119   218.389   2371.22
120   262.691   433.361
121   220.838   1326.59
122   240.396   1689
123   252.939   1656.96
124   261.59   573.175
125   288.792   1065.37
126   303.727   563.693
127   316.227   544.25
128   232.129   1865.94
129   205.058   1541.53
130   229.753   991.745
131   223.641   1656.81
132   230.532   781.602
133   202.301   478.303
134   225.975   845.35
135   238.636   867.727
136   288.624   613.019
137   284.634   833.445
138   293.853   547.71
139   182.049   431.077
140   212.127   1337.87
141   193.363   1347.12
142   196.171   1347.23
143   245.871   733.343
