#Target HV settings for run 183 from hcal_gain_match.C on Sun Aug 29 23:00:58 2021
#
#Row Col targetHV
0 0 1579.78
0 1 1559.89
0 2 1568.29
0 3 1534.78
0 4 2790.67
0 5 2177.11
0 6 2089.55
0 7 2215.95
0 8 1535.37
0 9 -nan
0 10 1484.59
0 11 1555.04
1 0 1530.11
1 1 1525.56
1 2 1508.09
1 3 1489.62
1 4 2410.6
1 5 2095
1 6 2398.56
1 7 -nan
1 8 1538.2
1 9 -nan
1 10 1636.78
1 11 1712.74
2 0 1517.98
2 1 1670.89
2 2 -nan
2 3 1497.83
2 4 2476.08
2 5 2186.01
2 6 -nan
2 7 2841.49
2 8 -nan
2 9 -nan
2 10 -nan
2 11 1426.78
3 0 -nan
3 1 1507.03
3 2 1482.42
3 3 1538.82
3 4 2045.48
3 5 -nan
3 6 4485.15
3 7 2174.15
3 8 1362.52
3 9 1503.67
3 10 1519.22
3 11 -nan
4 0 1537
4 1 1537.3
4 2 1607.79
4 3 1538.76
4 4 1891.96
4 5 1998.45
4 6 -nan
4 7 3328
4 8 1549.96
4 9 1521.97
4 10 1507.59
4 11 1599.05
5 0 -nan
5 1 1502.16
5 2 1542.98
5 3 1525.7
5 4 2313.98
5 5 1995.72
5 6 2004.84
5 7 2345.41
5 8 1496.14
5 9 1518.99
5 10 1558.41
5 11 1509.24
6 0 -nan
6 1 1626.61
6 2 1608.12
6 3 1622.53
6 4 2614.94
6 5 2335.64
6 6 2172.19
6 7 2476.44
6 8 1477.94
6 9 1354.11
6 10 1504.29
6 11 1503.94
7 0 1524.74
7 1 1506.92
7 2 1522.47
7 3 1486.5
7 4 2010.2
7 5 1973.23
7 6 1983.38
7 7 2205.56
7 8 1496.04
7 9 1517.73
7 10 1534.98
7 11 1554.71
8 0 -nan
8 1 1490.27
8 2 1492.73
8 3 1486.24
8 4 2346.17
8 5 2155.89
8 6 2753.69
8 7 2490.81
8 8 1502.04
8 9 1485.85
8 10 1531.31
8 11 1525
9 0 -nan
9 1 1391
9 2 1504.7
9 3 1499.58
9 4 1891.39
9 5 1965.64
9 6 2110.72
9 7 2164.66
9 8 1448.69
9 9 1535.11
9 10 1508.37
9 11 1540.97
10 0 1519.96
10 1 1537.42
10 2 1531.11
10 3 1542.39
10 4 1815.07
10 5 2034.94
10 6 2082.64
10 7 2044.35
10 8 1488.61
10 9 1451.75
10 10 1664.17
10 11 1585.49
11 0 -nan
11 1 1477.48
11 2 1526.07
11 3 1568.69
11 4 2152.58
11 5 2179.06
11 6 2193.03
11 7 2375.47
11 8 1511.74
11 9 1524.51
11 10 1520.58
11 11 1523.74
12 0 1809.51
12 1 1643.78
12 2 1621.5
12 3 1677.63
12 4 3710.68
12 5 2597.45
12 6 2524.65
12 7 -nan
12 8 1498
12 9 -nan
12 10 1554.72
12 11 1552
13 0 -nan
13 1 1496.42
13 2 1524.76
13 3 1500.62
13 4 2595.67
13 5 2410.61
13 6 1870.32
13 7 2695.53
13 8 1510.13
13 9 1510.12
13 10 1529.6
13 11 1579.32
14 0 1622.21
14 1 1509.99
14 2 1510.55
14 3 1553.58
14 4 2141.27
14 5 1869.03
14 6 2262.75
14 7 1531.93
14 8 1515.68
14 9 1680.46
14 10 1497.08
14 11 1413.98
15 0 -nan
15 1 1523.01
15 2 1482.67
15 3 1557.62
15 4 2123.45
15 5 2169.38
15 6 1891.62
15 7 2095.45
15 8 1567.95
15 9 1550.91
15 10 1533.89
15 11 -nan
16 0 1571.04
16 1 1512.33
16 2 1541.79
16 3 1389.69
16 4 2407.02
16 5 2291.26
16 6 2377.24
16 7 2528.05
16 8 1472.02
16 9 1553.29
16 10 1491.81
16 11 -nan
17 0 -nan
17 1 1603.79
17 2 1481.82
17 3 1558.38
17 4 1359.64
17 5 1804.62
17 6 1847.72
17 7 -nan
17 8 1464.5
17 9 1514.34
17 10 1477.99
17 11 1584.01
18 0 1508.23
18 1 1642.35
18 2 1470.06
18 3 1522.22
18 4 -nan
18 5 2171.73
18 6 2019.44
18 7 -nan
18 8 1438.43
18 9 1516.29
18 10 1488.22
18 11 1568.88
19 0 1521.28
19 1 1450.6
19 2 1516.89
19 3 1534.7
19 4 -nan
19 5 2012.12
19 6 2071.77
19 7 3866.98
19 8 1519.63
19 9 1486.34
19 10 1524.21
19 11 1405.01
20 0 -nan
20 1 1521.81
20 2 1449.46
20 3 1549.86
20 4 -nan
20 5 1825.96
20 6 2349.39
20 7 -nan
20 8 1495.04
20 9 1510.68
20 10 1514.94
20 11 1540.38
21 0 1607.13
21 1 1499.15
21 2 1451.36
21 3 1464.09
21 4 -nan
21 5 1711.7
21 6 1856.99
21 7 2072.85
21 8 1498.59
21 9 1477.61
21 10 1487.79
21 11 1451.16
22 0 -nan
22 1 1476.73
22 2 1473.5
22 3 1484.13
22 4 2133.95
22 5 1722.44
22 6 2272.61
22 7 2301.68
22 8 1467.35
22 9 1478.58
22 10 1515.63
22 11 1477.37
23 0 1431.72
23 1 1605.75
23 2 1546.19
23 3 1546.65
23 4 2059.04
23 5 1913.73
23 6 2333.47
23 7 2706.7
23 8 1525.86
23 9 1509.09
23 10 1509.7
23 11 1563.16
