#All information for run 1691.
#Row Col LED <Max> <Int> NPE
For row 0 and col 0, pedestal is 221.905
0  0  1  391.693  2225.79  64.094
0  0  2  962.773  5888.17  147.175
0  0  3  1897.81  12176.7  258.327
For row 0 and col 1, pedestal is 216.481
0  1  1  292.937  1608.57  41.7088
0  1  2  430.601  2565.43  59.3721
0  1  3  1311.13  8182.85  163.844
For row 0 and col 2, pedestal is 216.651
0  2  1  292.552  1654.36  58.7048
0  2  2  819.546  4976.64  151.793
0  2  3  981.422  6287.64  177.759
For row 0 and col 3, pedestal is 209.133
0  3  1  305.159  1895.75  64.4007
0  3  2  6.04433  -12.1787  nan
0  3  3  1986.76  13263.6  342.712
For row 0 and col 4, pedestal is 219.724
0  4  1  73.3667  409.394  58.9905
0  4  2  18.6057  4.60968  137.764
0  4  3  505.917  3519.88  295.428
For row 0 and col 5, pedestal is 218.005
0  5  1  91.8313  591.051  63.9763
0  5  2  14.1325  -1.15454  5734.76
0  5  3  532.258  3736.2  299.637
For row 0 and col 6, pedestal is 217.399
0  6  1  155.722  1187.58  98.1416
0  6  2  260.119  2031.91  150.385
0  6  3  490.528  3048.62  240.092
For row 0 and col 7, pedestal is 187.609
0  7  1  149.939  1226.21  137.988
0  7  2  264.395  2197.08  186.199
0  7  3  648.73  4243.22  340.86
For row 0 and col 8, pedestal is 190.475
0  8  1  504.639  3770.46  152.13
0  8  2  767.064  5979.22  201.203
0  8  3  2004.22  12116.5  377.738
For row 0 and col 9, pedestal is 209.632
0  9  1  704.874  4357.79  85.4353
0  9  2  1662.59  11034.4  189.836
0  9  3  2979.87  20757.1  196.352
For row 0 and col 10, pedestal is 218.486
0  10  1  616.506  3849  82.3932
0  10  2  1151.56  7680.11  151.469
0  10  3  2829.1  19807.8  237.023
For row 0 and col 11, pedestal is 198.917
0  11  1  370.851  2304.69  91.2748
0  11  2  890.006  5901.91  204.353
0  11  3  1499.26  10642.8  319.67
For row 1 and col 0, pedestal is 237.247
1  0  1  702.649  4199.56  77.2871
1  0  2  1154.24  7512.74  125.824
1  0  3  2483.21  16954.1  233.006
For row 1 and col 1, pedestal is 221.144
1  1  1  265.254  1553.82  61.1425
1  1  2  554.016  3488.55  121.197
1  1  3  1116.16  7441.65  216.152
For row 1 and col 2, pedestal is 222.912
1  2  1  651.533  3619.88  71.7589
1  2  2  1426.97  8542.24  144.319
1  2  3  3125.63  19359.3  174.964
For row 1 and col 3, pedestal is 223.192
1  3  1  445.499  2704.75  64.1638
1  3  2  6.5935  -18.0417  nan
1  3  3  2416.64  15794.3  277.69
For row 1 and col 4, pedestal is 207.569
1  4  1  46.2724  325.695  57.2653
1  4  2  19.2249  0.409444  nan
1  4  3  304.953  2246.53  254.72
For row 1 and col 5, pedestal is 207.898
1  5  1  118.086  762.927  72.3252
1  5  2  14.867  -0.0887698  648.89
1  5  3  754.327  5237.08  337.744
For row 1 and col 6, pedestal is 217.423
1  6  1  226.109  2011.38  108.202
1  6  2  471.312  4065.88  189.156
1  6  3  862.999  5858.73  281.522
For row 1 and col 7, pedestal is 198.609
1  7  1  214.264  1613.86  115.11
1  7  2  338.371  2631.12  148.616
1  7  3  754.712  4545.39  271.891
For row 1 and col 8, pedestal is 229.226
1  8  1  1996.06  14705.5  145.454
1  8  2  2659.41  20220.3  153.01
For row 1 and col 9, pedestal is 203.531
1  9  1  740.376  4667.2  155.735
1  9  2  86.2944  571.104  21.8266
1  9  3  2217.57  15931.5  390.761
For row 1 and col 10, pedestal is 218.184
1  10  1  296.193  1822.59  77.0163
1  10  2  660.511  4380.73  170.26
1  10  3  1320.4  9445.47  314.643
For row 1 and col 11, pedestal is 224.005
1  11  1  214.104  1313.36  82.5416
1  11  2  637.429  4242.56  212.374
1  11  3  961.138  6863.84  317.95
For row 2 and col 0, pedestal is 184.906
2  0  1  420.852  2350.96  54.6363
2  0  2  862.802  5191.05  102.686
2  0  3  1814.64  11438.2  180.342
For row 2 and col 1, pedestal is 208.654
2  1  1  218.091  1235.24  72.1346
2  1  2  270.347  1646.48  86.6089
2  1  3  750.18  4793.88  198.818
For row 2 and col 2, pedestal is 201.954
2  2  1  513.214  2954.03  74.9617
2  2  2  622.344  3840.14  88.4613
2  2  3  2352.81  15317.3  269.332
For row 2 and col 3, pedestal is 220.343
2  3  1  348.974  2165.14  69.7458
2  3  2  4.08126  -17.0618  nan
2  3  3  2136.84  14375.3  308.99
For row 2 and col 4, pedestal is 227.301
2  4  1  56.716  393.038  53.9394
2  4  2  18.3408  32.9117  nan
2  4  3  335.736  2419.49  258.773
For row 2 and col 5, pedestal is 208.354
2  5  1  122.185  826.478  64.2386
2  5  2  18.2603  -12.3866  4674.47
2  5  3  763.846  5360.83  309.591
For row 2 and col 6, pedestal is 232.721
2  6  1  153.897  1216.27  112.707
2  6  2  282.024  2423.03  189.718
2  6  3  449.731  3079.14  274.061
For row 2 and col 7, pedestal is 212.184
2  7  1  125.234  1045.39  118.342
2  7  2  240.331  2013.49  188.587
2  7  3  587.165  3881.93  360.272
For row 2 and col 8, pedestal is 228.437
2  8  1  750.027  5804.91  189.88
2  8  2  1183.32  9614.48  266.469
2  8  3  2643.77  16774.9  348.457
For row 2 and col 9, pedestal is 198.761
2  9  1  23.9857  142.812  6.50455
2  9  2  1957.41  13448.7  295.703
2  9  3  2133.67  15695.5  330.524
For row 2 and col 10, pedestal is 204.041
2  10  1  368.602  2292.13  102.452
2  10  2  781.75  5255.53  210.382
2  10  3  1670.85  12016.9  411.841
For row 2 and col 11, pedestal is 190.004
2  11  1  612.085  3815.95  102.52
2  11  2  946.404  6358.98  154.343
2  11  3  2415.22  17362.4  322.924
For row 3 and col 0, pedestal is 166.61
3  0  1  299.508  1673.76  77.408
3  0  2  48.5629  275.02  15.3054
3  0  3  1157.92  7397.45  269.286
For row 3 and col 1, pedestal is 225.966
3  1  1  298.386  1603.17  51.1688
3  1  2  685.203  3993.92  111.574
3  1  3  1424.11  8760.1  197.021
For row 3 and col 2, pedestal is 206.585
3  2  1  543.607  3055.26  80.4707
3  2  2  1089.21  6523.64  156.042
3  2  3  2576.22  16040.6  225.187
For row 3 and col 3, pedestal is 189.46
3  3  1  268.77  1661.41  56.1032
3  3  2  5.63161  -10.5366  nan
3  3  3  1636.16  10881.8  265.281
For row 3 and col 4, pedestal is 218.414
3  4  1  137.617  813.933  46.8368
3  4  2  8.69299  4.91256  nan
3  4  3  18.1488  117.089  17.3442
For row 3 and col 5, pedestal is 190.844
3  5  1  222.109  1299.97  69.4253
3  5  2  9.52764  1.9677  nan
3  5  3  1367.17  8636.26  324.412
For row 3 and col 6, pedestal is 230.022
3  6  1  143.691  966.702  69.4683
3  6  2  510.195  3699.77  212.378
3  6  3  657.746  3678.19  246.364
For row 3 and col 7, pedestal is 198.87
3  7  1  121.715  954.133  88.2425
3  7  2  219.162  1779.64  150.182
3  7  3  541.515  3499.56  278.95
For row 3 and col 8, pedestal is 239.634
3  8  1  1064.08  8040.14  171.836
3  8  2  1475.69  11623.7  216.682
3  8  3  2922.16  17571.9  214.867
For row 3 and col 9, pedestal is 220.639
3  9  1  618.219  3852.18  101.459
3  9  2  1244.82  8316.14  186.435
3  9  3  2498.37  17735.9  309.61
For row 3 and col 10, pedestal is 217.626
3  10  1  394.019  2450.74  89.7747
3  10  2  969.483  6409.89  211
3  10  3  1915.53  13486  348.145
For row 3 and col 11, pedestal is 198.077
3  11  1  605.416  3690.16  94.8036
3  11  2  1320.75  8675.34  191.064
3  11  3  2601.06  18133.7  302.251
For row 4 and col 0, pedestal is 214.421
4  0  1  309.151  1809.54  53.5189
4  0  2  492.881  3103.97  84.985
4  0  3  1291.17  8523.01  193.095
For row 4 and col 1, pedestal is 189.963
4  1  1  249.399  1426.11  61.0315
4  1  2  628.273  3930.97  141.397
4  1  3  1084.2  7154.26  235.716
For row 4 and col 2, pedestal is 187.634
4  2  1  95.7654  551.137  46.7974
4  2  2  320.57  2031.76  146.207
4  2  3  498.661  3344.07  213.028
For row 4 and col 3, pedestal is 204.73
4  3  1  260.694  1654.88  68.334
4  3  2  6.11401  -22.5825  nan
4  3  3  1523  10524.6  327.845
For row 4 and col 4, pedestal is 176.448
4  4  1  195.898  1176.2  67.9841
4  4  2  17.8002  0.393292  690.786
4  4  3  969.252  6219.93  274.47
For row 4 and col 5, pedestal is 195.385
4  5  1  152.719  934.31  64.3281
4  5  2  11.2698  -5.90324  nan
4  5  3  930.893  6001.4  310.959
For row 4 and col 6, pedestal is 236.047
4  6  1  154.883  1217.44  107.922
4  6  2  335.135  2795  221.308
4  6  3  641.08  4242.16  297.9
For row 4 and col 7, pedestal is 206.364
4  7  1  180.81  1406.41  106.729
4  7  2  295.355  2478.13  166.864
4  7  3  502.93  3395.91  220.855
For row 4 and col 8, pedestal is 243.068
4  8  1  759.919  5913.67  152.169
4  8  2  1240.41  10039.6  214.304
4  8  3  2395.69  14796.3  297.365
For row 4 and col 9, pedestal is 210.756
4  9  1  364.581  2331.13  95.9876
4  9  2  730.215  5001.43  182.398
4  9  3  1507.87  11098.1  334.769
For row 4 and col 10, pedestal is 235.937
4  10  1  406.964  2544.39  80.725
4  10  2  1101.19  7411.63  201.777
4  10  3  1539.46  11026.4  279.325
For row 4 and col 11, pedestal is 202.11
4  11  1  179.152  1122.79  76.8889
4  11  2  424.653  2856.13  161.89
4  11  3  795.246  5772.28  288.799
For row 5 and col 0, pedestal is 231.915
5  0  1  162.764  888.863  30.5067
5  0  2  504.982  2998.59  93.4648
5  0  3  899.061  5646.05  153.133
For row 5 and col 1, pedestal is 200.323
5  1  1  441.652  2469.84  61.0994
5  1  2  865.499  5190  120.741
5  1  3  1904.12  12122.5  241.074
For row 5 and col 2, pedestal is 215.759
5  2  1  225.89  1261.7  84.1547
5  2  2  442.338  2699.42  157.518
5  2  3  757.759  4843.17  255.04
For row 5 and col 3, pedestal is 203.864
5  3  1  296.196  1803.92  72.5979
5  3  2  5.87661  -8.98132  nan
5  3  3  1571.89  10281.5  299.933
For row 5 and col 4, pedestal is 226.739
5  4  1  76.6192  525.758  73.0492
5  4  2  12.3374  -7.51365  nan
5  4  3  408.566  2957.5  291.718
For row 5 and col 5, pedestal is 181.264
5  5  1  141.016  918.015  63.9339
5  5  2  10.1648  -12.868  nan
5  5  3  721.392  5041.68  268.29
For row 5 and col 6, pedestal is 219.01
5  6  1  349.64  2489.01  126.593
5  6  2  696.791  5154.83  225.44
5  6  3  1685.67  9620.49  367.027
For row 5 and col 7, pedestal is 237.118
5  7  1  123.5  964.859  114.635
5  7  2  209.594  1712.97  188.666
5  7  3  370.367  2370.54  260.734
For row 5 and col 8, pedestal is 189.325
5  8  1  2.00612  -17.1455  nan
5  8  2  2.06537  -15.4472  nan
5  8  3  1.97042  -16.5743  nan
For row 5 and col 9, pedestal is 211.056
5  9  1  514.134  3143.95  79.67
5  9  2  1060.33  7017.36  156.858
5  9  3  2704.35  18828  275.343
For row 5 and col 10, pedestal is 189.041
5  10  1  464.879  2867.96  92.1237
5  10  2  1020.38  6836.44  188.856
5  10  3  1508.15  10827.4  276.209
For row 5 and col 11, pedestal is 213.258
5  11  1  481.875  2935.17  72.4443
5  11  2  1086.62  7169.96  153.931
5  11  3  2073.48  14596.5  261.235
For row 6 and col 0, pedestal is 208.751
6  0  1  241.829  1667.67  90.9034
6  0  2  437.386  3167.73  153.721
6  0  3  757.246  4562.37  241.955
For row 6 and col 1, pedestal is 210.278
6  1  1  426.036  2897.28  96.8239
6  1  2  913.447  6509.44  201.485
6  1  3  1609.9  9467.58  310.158
For row 6 and col 2, pedestal is 220.992
6  2  1  713.532  4888.54  94.4484
6  2  2  1310.52  9386.67  172.289
6  2  3  2592.98  15387.8  242.884
For row 6 and col 3, pedestal is 207.872
6  3  1  409.592  2175.73  97.026
6  3  2  922.373  5313.77  201.794
6  3  3  1956.66  11930.9  390.285
For row 6 and col 4, pedestal is 184.81
6  4  1  114.442  596.087  84.4595
6  4  2  323.671  1925.4  208.259
6  4  3  587.526  3706.83  362.368
For row 6 and col 5, pedestal is 192.55
6  5  1  119.394  421.462  94.8136
6  5  2  244.37  934.951  202.89
6  5  3  339.558  1370.63  299.036
For row 6 and col 6, pedestal is 210.57
6  6  1  119.533  1048.94  99.6982
6  6  2  268.97  2234.97  183.622
6  6  3  701.086  4734.16  374.256
For row 6 and col 7, pedestal is 214.733
6  7  1  74.7024  697.382  116.259
6  7  2  115.074  1021.5  147.613
6  7  3  454.198  3193.49  407.024
For row 6 and col 8, pedestal is 228.045
6  8  1  569.219  4102.09  70.6184
6  8  2  1201.93  8923.13  136.111
6  8  3  2957.68  17905.8  184.88
For row 6 and col 9, pedestal is 233.084
6  9  1  670.219  4031.49  124.064
6  9  2  1309.07  7715.07  230.58
6  9  3  3667.8  23808.1  369.937
For row 6 and col 10, pedestal is 233.74
6  10  1  607.312  3637.22  118.297
6  10  2  1094.1  6354.05  196.256
6  10  3  1714.3  10970.6  291.274
For row 6 and col 11, pedestal is 214.04
6  11  1  866.021  5217.35  78.9492
6  11  2  1782.66  10274.6  150.85
6  11  3  2905.62  18346.3  177.107
For row 7 and col 0, pedestal is 228.417
7  0  1  767.538  5421.71  103.478
7  0  2  1411.56  10529.2  177.612
7  0  3  2868.09  17558.7  247.407
For row 7 and col 1, pedestal is 269.676
7  1  1  584.366  4252.39  89.7255
7  1  2  878.167  6807.1  134.073
7  1  3  2253.92  14270.1  275.914
For row 7 and col 2, pedestal is 219.88
7  2  1  504.555  3510.47  81.8917
7  2  2  980.985  7265.25  151.249
7  2  3  1682.28  10214.7  209.403
For row 7 and col 3, pedestal is 216.81
7  3  1  951.008  5167.72  111.274
7  3  2  2068.66  12118.8  225.608
7  3  3  3688.81  23334  358.824
For row 7 and col 4, pedestal is 201.028
7  4  1  252.049  1208.53  91.0938
7  4  2  669.279  3485.53  211.478
7  4  3  1162.41  6590.6  347.76
For row 7 and col 5, pedestal is 245.33
7  5  1  266.31  1287.48  74.1962
7  5  2  730.454  3853.71  192.489
7  5  3  1136.72  6461.1  282.736
For row 7 and col 6, pedestal is 212.91
7  6  1  188.319  1481.65  94.6078
7  6  2  321.678  2746.49  150.212
7  6  3  1052.43  7341.47  362.125
For row 7 and col 7, pedestal is 226.713
7  7  1  142.136  1049.14  92.0268
7  7  2  249.611  1992.89  169.115
7  7  3  728.239  5000.88  375.682
For row 7 and col 8, pedestal is 248.77
7  8  1  490.201  3577.71  81.8201
7  8  2  1018.09  7743.38  153.085
7  8  3  2646.85  16486.4  285.624
For row 7 and col 9, pedestal is 233.414
7  9  1  1110.56  6532.5  121.105
7  9  2  2030.66  11616.7  190.497
For row 7 and col 10, pedestal is 245.329
7  10  1  493.074  2884.61  118.251
7  10  2  1091.02  6173.74  237.222
7  10  3  2468.06  15352.7  462.284
For row 7 and col 11, pedestal is 234.157
7  11  1  361.55  2104.27  89.6285
7  11  2  653.675  3650.08  159.019
7  11  3  1582  9746.22  348.256
For row 8 and col 0, pedestal is 195.434
8  0  1  327.991  2163.57  95.3755
8  0  2  496.572  3455.5  141.384
8  0  3  1266.97  7311.44  298.986
For row 8 and col 1, pedestal is 211.507
8  1  1  674.797  4558.6  91.1407
8  1  2  1412.7  10022.7  175.091
8  1  3  2229.78  13008.9  228.073
For row 8 and col 2, pedestal is 227.611
8  2  1  343.459  2347.8  75.2268
8  2  2  716.019  5153.72  154.733
8  2  3  1151.26  6871.78  223.866
For row 8 and col 3, pedestal is 224.06
8  3  1  781.857  4174.18  81.5829
8  3  2  1822.44  10378.1  180.123
8  3  3  3756.09  23736  698.188
For row 8 and col 4, pedestal is 210.31
8  4  1  84.4835  480.023  90.0394
8  4  2  177.855  1211.01  159.185
8  4  3  423.375  3225.37  340.209
For row 8 and col 5, pedestal is 221.182
8  5  1  176.191  983.2  109.683
8  5  2  395.672  2405.67  207.683
8  5  3  406.021  2625.35  226.193
For row 8 and col 6, pedestal is 200.754
8  6  1  183.092  1294.43  90.3766
8  6  2  325.573  2390.02  156.348
8  6  3  986.296  5754.62  351.298
For row 8 and col 7, pedestal is 193.755
8  7  1  110.722  744.679  81.1431
8  7  2  198.68  1596.68  154.174
8  7  3  609.973  3940.82  342.972
For row 8 and col 8, pedestal is 197.83
8  8  1  611.221  4358.33  92.9943
8  8  2  1075.02  8019.11  146.578
8  8  3  2056.05  12553.3  234.559
For row 8 and col 9, pedestal is 229.764
8  9  1  724.912  4276.35  128.5
8  9  2  1195.14  6875.02  201.813
8  9  3  3033.06  19271  322.588
For row 8 and col 10, pedestal is 198.696
8  10  1  425.076  2528.27  116.93
8  10  2  620.347  3644  158.136
8  10  3  1478.51  9600.3  331.631
For row 8 and col 11, pedestal is 199.322
8  11  1  556.515  3357.68  82.1071
8  11  2  1196.1  7018.95  164.33
8  11  3  2945.01  18939.7  281.465
For row 9 and col 0, pedestal is 194.35
9  0  1  343.736  2364.8  104.236
9  0  2  637.007  4621  189.047
9  0  3  1304.77  7845.68  325.151
For row 9 and col 1, pedestal is 200.883
9  1  1  317.353  2157.84  95.0751
9  1  2  651.143  4710.97  183.613
9  1  3  1642.43  9784.29  370.881
For row 9 and col 2, pedestal is 240.244
9  2  1  385.154  2545.32  78.8998
9  2  2  804.328  5668.9  163.077
9  2  3  1893.28  10928.9  309.462
For row 9 and col 3, pedestal is 221.997
9  3  1  460.135  2402.59  95.6513
9  3  2  821.476  4673.9  159.048
9  3  3  2146.46  12881  345.721
For row 9 and col 4, pedestal is 216.977
9  4  1  293.99  1462.83  103.566
9  4  2  613.709  3296.1  194.944
9  4  3  1042.81  6107.88  313.956
For row 9 and col 5, pedestal is 239.855
9  5  1  292.4  1471.77  106.362
9  5  2  679.511  3788.71  217.965
9  5  3  1244.65  7446.13  360.234
For row 9 and col 6, pedestal is 180.708
9  6  1  153.562  1164.05  101.654
9  6  2  275.045  2264.66  159.598
9  6  3  748.735  5022.39  334.631
For row 9 and col 7, pedestal is 213.397
9  7  1  80.8932  704.988  70.7128
9  7  2  166.727  1407.85  116.018
9  7  3  462.535  3171.12  241.523
For row 9 and col 8, pedestal is 231.612
9  8  1  1048.54  7350.11  93.7426
9  8  2  1643.37  11955.1  137.639
9  8  3  4023.83  23081.2  176.977
For row 9 and col 9, pedestal is 241.186
9  9  1  427.396  2449.24  111.582
9  9  2  634.585  3569.25  162.555
9  9  3  1861.19  11576.7  404.381
For row 9 and col 10, pedestal is 243.686
9  10  1  416.65  2498.41  87.9765
9  10  2  828.542  4804.82  161.911
9  10  3  1826.64  11741.3  318.23
For row 9 and col 11, pedestal is 184.108
9  11  1  71.6325  432.465  18.7129
9  11  2  528.099  3085.79  124.019
9  11  3  980.627  6306.82  229.847
For row 10 and col 0, pedestal is 247.057
10  0  1  375.952  2633.35  85.9238
10  0  2  681.514  5086.99  148.18
10  0  3  1620.34  9971.66  293.337
For row 10 and col 1, pedestal is 197.387
10  1  1  338.666  2418.58  88.897
10  1  2  668.872  5020.97  169.637
10  1  3  1109.58  6848.24  253.546
For row 10 and col 2, pedestal is 219.137
10  2  1  414.627  2887.38  84.7524
10  2  2  918.264  6897.48  181.636
10  2  3  1652.99  10011  279.034
For row 10 and col 3, pedestal is 216.631
10  3  1  289.228  1580.64  85.6063
10  3  2  607.587  3580.7  173.259
10  3  3  894.126  5637.73  244.555
For row 10 and col 4, pedestal is 225.325
10  4  1  310.759  1627.93  98.559
10  4  2  603.458  3395.31  178.667
10  4  3  1411.05  8537.5  364.139
For row 10 and col 5, pedestal is 192.867
10  5  1  183.481  1159.17  98.6635
10  5  2  461.01  2971.41  232.464
10  5  3  857.695  6006.71  374.021
For row 10 and col 6, pedestal is 219.27
10  6  1  145.926  1153.5  77.8774
10  6  2  172.434  1411.29  80.9631
10  6  3  595.848  4006.64  210.617
For row 10 and col 7, pedestal is 231.705
10  7  1  126.446  904.536  69.7552
10  7  2  349.404  2707.7  151.234
10  7  3  1062.37  6877.83  321.85
For row 10 and col 8, pedestal is 202.41
10  8  1  777.629  5684.33  89.9492
10  8  2  1348.41  10180.5  145.475
10  8  3  6361.1  25336.8  105.07
For row 10 and col 9, pedestal is 198.955
10  9  1  1349.94  7972.72  121.085
10  9  2  2038.88  11676.3  168.778
For row 10 and col 10, pedestal is 237.712
10  10  1  860.926  5230.18  98.9178
10  10  2  1440.2  8462.34  155.212
10  10  3  3855.49  24487.9  262.205
For row 10 and col 11, pedestal is 231.461
10  11  1  689.909  4146.42  102.471
10  11  2  1211.89  7029.98  173.373
10  11  3  2586.31  16538.6  312.711
For row 11 and col 0, pedestal is 207.563
11  0  1  281.35  1882.52  105.233
11  0  2  639.749  4589.55  211.468
11  0  3  569.816  3326.63  189.288
For row 11 and col 1, pedestal is 195.568
11  1  1  652.035  4425.71  74.5221
11  1  2  1208.61  8752.14  136.823
11  1  3  3639.61  21934.7  261.929
For row 11 and col 2, pedestal is 238.361
11  2  1  580.623  3993.06  104.9
11  2  2  1053.77  7671.78  187.387
11  2  3  2223.89  13328.3  317.467
For row 11 and col 3, pedestal is 193.953
11  3  1  602.55  3212.98  91.6374
11  3  2  1398.75  8006.39  185.503
11  3  3  2966.21  17835.7  233.25
For row 11 and col 4, pedestal is 224.556
11  4  1  142.995  869.022  66.3646
11  4  2  324.444  1972.63  146.813
11  4  3  772.054  5033.78  327.095
For row 11 and col 5, pedestal is 224.059
11  5  1  157.704  926.558  86.4446
11  5  2  386.839  2369.62  203.971
11  5  3  688.536  4548.88  339.517
For row 11 and col 6, pedestal is 197.068
11  6  1  162.801  1207.25  115.649
11  6  2  261.733  2164.2  189.394
11  6  3  740.082  4642.74  390.065
For row 11 and col 7, pedestal is 215.405
11  7  1  116.262  881.023  138.007
11  7  2  172.829  1361.02  187.615
11  7  3  444.358  2888.78  253.438
For row 11 and col 8, pedestal is 196.342
11  8  1  336.029  2353  54.7026
11  8  2  942.454  6901.34  128.501
11  8  3  3163.84  19042.1  195.056
For row 11 and col 9, pedestal is 197.501
11  9  1  491.777  2887.61  92.4379
11  9  2  1082.26  6090.88  182.759
11  9  3  70.9738  463.153  16.3809
For row 11 and col 10, pedestal is 228.462
11  10  1  454.816  2661  103.517
11  10  2  656.866  3696.9  144.983
11  10  3  1794.89  11034  344.125
For row 11 and col 11, pedestal is 188.772
11  11  1  705.108  4086.95  98.716
11  11  2  1113.12  6243.46  154.708
11  11  3  2043.75  12631.8  246.664
For row 12 and col 0, pedestal is 238.927
12  0  1  2.56542  -14.4514  nan
12  0  2  2.55459  -15.6274  nan
12  0  3  2.61372  -13.3584  nan
For row 12 and col 1, pedestal is 194.941
12  1  1  2.49541  -14.5724  nan
12  1  2  2.47256  -15.1306  nan
12  1  3  2.60131  -14.4259  nan
For row 12 and col 2, pedestal is 215.44
12  2  1  2.71395  -14.2607  nan
12  2  2  2.75784  -15.4014  nan
12  2  3  2.89107  -14.5928  nan
For row 12 and col 3, pedestal is 217.246
12  3  1  2.25071  -15.5694  nan
12  3  2  2.23875  -14.5263  nan
12  3  3  2.3221  -15.4695  nan
For row 12 and col 4, pedestal is 233.09
12  4  1  4.02209  -12.924  nan
12  4  2  4.66416  -16.0484  nan
12  4  3  4.41125  -11.5078  nan
For row 12 and col 5, pedestal is 208.763
12  5  1  5.17697  -16.1636  nan
12  5  2  4.63733  -20.1537  nan
12  5  3  4.42223  -17.6127  nan
For row 12 and col 6, pedestal is 204.747
12  6  1  5.29825  -10.2579  nan
12  6  2  5.6613  -11.0117  nan
12  6  3  4.81881  -9.22909  nan
For row 12 and col 7, pedestal is 197.293
12  7  1  3.15288  -13.5986  nan
12  7  2  4.03018  -12.2514  nan
12  7  3  3.39257  -11.3805  nan
For row 12 and col 8, pedestal is 235.428
12  8  1  2.80189  -13.9019  nan
12  8  2  2.92569  -14.0361  nan
12  8  3  2.74553  -13.3846  nan
For row 12 and col 9, pedestal is 231.405
12  9  1  2.90839  -14.4969  nan
12  9  2  2.8851  -14.8267  nan
12  9  3  3.08368  -13.3742  nan
For row 12 and col 10, pedestal is 215.906
12  10  1  2.49385  -13.3223  nan
12  10  2  2.53608  -14.3745  nan
12  10  3  2.59901  -13.4663  nan
For row 12 and col 11, pedestal is 185.045
12  11  1  2.52557  -13.7868  nan
12  11  2  2.63351  -12.7497  nan
12  11  3  2.47303  -12.3974  nan
For row 13 and col 0, pedestal is 169.253
13  0  1  3.03629  -15.5752  nan
13  0  2  3.14202  -15.6188  nan
13  0  3  3.13558  -14.9437  nan
For row 13 and col 1, pedestal is 199.178
13  1  1  2.1831  -14.078  nan
13  1  2  2.21438  -13.8475  nan
13  1  3  2.27398  -13.5405  nan
For row 13 and col 2, pedestal is 214.871
13  2  1  2.74111  -15.5528  nan
13  2  2  3.36444  -13.7257  nan
13  2  3  2.79834  -15.2067  nan
For row 13 and col 3, pedestal is 196.767
13  3  1  3.01829  -16.6326  nan
13  3  2  2.82863  -16.1024  nan
13  3  3  3.03037  -15.746  nan
For row 13 and col 4, pedestal is 205.03
13  4  1  2.91741  -15.8722  nan
13  4  2  3.36531  -15.841  nan
13  4  3  2.93895  -15.3408  nan
For row 13 and col 5, pedestal is 204.658
13  5  1  3.55459  -12.906  nan
13  5  2  3.73156  -12.2369  nan
13  5  3  4.15379  -13.9956  nan
For row 13 and col 6, pedestal is 151.153
13  6  1  2.99382  -14.9356  nan
13  6  2  4.36523  -12.2277  nan
13  6  3  3.31535  -14.731  nan
For row 13 and col 7, pedestal is 197.472
13  7  1  3.73275  -10.4456  nan
13  7  2  6.15231  -6.01427  nan
13  7  3  3.60835  -5.0727  nan
For row 13 and col 8, pedestal is 226.137
13  8  1  2.55694  -13.0972  nan
13  8  2  2.7062  -14.3041  nan
13  8  3  2.63438  -12.1704  nan
For row 13 and col 9, pedestal is 215.263
13  9  1  2.89837  -13.6847  nan
13  9  2  3.0329  -12.92  nan
13  9  3  2.9591  -13.2637  nan
For row 13 and col 10, pedestal is 196.951
13  10  1  2.74829  -15.1635  nan
13  10  2  3.1268  -14.0423  nan
13  10  3  2.71729  -15.2649  nan
For row 13 and col 11, pedestal is 211.626
13  11  1  2.60161  -8.48637  nan
13  11  2  2.75854  -8.06619  nan
13  11  3  2.53215  -9.55774  nan
For row 14 and col 0, pedestal is 203.419
14  0  1  2.72636  -12.3667  nan
14  0  2  2.83936  -14.1887  nan
14  0  3  2.72026  -13.7764  nan
For row 14 and col 1, pedestal is 227.15
14  1  1  2.34882  -14.5692  nan
14  1  2  2.39863  -12.8678  nan
14  1  3  2.46396  -12.5682  nan
For row 14 and col 2, pedestal is 190.277
14  2  1  2.63833  -14.9502  nan
14  2  2  2.92549  -14.8912  nan
14  2  3  2.8091  -13.6335  nan
For row 14 and col 3, pedestal is 213.05
14  3  1  2.68954  -14.256  nan
14  3  2  2.54428  -13.8041  nan
14  3  3  2.79349  -14.5698  nan
For row 14 and col 4, pedestal is 186.734
14  4  1  4.43184  -13.0494  nan
14  4  2  7.11482  -12.4328  nan
14  4  3  4.85581  -11.5039  nan
For row 14 and col 5, pedestal is 218.815
14  5  1  2.55691  -15.6832  nan
14  5  2  2.49378  -15.6324  nan
14  5  3  2.79305  -15.2135  nan
For row 14 and col 6, pedestal is 181.814
14  6  1  4.33414  -14.6049  nan
14  6  2  5.08304  -12.9896  nan
14  6  3  4.81388  -14.1871  nan
For row 14 and col 7, pedestal is 228.538
14  7  1  4.25104  -12.0282  nan
14  7  2  6.00891  -8.76462  nan
14  7  3  5.20786  -11.0316  nan
For row 14 and col 8, pedestal is 201.868
14  8  1  2.55572  -11.5836  nan
14  8  2  2.69048  -10.9847  nan
14  8  3  2.87731  -10.8142  nan
For row 14 and col 9, pedestal is 213.568
14  9  1  2.74969  -14.3047  nan
14  9  2  2.95169  -11.5734  nan
14  9  3  2.88366  -12.3437  nan
For row 14 and col 10, pedestal is 238.682
14  10  1  2.36455  -14.7467  nan
14  10  2  2.67288  -14.4726  nan
14  10  3  2.56398  -12.2772  nan
For row 14 and col 11, pedestal is 210.821
14  11  1  2.85176  -13.2208  nan
14  11  2  3.58639  -11.4935  nan
14  11  3  2.71114  -12.8995  nan
For row 15 and col 0, pedestal is 232.699
15  0  1  2.78559  -15.9474  nan
15  0  2  2.85728  -14.3736  nan
15  0  3  2.97871  -15.0874  nan
For row 15 and col 1, pedestal is 200.993
15  1  1  2.83143  -12.3891  nan
15  1  2  2.77126  -13.3703  nan
15  1  3  2.80415  -11.6718  nan
For row 15 and col 2, pedestal is 221.842
15  2  1  2.33323  -13.9786  nan
15  2  2  2.5099  -13.259  nan
15  2  3  2.42984  -12.6805  nan
For row 15 and col 3, pedestal is 174.962
15  3  1  2.18118  -13.664  nan
15  3  2  2.28917  -14.0545  nan
15  3  3  2.11856  -15.2047  nan
For row 15 and col 4, pedestal is 212.74
15  4  1  4.81563  -15.8843  nan
15  4  2  3.82496  -15.2696  nan
15  4  3  4.84187  -15.4976  nan
For row 15 and col 5, pedestal is 181.631
15  5  1  4.306  -13.6075  nan
15  5  2  3.5641  -12.0996  nan
15  5  3  3.81134  -12.0199  nan
For row 15 and col 6, pedestal is 220.913
15  6  1  3.05658  -13.768  nan
15  6  2  3.27841  -12.9327  nan
15  6  3  3.25722  -12.7931  nan
For row 15 and col 7, pedestal is 224.218
15  7  1  4.35535  -7.85906  nan
15  7  2  5.34786  -5.64148  nan
15  7  3  4.57977  1.45627  nan
For row 15 and col 8, pedestal is 176.388
15  8  1  2.33911  -15.8726  nan
15  8  2  2.45284  -15.4291  nan
15  8  3  2.44718  -15.2403  nan
For row 15 and col 9, pedestal is 190.235
15  9  1  2.51533  -13.7742  nan
15  9  2  2.73495  -13.1321  nan
15  9  3  2.4909  -12.6714  nan
For row 15 and col 10, pedestal is 185.705
15  10  1  2.51978  -12.3249  nan
15  10  2  2.63926  -11.8761  nan
15  10  3  2.55325  -12.5006  nan
For row 15 and col 11, pedestal is 206.615
15  11  1  2.50784  -15.2014  nan
15  11  2  3.1442  -13.6032  nan
15  11  3  2.60537  -13.6968  nan
For row 16 and col 0, pedestal is 182.801
16  0  1  2.32667  -15.4741  nan
16  0  2  2.34857  -14.6676  nan
16  0  3  2.45529  -15.1755  nan
For row 16 and col 1, pedestal is 218.627
16  1  1  2.32274  -13.0286  nan
16  1  2  2.33881  -13.0224  nan
16  1  3  2.36559  -12.3239  nan
For row 16 and col 2, pedestal is 209.825
16  2  1  2.42802  -14.462  nan
16  2  2  2.6454  -13.6922  nan
16  2  3  2.65315  -14.7961  nan
For row 16 and col 3, pedestal is 203.831
16  3  1  2.61526  -14.7706  nan
16  3  2  2.91356  -14.0091  nan
16  3  3  2.67121  -15.0917  nan
For row 16 and col 4, pedestal is 229.997
16  4  1  4.77907  -7.75318  nan
16  4  2  6.25962  -8.6741  nan
16  4  3  4.37062  -3.17208  nan
For row 16 and col 5, pedestal is 194.771
16  5  1  3.74142  -12.3482  nan
16  5  2  3.55915  -14.4233  nan
16  5  3  3.95847  -11.5936  nan
For row 16 and col 6, pedestal is 191.442
16  6  1  8.57319  -6.88179  nan
16  6  2  9.53129  -4.10636  nan
16  6  3  8.39696  3.69006  nan
For row 16 and col 7, pedestal is 221.951
16  7  1  7.76627  -4.12934  nan
16  7  2  9.42419  -4.53303  2023.82
16  7  3  8.58178  -0.805373  nan
For row 16 and col 8, pedestal is 191.879
16  8  1  3.23904  -15.2556  nan
16  8  2  3.16707  -11.6491  nan
16  8  3  3.40208  -13.4462  nan
For row 16 and col 9, pedestal is 217.662
16  9  1  3.03334  -17.7684  nan
16  9  2  3.87021  -15.7958  nan
16  9  3  3.02546  -16.7457  nan
For row 16 and col 10, pedestal is 212.615
16  10  1  2.90873  -14.5097  nan
16  10  2  2.97256  -12.0253  nan
16  10  3  3.02154  -10.2411  nan
For row 16 and col 11, pedestal is 208.52
16  11  1  3.87897  -11.3429  nan
16  11  2  3.24389  -6.59655  nan
16  11  3  3.8797  -4.56922  nan
For row 17 and col 0, pedestal is 193.637
17  0  1  2.85618  -15.3349  nan
17  0  2  2.61022  -15.3598  nan
17  0  3  2.93392  -15.2836  nan
For row 17 and col 1, pedestal is 201.87
17  1  1  2.5012  -15.339  nan
17  1  2  2.98915  -15.7293  nan
17  1  3  2.59627  -16.8656  nan
For row 17 and col 2, pedestal is 200.729
17  2  1  2.70788  -15.518  nan
17  2  2  2.86861  -15.2379  nan
17  2  3  2.63398  -14.3778  nan
For row 17 and col 3, pedestal is 226.609
17  3  1  2.82625  -15.1041  nan
17  3  2  2.64356  -14.1478  nan
17  3  3  2.70001  -14.9069  nan
For row 17 and col 4, pedestal is 211.695
17  4  1  4.82068  -8.96547  nan
17  4  2  4.87342  -10.7579  nan
17  4  3  5.33028  -5.15113  nan
For row 17 and col 5, pedestal is 176.813
17  5  1  3.51091  -12.7026  nan
17  5  2  4.41424  -12.6041  nan
17  5  3  3.52328  -12.8225  nan
For row 17 and col 6, pedestal is 221.534
17  6  1  4.09874  -8.08299  nan
17  6  2  5.38988  -9.19641  nan
17  6  3  4.32222  -7.04631  nan
For row 17 and col 7, pedestal is 232.243
17  7  1  5.33381  -18.0209  nan
17  7  2  6.68624  -9.09842  nan
17  7  3  6.09077  -4.01415  nan
For row 17 and col 8, pedestal is 216.084
17  8  1  3.56765  -10.2522  nan
17  8  2  3.33852  -9.34501  nan
17  8  3  3.58111  -8.33985  nan
For row 17 and col 9, pedestal is 218.683
17  9  1  4.08082  -20.6068  nan
17  9  2  3.93141  -18.9078  nan
17  9  3  4.288  -20.1578  nan
For row 17 and col 10, pedestal is 206.195
17  10  1  2.81233  -12.8769  nan
17  10  2  3.36517  -12.2509  nan
17  10  3  2.80619  -10.8893  nan
For row 17 and col 11, pedestal is 244.086
17  11  1  4.57022  -10.8549  nan
17  11  2  7.79294  -6.81659  nan
17  11  3  5.18789  -9.07831  nan
For row 18 and col 0, pedestal is 211.092
18  0  1  2.41776  -15.4846  nan
18  0  2  2.45767  -15.636  nan
18  0  3  2.30646  -15.0139  nan
For row 18 and col 1, pedestal is 217.263
18  1  1  2.5361  -12.7209  nan
18  1  2  2.50462  -12.3181  nan
18  1  3  2.44181  -12.0539  nan
For row 18 and col 2, pedestal is 210.637
18  2  1  3.29436  -12.9895  nan
18  2  2  3.33296  -13.6914  nan
18  2  3  3.5025  -12.8206  nan
For row 18 and col 3, pedestal is 241.603
18  3  1  2.73021  -16.0057  nan
18  3  2  2.69324  -14.4942  nan
18  3  3  2.7932  -16.4357  nan
For row 18 and col 4, pedestal is 196.056
18  4  1  4.03962  -12.6395  nan
18  4  2  4.04188  -12.7986  nan
18  4  3  4.79234  -11.2422  nan
For row 18 and col 5, pedestal is 189.899
18  5  1  4.71596  -12.4327  nan
18  5  2  4.68855  -10.2942  nan
18  5  3  6.04523  -9.61136  nan
For row 18 and col 6, pedestal is 210.141
18  6  1  4.64303  -12.2766  nan
18  6  2  4.09942  -12.9529  nan
18  6  3  4.33943  -5.6974  nan
For row 18 and col 7, pedestal is 231.129
18  7  1  4.09289  -11.3344  nan
18  7  2  4.68602  -9.93027  nan
18  7  3  4.72446  -11.1418  nan
For row 18 and col 8, pedestal is 239.903
18  8  1  3.14551  -14.3578  nan
18  8  2  3.33733  -13.0998  nan
18  8  3  3.20653  -12.859  nan
For row 18 and col 9, pedestal is 232.682
18  9  1  2.91798  -11.6541  nan
18  9  2  3.03737  -10.706  nan
18  9  3  3.24105  -10.6213  nan
For row 18 and col 10, pedestal is 217.875
18  10  1  2.73422  -14.6109  nan
18  10  2  2.83696  -13.3142  nan
18  10  3  2.61078  -13.2616  nan
For row 18 and col 11, pedestal is 183.836
18  11  1  3.47397  -11.9824  nan
18  11  2  4.0105  -12.604  nan
18  11  3  3.3791  -12.5081  nan
For row 19 and col 0, pedestal is 190.382
19  0  1  2.69238  -17.0828  nan
19  0  2  2.42118  -16.416  nan
19  0  3  2.79971  -17.6216  nan
For row 19 and col 1, pedestal is 221.32
19  1  1  2.3578  -14.125  nan
19  1  2  2.5145  -15.2667  nan
19  1  3  2.30525  -14.7518  nan
For row 19 and col 2, pedestal is 251.454
19  2  1  2.35271  -13.9177  nan
19  2  2  2.53124  -14.1462  nan
19  2  3  2.38951  -12.8339  nan
For row 19 and col 3, pedestal is 232.811
19  3  1  2.45047  -15.5028  nan
19  3  2  2.5449  -14.1502  nan
19  3  3  2.70007  -14.2365  nan
For row 19 and col 4, pedestal is 204.802
19  4  1  4.10641  -14.6678  nan
19  4  2  4.78633  -16.5052  nan
19  4  3  3.97741  -17.3989  nan
For row 19 and col 5, pedestal is 219.543
19  5  1  2.90435  -17.3895  nan
19  5  2  3.38863  -18.0462  nan
19  5  3  2.9207  -16.2939  nan
For row 19 and col 6, pedestal is 220.356
19  6  1  2.82129  -11.9831  nan
19  6  2  3.77337  -11.2997  nan
19  6  3  2.84771  -10.195  nan
For row 19 and col 7, pedestal is 238.241
19  7  1  4.26096  -16.5424  nan
19  7  2  4.5319  -13.1238  nan
19  7  3  6.20228  -14.0621  nan
For row 19 and col 8, pedestal is 208.934
19  8  1  2.29816  -13.9487  nan
19  8  2  2.28673  -14.0431  nan
19  8  3  2.34746  -14.8836  nan
For row 19 and col 9, pedestal is 184.393
19  9  1  2.21844  -12.4605  nan
19  9  2  2.2059  -13.3049  nan
19  9  3  2.25503  -12.1062  nan
For row 19 and col 10, pedestal is 201.004
19  10  1  2.4065  -15.9336  nan
19  10  2  2.50708  -15.864  nan
19  10  3  2.40662  -15.4567  nan
For row 19 and col 11, pedestal is 195.739
19  11  1  2.59221  -12.177  nan
19  11  2  2.82333  -11.9358  nan
19  11  3  2.79467  -13.0132  nan
For row 20 and col 0, pedestal is 238.478
20  0  1  2.47855  -12.5913  nan
20  0  2  2.70803  -11.995  nan
20  0  3  2.54004  -12.7699  nan
For row 20 and col 1, pedestal is 233.432
20  1  1  2.62653  -12.8086  nan
20  1  2  2.7838  -14.5397  nan
20  1  3  2.6174  -14.0953  nan
For row 20 and col 2, pedestal is 211.476
20  2  1  2.76542  -13.9404  nan
20  2  2  2.75251  -14.3679  nan
20  2  3  2.99284  -13.8695  nan
For row 20 and col 3, pedestal is 214.38
20  3  1  3.21777  -12.7093  nan
20  3  2  2.93062  -14.0549  nan
20  3  3  3.52652  -14.6479  nan
For row 20 and col 4, pedestal is 170.21
20  4  1  5.33143  -4.5835  nan
20  4  2  6.30982  -4.80799  nan
20  4  3  4.9868  -2.72937  nan
For row 20 and col 5, pedestal is 186.267
20  5  1  4.734  -9.17189  nan
20  5  2  4.45984  -8.10111  nan
20  5  3  4.80244  -8.42711  nan
For row 20 and col 6, pedestal is 220.379
20  6  1  4.77778  -5.86183  nan
20  6  2  6.21858  -7.11592  nan
20  6  3  4.82587  3.08767  nan
For row 20 and col 7, pedestal is 193.635
20  7  1  5.07244  -9.73216  nan
20  7  2  4.4527  -7.46576  nan
20  7  3  5.36439  -5.81653  nan
For row 20 and col 8, pedestal is 212.412
20  8  1  2.41629  -10.7868  nan
20  8  2  2.59034  -9.91714  nan
20  8  3  2.59775  -9.20033  nan
For row 20 and col 9, pedestal is 209.441
20  9  1  2.64693  -12.3906  nan
20  9  2  2.56312  -11.9588  nan
20  9  3  2.81052  -11.9536  nan
For row 20 and col 10, pedestal is 223.026
20  10  1  2.70861  -9.8357  nan
20  10  2  2.59656  -11.3698  nan
20  10  3  2.82134  -11.6285  nan
For row 20 and col 11, pedestal is 208.767
20  11  1  2.7791  -12.8284  nan
20  11  2  2.62255  -12.3186  nan
20  11  3  2.92541  -11.6267  nan
For row 21 and col 0, pedestal is 220.829
21  0  1  2.38828  -15.7765  nan
21  0  2  2.46543  -15.361  nan
21  0  3  2.40526  -16.6425  nan
For row 21 and col 1, pedestal is 293.199
21  1  1  2.96202  -15.1206  nan
21  1  2  3.1601  -15.376  nan
21  1  3  3.28749  -16.1276  nan
For row 21 and col 2, pedestal is 213.719
21  2  1  3.1011  -13.8985  nan
21  2  2  3.05549  -13.1192  nan
21  2  3  2.95233  -12.3533  nan
For row 21 and col 3, pedestal is 255.119
21  3  1  3.49671  -13.9252  nan
21  3  2  2.77  -14.5205  nan
21  3  3  3.26922  -13.9347  nan
For row 21 and col 4, pedestal is 205.352
21  4  1  6.89345  -10.3238  nan
21  4  2  6.90895  -9.0023  nan
21  4  3  7.19905  -9.45447  nan
For row 21 and col 5, pedestal is 187.616
21  5  1  4.49046  -10.4281  nan
21  5  2  4.17227  -12.7932  nan
21  5  3  5.12757  -11.0078  nan
For row 21 and col 6, pedestal is 240.097
21  6  1  5.22711  -13.6697  nan
21  6  2  4.91459  -13.8123  nan
21  6  3  4.52542  -11.8603  nan
For row 21 and col 7, pedestal is 247.562
21  7  1  3.82982  -10.6134  nan
21  7  2  4.8577  -7.60025  nan
21  7  3  4.33634  -4.64023  nan
For row 21 and col 8, pedestal is 239.763
21  8  1  3.56188  -11.4261  nan
21  8  2  3.22441  -10.8355  nan
21  8  3  3.26339  -9.22818  nan
For row 21 and col 9, pedestal is 248.568
21  9  1  3.13296  -14.464  nan
21  9  2  3.11012  -15.9286  nan
21  9  3  3.07617  -13.7822  nan
For row 21 and col 10, pedestal is 234.371
21  10  1  3.00605  -13.1841  nan
21  10  2  2.83412  -13.0011  nan
21  10  3  2.95371  -12.8755  nan
For row 21 and col 11, pedestal is 219.941
21  11  1  2.63944  -12.4199  nan
21  11  2  2.88351  -7.43173  nan
21  11  3  3.21125  -6.70968  nan
For row 22 and col 0, pedestal is 267.551
22  0  1  3.41743  -12.5237  nan
22  0  2  3.04674  -14.8032  nan
22  0  3  3.53819  -13.7189  nan
For row 22 and col 1, pedestal is 224.321
22  1  1  3.24859  -14.8518  nan
22  1  2  4.79435  -11.7758  172.609
22  1  3  3.71398  -14.2198  nan
For row 22 and col 2, pedestal is 246.083
22  2  1  3.29487  -17.8705  nan
22  2  2  3.00573  -17.1874  nan
22  2  3  3.2941  -17.9112  nan
For row 22 and col 3, pedestal is 254.373
22  3  1  2.79849  -17.3453  nan
22  3  2  3.2273  -16.8612  nan
22  3  3  3.31796  -18.239  nan
For row 22 and col 4, pedestal is 217.916
22  4  1  5.23238  -20.1922  nan
22  4  2  6.71872  -17.4898  nan
22  4  3  5.22168  -22.3428  nan
For row 22 and col 5, pedestal is 231.635
22  5  1  5.38824  -16.0822  nan
22  5  2  5.06271  -11.0715  nan
22  5  3  5.84343  -16.4105  nan
For row 22 and col 6, pedestal is 250.401
22  6  1  3.83014  -15.9672  nan
22  6  2  6.07333  -13.2574  nan
22  6  3  3.69731  -14.5268  nan
For row 22 and col 7, pedestal is 246.588
22  7  1  5.49405  -13.5231  nan
22  7  2  7.23596  -13.257  nan
22  7  3  5.7811  -12.2076  nan
For row 22 and col 8, pedestal is 236.919
22  8  1  2.94847  -14.0269  nan
22  8  2  2.83335  -12.3693  nan
22  8  3  3.20308  -11.6148  nan
For row 22 and col 9, pedestal is 207.733
22  9  1  2.95614  -9.19691  nan
22  9  2  2.92036  -11.5094  nan
22  9  3  2.89199  -9.61471  nan
For row 22 and col 10, pedestal is 229.627
22  10  1  3.04226  -16.8773  nan
22  10  2  3.37036  -17.1215  nan
22  10  3  2.93491  -15.612  nan
For row 22 and col 11, pedestal is 223.381
22  11  1  2.71905  -12.7823  nan
22  11  2  2.95988  -15.4541  nan
22  11  3  2.62157  -16.1205  nan
For row 23 and col 0, pedestal is 229.966
23  0  1  3.22611  -15.3033  nan
23  0  2  2.75182  -17.1284  nan
23  0  3  3.81616  -16.4804  nan
For row 23 and col 1, pedestal is 201.65
23  1  1  2.4434  -17.4692  nan
23  1  2  2.4381  -15.9147  nan
23  1  3  2.54249  -17.2148  nan
For row 23 and col 2, pedestal is 227.131
23  2  1  2.78408  -13.692  nan
23  2  2  3.1087  -14.3818  nan
23  2  3  3.02177  -13.8392  nan
For row 23 and col 3, pedestal is 239.056
23  3  1  2.17264  -14.1032  nan
23  3  2  2.37407  -14.4529  nan
23  3  3  2.38554  -14.447  nan
For row 23 and col 4, pedestal is 231.675
23  4  1  4.58231  -13.0217  nan
23  4  2  4.97379  -10.9667  nan
23  4  3  5.85191  -13.3197  nan
For row 23 and col 5, pedestal is 232.945
23  5  1  2.90939  -16.7542  nan
23  5  2  2.88775  -14.7211  nan
23  5  3  3.13635  -17.997  nan
For row 23 and col 6, pedestal is 224.04
23  6  1  5.80735  -16.8181  nan
23  6  2  10.432  -16.1988  221.013
23  6  3  6.35702  -16.635  nan
For row 23 and col 7, pedestal is 189.658
23  7  1  4.95813  -15.9552  nan
23  7  2  5.19235  -14.1952  nan
23  7  3  5.70833  -17.0498  nan
For row 23 and col 8, pedestal is 214.449
23  8  1  2.57722  -15.04  nan
23  8  2  2.9859  -13.6306  nan
23  8  3  2.66881  -15.5427  nan
For row 23 and col 9, pedestal is 195.243
23  9  1  2.78441  -16.5033  nan
23  9  2  2.99974  -17.698  nan
23  9  3  2.8625  -16.0674  nan
For row 23 and col 10, pedestal is 197.073
23  10  1  2.31141  -12.5587  nan
23  10  2  2.3778  -10.0781  nan
23  10  3  2.51917  -11.5639  nan
For row 23 and col 11, pedestal is 249.005
23  11  1  2.87582  -15.2187  nan
23  11  2  3.49963  -13.7746  nan
23  11  3  3.03266  -10.751  nan
