#All information for run 1288.
#Row Col LED <Max> <Int> NPE
For row 12 and col 0, pedestal is 238.378
12  0  1  107.756  579.639  88.402
12  0  2  242.105  1488.16  182.144
12  0  3  492.845  3143.7  330.098
12  0  4  1059.82  7581.82  664.437
12  0  5  2342.56  20961.4  1414.4
For row 12 and col 1, pedestal is 194.559
12  1  1  20.1627  83.0543  24.9005
12  1  2  204.082  1227.67  152.955
12  1  3  729.626  4490.8  414.138
12  1  4  937.098  6429.14  560.177
12  1  5  1230.18  10586.2  804.875
For row 12 and col 2, pedestal is 215.036
12  2  1  56.6195  304.623  80.8079
12  2  2  142.973  881.51  201.514
12  2  3  298.002  1833.48  342.935
12  2  4  699.143  4833.39  659.034
12  2  5  1654.48  14371.2  922.578
For row 12 and col 3, pedestal is 216.168
12  3  1  155.602  920.666  96.8668
12  3  2  377.869  2279.44  210.016
12  3  3  505.285  3350.3  268.074
12  3  4  1711.57  10694.6  669.288
For row 12 and col 4, pedestal is 231.713
12  4  1  40.1137  221.968  80.5108
12  4  2  68.4541  415.429  113.576
12  4  3  155.999  1069.62  238.182
12  4  4  589.665  3747.37  676.717
12  4  5  1498.36  10690.3  1530.02
For row 12 and col 5, pedestal is 207.58
12  5  1  102.322  677.03  67.6467
12  5  2  188.013  1261.47  137.771
12  5  3  357.474  2555.24  248.24
12  5  4  958.023  6274.32  627.817
12  5  5  3481.7  25482  1303.41
For row 12 and col 6, pedestal is 203.756
12  6  1  78.173  563.915  114.847
12  6  2  134.187  837.032  140.527
12  6  3  228.71  1679.19  221.12
12  6  4  385.323  3731.19  474.572
12  6  5  1234.04  9651.17  1005.16
For row 12 and col 7, pedestal is 195.849
12  7  1  42.7484  276.309  58.4278
12  7  2  73.3924  363.246  98.7977
12  7  3  157.125  1080.64  205.321
12  7  4  222.004  1928.29  289.152
12  7  5  825.598  6383.27  829.426
For row 12 and col 8, pedestal is 234.474
12  8  1  82.8086  435.018  70.0505
12  8  2  183.325  1090.66  142.688
12  8  3  570.981  3801.82  389.525
12  8  4  708.192  6044.48  509.92
12  8  5  2227.45  15928.3  1154.08
For row 12 and col 9, pedestal is 230.11
12  9  1  123.418  676.703  102.734
12  9  2  296.274  1669.01  225.576
12  9  3  468.781  2783.94  345.396
12  9  4  678.86  4342.27  464.652
12  9  5  1626.03  11635.6  976.932
For row 12 and col 10, pedestal is 214.418
12  10  1  102.714  546.952  96.4492
12  10  2  231.076  1334.95  202.291
12  10  3  352.891  2133.11  300.445
12  10  4  667.132  4315.57  482.65
12  10  5  1212.05  8807.26  832.949
For row 12 and col 11, pedestal is 184.191
12  11  1  129.453  706.847  91.8419
12  11  2  272.506  1570.5  169.336
12  11  3  473.139  2870.63  247.96
12  11  4  958.63  6232.86  398.595
12  11  5  1372.02  10094.1  590.779
For row 13 and col 0, pedestal is 168.733
13  0  1  86.6904  481.287  39.5761
13  0  2  273.598  1704.79  114.965
13  0  3  835.831  5291.61  277.892
13  0  4  1524.42  10705.7  460.28
For row 13 and col 1, pedestal is 198.945
13  1  1  129.279  715.654  66.1051
13  1  2  373.124  2292.41  157.307
13  1  3  586.28  3663.18  246.788
13  1  4  1366.5  9507.57  515.493
13  1  5  2313.2  20158.5  941.463
For row 13 and col 2, pedestal is 214.445
13  2  1  86.0083  512.992  89.9234
13  2  2  200.144  1293.25  191.017
13  2  3  503.821  3283.62  427.192
13  2  4  963.81  6964.4  769.042
13  2  5  1884.07  16942.9  1550.34
For row 13 and col 3, pedestal is 195.15
13  3  1  123.594  707.526  102.142
13  3  2  205.146  1242.04  169.772
13  3  3  387.582  2567.51  310.901
13  3  4  1263.98  7860.39  862.28
13  3  5  2723.01  18840.5  1581.81
For row 13 and col 4, pedestal is 205.168
13  4  1  48.2579  271.934  28.9171
13  4  2  357.815  1976.67  173.5
13  4  3  530.507  3275.27  269.185
13  4  4  2120.73  12280.3  730.28
For row 13 and col 5, pedestal is 203.171
13  5  1  58.1858  333.929  113.306
13  5  2  112.396  646.289  179.062
13  5  3  203.518  1369.59  352.314
13  5  4  528.535  3379.43  806.215
13  5  5  1624.21  11763.6  1810.82
For row 13 and col 6, pedestal is 150.202
13  6  1  285.599  1548.77  155.491
13  6  2  434.067  2459.44  211.557
13  6  3  936.84  6030.71  382.736
13  6  4  1521.61  12696.8  764.973
For row 13 and col 7, pedestal is 197.039
13  7  1  140.478  804.076  115.179
13  7  2  260.636  1578.61  207.634
13  7  3  471.839  3374.99  381.354
13  7  4  764.913  7042.08  690.695
13  7  5  2308.54  17875.3  1189.33
For row 13 and col 8, pedestal is 225.159
13  8  1  192.124  1101.85  118.197
13  8  2  276.124  1729.3  169.967
13  8  3  647.462  4540.06  381.82
13  8  4  918  8104.19  581.25
13  8  5  2775.24  20614.1  1158.6
For row 13 and col 9, pedestal is 214.674
13  9  1  77.4548  455.306  71.972
13  9  2  211.975  1241.94  187.304
13  9  3  338.901  2070.22  279.893
13  9  4  690.82  4531.01  497.74
13  9  5  1428.19  10512.1  940.113
For row 13 and col 10, pedestal is 196.602
13  10  1  107.052  619.785  90.5007
13  10  2  240.495  1417.77  186.529
13  10  3  441.389  2687.29  346.956
13  10  4  814.027  5352.09  581.735
13  10  5  1579.28  11591.5  1077.63
For row 13 and col 11, pedestal is 211.745
13  11  1  86.8381  482.117  98.2775
13  11  2  166.548  974.27  188.836
13  11  3  342.778  2094.05  372.498
13  11  4  614.543  4035.08  555.49
13  11  5  1135.49  8409.52  937.404
For row 14 and col 0, pedestal is 203.139
14  0  1  53.5898  272.415  67.9044
14  0  2  128.049  798.529  145.186
14  0  3  314.081  2001.19  330.482
14  0  4  730.933  5216.54  670.634
14  0  5  1817.46  16164.9  1458.34
For row 14 and col 1, pedestal is 226.735
14  1  1  97.459  565.346  80.8234
14  1  2  178.089  1132.74  151.148
14  1  3  468.05  3050.14  335.952
14  1  4  543.444  3935.25  390.614
14  1  5  1668.52  15048.3  964.071
For row 14 and col 2, pedestal is 189.345
14  2  1  122.361  723.73  81.6019
14  2  2  232.937  1518.95  146.541
14  2  3  734.327  4830.32  337.905
14  2  4  835.176  6113.72  418.546
14  2  5  2119.07  19215.2  873.342
For row 14 and col 3, pedestal is 211.953
14  3  1  67.212  339.71  110.896
14  3  2  139.435  815.058  216.842
14  3  3  133.3  840.169  215.798
14  3  4  630.585  3949.09  844.86
14  3  5  2138.71  14947.8  2233.27
For row 14 and col 4, pedestal is 185.783
14  4  1  69.7288  447.579  62.0107
14  4  2  157.077  988.628  141.813
14  4  3  281.332  1978.91  251.99
14  4  4  813.093  5272.85  660.843
14  4  5  3354.8  24374.7  1489.72
For row 14 and col 5, pedestal is 217.606
14  5  1  112.8  686.952  76.2779
14  5  2  184.109  1119.98  124.064
14  5  3  388.394  2704.18  257.9
14  5  4  1324.26  8685.15  781.841
For row 14 and col 6, pedestal is 180.75
14  6  1  140.039  659.847  107.266
14  6  2  205.188  1304.55  213.84
14  6  3  343.096  2474.57  340.051
14  6  4  606.369  5762.23  618.643
14  6  5  1929.32  15674  1324.85
For row 14 and col 7, pedestal is 228.438
14  7  1  98.1304  601.654  143.824
14  7  2  171.646  1087.68  214.629
14  7  3  371.659  2770.65  376.793
14  7  4  451.539  4362.27  593.602
14  7  5  1693.56  13800.5  1261.83
For row 14 and col 8, pedestal is 201.37
14  8  1  155.528  1014.06  177.723
14  8  2  191.241  1310.58  222.543
14  8  3  483.067  3586.84  508.786
14  8  4  772.912  7197.11  903.504
14  8  5  2080.17  16261.3  1624.08
For row 14 and col 9, pedestal is 212.953
14  9  1  53.8157  337.215  103.738
14  9  2  154.922  941.716  251.693
14  9  3  243.54  1506.92  355.481
14  9  4  466.229  3076.06  546.761
14  9  5  896.399  6670.67  866.561
For row 14 and col 10, pedestal is 238.248
14  10  1  130.874  794.662  63.0195
14  10  2  279.176  1717.74  126.01
14  10  3  618.12  3926.96  262.955
14  10  4  979.344  6706.92  340.345
14  10  5  2074.43  15882.2  650.583
For row 14 and col 11, pedestal is 210.143
14  11  1  153.234  916.653  85.9576
14  11  2  327.003  1971.68  173.242
14  11  3  609.655  3860.31  320.627
14  11  4  1219.48  8298.05  566.881
14  11  5  2526.04  19202.6  1037.24
For row 15 and col 0, pedestal is 232.298
15  0  1  142.2  806.466  72.6628
15  0  2  329.767  1978  153.741
15  0  3  894.062  5585.11  329.468
15  0  4  1504.95  10409.1  465.058
15  0  5  2788.72  23925.3  902.22
For row 15 and col 1, pedestal is 199.928
15  1  1  41.9182  194.619  43.8455
15  1  2  139.122  828.096  135.22
15  1  3  514.08  3221.42  390.578
15  1  4  702.834  4900.8  510.855
15  1  5  1656.4  14457.6  1063.93
For row 15 and col 2, pedestal is 221.261
15  2  1  125.569  710.318  98.7206
15  2  2  262.535  1622.97  197.856
15  2  3  707.912  4412.64  447.561
15  2  4  1110.25  7665.1  723.989
15  2  5  2934.55  25289.4  1418.46
For row 15 and col 3, pedestal is 174.463
15  3  1  115.149  633.872  98.784
15  3  2  301.456  1720.25  225.479
15  3  3  19.2068  108.043  25.469
15  3  4  1331.04  8137.83  854.987
15  3  5  3793.34  26127.9  1633.43
For row 15 and col 4, pedestal is 212.147
15  4  1  84.6033  498.374  83.5994
15  4  2  154.548  982.742  109.864
15  4  3  421.314  2904.47  312.574
15  4  4  1075.5  7083.31  681.753
15  4  5  3851.21  30437.6  22247
For row 15 and col 5, pedestal is 180.402
15  5  1  96.9271  651.594  172.746
15  5  2  149.636  996.502  141.098
15  5  3  407.346  2906.73  341.424
15  5  4  1384.49  9393.87  883.156
15  5  5  3821.14  29554.3  1477.55
For row 15 and col 6, pedestal is 219.564
15  6  1  208.264  1229.27  124.146
15  6  2  296.766  1721.13  171.884
15  6  3  824.24  5329.77  406.742
15  6  4  1247.96  10311.7  669.222
For row 15 and col 7, pedestal is 224.021
15  7  1  155.039  982.475  140.093
15  7  2  190.843  1288.1  185.204
15  7  3  406.66  3204.22  368.988
15  7  4  686.336  6572.35  645.271
15  7  5  1353.11  10761.4  1027.22
For row 15 and col 8, pedestal is 175.268
15  8  1  108.042  619.473  182.363
15  8  2  118.783  721.791  228.406
15  8  3  364.886  2582.08  588.327
15  8  4  473.821  4173.37  835.123
15  8  5  1269.47  9545.04  1615.19
For row 15 and col 9, pedestal is 189.331
15  9  1  70.6302  382.111  105.927
15  9  2  130.68  733.346  193.089
15  9  3  260.149  1544.32  334.301
15  9  4  548.439  3523.37  581.143
15  9  5  1168.73  8509.26  1098.99
For row 15 and col 10, pedestal is 184.259
15  10  1  54.9644  309.058  73.7316
15  10  2  131.664  786.569  176.051
15  10  3  259.83  1593.21  350.037
15  10  4  307.74  2031.39  377.125
15  10  5  931.114  6827.17  1018.24
For row 15 and col 11, pedestal is 205.801
15  11  1  60.6848  334.969  63.0476
15  11  2  169.265  983.517  160.933
15  11  3  316.37  1930.6  289.963
15  11  4  617.421  4052.71  523.918
15  11  5  1125.82  8354.11  896.75
For row 16 and col 0, pedestal is 181.583
16  0  1  14.7037  69.4426  24.8058
16  0  2  166.61  1007.68  186.856
16  0  3  406.237  2538.98  380.287
16  0  4  672.619  4670.17  603.377
16  0  5  1681.26  14569.6  1349.19
For row 16 and col 1, pedestal is 217.468
16  1  1  88.6448  477.757  73.872
16  1  2  250.907  1543.29  195.067
16  1  3  630.577  3936.6  391.321
16  1  4  962.235  6735.08  548.821
16  1  5  2879.95  25338.7  904.102
For row 16 and col 2, pedestal is 208.525
16  2  1  62.6849  324.247  115.285
16  2  2  128.702  775.043  217.115
16  2  3  353.966  2248.86  504.634
16  2  4  375.541  2647  537.164
16  2  5  781.24  6936.8  1204.57
For row 16 and col 3, pedestal is 203.139
16  3  1  74.0077  396.501  102.469
16  3  2  151.205  876.618  208.898
16  3  3  224.791  1457.08  294.3
16  3  4  865.494  5346.85  873.736
16  3  5  2289.73  15749.3  2042.26
For row 16 and col 4, pedestal is 228.99
16  4  1  70.3875  481.485  129.754
16  4  2  95.0542  664.795  112.322
16  4  3  234.617  1710.32  256.855
16  4  4  938.56  6126.3  783.258
16  4  5  2547.06  18639.5  1680.55
For row 16 and col 5, pedestal is 193.663
16  5  1  21.2717  44.7089  165.52
16  5  2  289.577  1637.18  146.966
16  5  3  604.122  3738.84  278.855
16  5  4  77.1654  458.85  64.582
For row 16 and col 6, pedestal is 189.901
16  6  1  163.429  808.242  194.327
16  6  2  200.26  1356.18  222.264
16  6  3  483.496  3565.41  489.437
16  6  4  555.883  5360.76  603.016
16  6  5  1835.75  14792.8  1354.09
For row 16 and col 7, pedestal is 220.884
16  7  1  102.393  584.961  97.2003
16  7  2  150.925  1049.12  110.216
16  7  3  300.165  2300.82  311.988
16  7  4  475.139  4605.2  460.682
16  7  5  1848.32  14910.3  1242.15
For row 16 and col 8, pedestal is 190.853
16  8  1  235.908  1376.96  130.532
16  8  2  376.616  2387  217.493
16  8  3  885.597  6175.96  459.252
16  8  4  1103.31  9778.49  636.557
16  8  5  3418.44  25379.2  1224.7
For row 16 and col 9, pedestal is 217.402
16  9  1  70.4422  367.149  80.0917
16  9  2  155.012  912.106  159.05
16  9  3  314.438  1986.63  294.297
16  9  4  555.69  3710.18  407.07
16  9  5  1120.46  8345.26  681.679
For row 16 and col 10, pedestal is 211.883
16  10  1  152.091  884.851  110.456
16  10  2  369.044  2224.94  253.051
16  10  3  611.977  3802.47  386.163
16  10  4  1014.98  6677  588.089
16  10  5  1833.24  13520.7  1021.57
For row 16 and col 11, pedestal is 207.416
16  11  1  32.5607  163.528  86.0333
16  11  2  67.1581  384.446  153.302
16  11  3  123.37  728.148  214.357
16  11  4  273.63  1778.39  300.702
16  11  5  442.642  3240.05  572.889
For row 17 and col 0, pedestal is 192.173
17  0  1  69.9815  348.557  83.8917
17  0  2  168.824  979.749  191.616
17  0  3  436.049  2629.93  453.735
17  0  4  684.703  4596.35  687.961
17  0  5  1563.42  13227.4  1495
For row 17 and col 1, pedestal is 200.311
17  1  1  9.35607  57.5579  355.966
17  1  2  54.9083  370.457  139.965
17  1  3  10.6292  82.5925  70.2437
17  1  4  229.636  1603.67  451.413
17  1  5  661.519  5726.07  1009.11
For row 17 and col 2, pedestal is 198.789
17  2  1  188.375  1064.41  93.5435
17  2  2  444.773  2759.21  215.752
17  2  3  1049.2  6697.57  430.433
17  2  4  1373.69  9721.21  591.299
17  2  5  3939.8  34976.5  3337.49
For row 17 and col 3, pedestal is 225.458
17  3  1  73.9164  406.685  87.9665
17  3  2  145.209  847.157  158.13
17  3  3  246.317  1586.92  270.392
17  3  4  888.001  5368.3  842.493
17  3  5  2834.4  19081.9  2199.86
For row 17 and col 4, pedestal is 210.019
17  4  1  114.831  597.746  102.175
17  4  2  209.526  1325.96  174.783
17  4  3  345.94  2428.25  297.649
17  4  4  849.961  5617.74  619.474
17  4  5  3832  29826.7  7052.62
For row 17 and col 5, pedestal is 175.239
17  5  1  276.179  1405.47  107.49
17  5  2  475.698  2602.89  180.61
17  5  3  951.033  5813.85  310.445
17  5  4  2789.65  16259.5  615.419
For row 17 and col 6, pedestal is 219.848
17  6  1  178.676  814.712  120.402
17  6  2  236.125  1350.54  160.132
17  6  3  555.087  3418.47  328.655
17  6  4  790.221  6441.56  567.806
17  6  5  2454.25  16513.6  1085.81
For row 17 and col 7, pedestal is 231.196
17  7  1  65.8999  404.694  80.3962
17  7  2  93.9064  722.513  114.517
17  7  3  171.143  1358.37  309.679
17  7  4  259.125  2607.28  491.904
17  7  5  745.886  5997.84  1006.87
For row 17 and col 8, pedestal is 214.234
17  8  1  160.188  940.872  94.3376
17  8  2  415.132  2512.97  233.122
17  8  3  955.024  6445.45  441.174
17  8  4  1156.99  9928.04  643.63
For row 17 and col 9, pedestal is 217.923
17  9  1  83.8674  561.159  46.5347
17  9  2  163.929  1051.42  87.5493
17  9  3  416.214  2661.82  158.305
17  9  4  655.31  4491.73  229.96
17  9  5  1774.81  13200.5  567.573
For row 17 and col 10, pedestal is 205.353
17  10  1  125.642  741.277  103.487
17  10  2  267.622  1583.69  210.579
17  10  3  406.332  2483.28  305.112
17  10  4  691.172  4516.31  484.695
17  10  5  1882.84  13683.7  1106.44
For row 17 and col 11, pedestal is 243.116
17  11  1  43.7548  174.862  72.1554
17  11  2  110.29  521.483  179.423
17  11  3  187.955  1089.21  329.451
17  11  4  251.818  1573.57  410.604
17  11  5  536.702  3905.41  843.41
For row 18 and col 0, pedestal is 209.721
18  0  1  54.4932  312.07  37.2454
18  0  2  161.138  966.769  118.067
18  0  3  237.957  1532.7  169.057
18  0  4  1423.32  10260.7  684.824
18  0  5  1364.83  8870.43  798.141
For row 18 and col 1, pedestal is 215.812
18  1  1  10.6626  38.5551  1015.35
18  1  2  17.1814  96.7289  116.562
18  1  3  32.6012  212.285  248.386
18  1  4  117.433  861.013  598.511
18  1  5  153.523  1015.78  881.249
For row 18 and col 2, pedestal is 209.329
18  2  1  102.716  551.751  58.2195
18  2  2  278.761  1616.05  160.015
18  2  3  422.975  2643.67  231.576
18  2  4  2060.6  14480.4  778.778
18  2  5  2431.44  15465.5  921.967
For row 18 and col 3, pedestal is 240.793
18  3  1  65.3795  425.42  78.9712
18  3  2  148.418  1010.17  146.915
18  3  3  362.973  2491.53  249.989
18  3  4  645.855  5017.24  375.539
18  3  5  1517.83  11866.2  674.428
For row 18 and col 4, pedestal is 195.406
18  4  1  144.632  752.112  89.3022
18  4  2  302.101  1685.58  178.41
18  4  3  616.495  3471.45  321.454
18  4  4  1104.06  7137.57  508.637
18  4  5  2737.64  18106.1  950.735
For row 18 and col 5, pedestal is 188.449
18  5  1  108.676  579.427  139.322
18  5  2  220.245  1347.67  233.704
18  5  3  425.423  2710.45  381.523
18  5  4  777.727  5763.16  586.169
18  5  5  1705.7  13036.3  1197.37
For row 18 and col 6, pedestal is 209.094
18  6  1  111.432  691.974  120.723
18  6  2  187.29  1267.5  192.873
18  6  3  375.994  2844.49  366.409
18  6  4  875.596  6715.87  697.7
18  6  5  1196.02  9799.69  945.396
For row 18 and col 7, pedestal is 230.283
18  7  1  137.29  867.361  135.1
18  7  2  229.593  1515.4  197.108
18  7  3  466.004  3450.18  349.833
18  7  4  1179  8923.73  766.527
18  7  5  1782.04  14300.2  1052.32
For row 18 and col 8, pedestal is 239.389
18  8  1  331.962  1960.68  117.139
18  8  2  641.254  3965.91  213.034
18  8  3  1070.99  7354.52  340.32
18  8  4  2413.14  16626.2  657.054
For row 18 and col 9, pedestal is 232.093
18  9  1  76.2445  533.829  87.186
18  9  2  129.946  907.282  123.089
18  9  3  267.676  2027.42  263.285
18  9  4  757.22  5899.42  616.234
18  9  5  1492.91  12120.9  1132.71
For row 18 and col 10, pedestal is 217.647
18  10  1  115.75  804.9  76.2483
18  10  2  150.619  1053.74  89.364
18  10  3  293.295  2206.87  183.731
18  10  4  896.145  6782.24  419.461
18  10  5  2016.12  15939.1  871.221
For row 18 and col 11, pedestal is 183.666
18  11  1  59.2135  382.433  59.8427
18  11  2  62.8446  432.077  59.4462
18  11  3  157.183  1167.03  156.739
18  11  4  508.392  3818.41  380.304
18  11  5  1345.52  10464.8  904.905
For row 19 and col 0, pedestal is 189.69
19  0  1  61.9857  295.87  48.935
19  0  2  160.395  898.782  110.521
19  0  3  273.759  1673.07  163.496
19  0  4  1207.38  8463.61  355.33
19  0  5  1699.39  10818.1  620.413
For row 19 and col 1, pedestal is 220.584
19  1  1  182.951  1014.56  59.6858
19  1  2  435.478  2585.85  148.906
19  1  3  696.021  4479.24  223.597
19  1  4  3571.76  26003.9  589.066
For row 19 and col 2, pedestal is 250.477
19  2  1  80.1578  417.776  72.0893
19  2  2  195.328  1119.81  159.566
19  2  3  268.441  1690.6  217.078
19  2  4  1156.2  8234.89  519.556
19  2  5  1968.77  12773.4  1060.11
For row 19 and col 3, pedestal is 231.275
19  3  1  66.6236  370.748  111.459
19  3  2  137.012  839.015  227.277
19  3  3  241.384  1533.23  386.504
19  3  4  488.485  3549.28  742.896
19  3  5  1014.91  7413.25  1483.95
For row 19 and col 4, pedestal is 203.861
19  4  1  86.1391  473.5  95.2481
19  4  2  167.261  1046.44  188.506
19  4  3  309.999  1987.71  270.206
19  4  4  646.039  4714.73  519.659
19  4  5  1501.35  11204.7  1041.43
For row 19 and col 5, pedestal is 218.483
19  5  1  127.866  663.446  87.0428
19  5  2  277.964  1536.58  174.173
19  5  3  810.87  4550.54  379.501
19  5  4  1280.9  8310.24  591.397
19  5  5  2772.08  18239.6  982.176
For row 19 and col 6, pedestal is 218.891
19  6  1  122.21  659.322  99.211
19  6  2  200.418  1167.72  163.245
19  6  3  385.233  2446.76  275.089
19  6  4  691.502  4485  461.437
19  6  5  1685.62  11662.1  877.218
For row 19 and col 7, pedestal is 238.043
19  7  1  70.987  455.357  81.2362
19  7  2  107.683  726.039  137.317
19  7  3  169.503  1293.02  224.396
19  7  4  511.876  3912.37  665.347
19  7  5  674.833  5436.43  836.659
For row 19 and col 8, pedestal is 207.99
19  8  1  116.539  737.442  122.255
19  8  2  176.777  1142.65  194.06
19  8  3  318.499  2279.79  350.856
19  8  4  700.189  5001.02  691.003
19  8  5  1276.02  9689.93  1191.61
For row 19 and col 9, pedestal is 183.291
19  9  1  109.965  764.602  88.1657
19  9  2  182.794  1266.14  124.276
19  9  3  406.286  3051.31  274.183
19  9  4  1047.8  7931.93  607.039
19  9  5  2622.87  20612.4  1245.37
For row 19 and col 10, pedestal is 199.766
19  10  1  64.2903  449.239  82.5568
19  10  2  130.885  919.094  146.691
19  10  3  270.167  2052.26  305.284
19  10  4  669.021  5184.56  621.287
19  10  5  1351.49  10927.5  1089.59
For row 19 and col 11, pedestal is 195.083
19  11  1  44.2791  260.939  62.6417
19  11  2  62.4648  396.498  82.6259
19  11  3  205.837  1538.37  271.919
19  11  4  524.893  3956.84  553.368
19  11  5  1025.92  8072.98  989.621
For row 20 and col 0, pedestal is 240.561
20  0  1  24.7785  124.328  50.4125
20  0  2  76.1978  444.132  127.438
20  0  3  132.743  838.603  196.398
20  0  4  657.754  4694.09  576.496
20  0  5  629.803  4050.72  690.767
For row 20 and col 1, pedestal is 234.727
20  1  1  70.1611  413.675  57.4959
20  1  2  179.7  1079.56  152.067
20  1  3  328.766  2124.98  247.808
20  1  4  1222.62  8802.09  673.532
20  1  5  1816.34  11884.8  1021.5
For row 20 and col 2, pedestal is 213.256
20  2  1  187.567  1066.15  63.4979
20  2  2  476.071  2766.41  154.211
20  2  3  740.015  4680.12  244.861
20  2  4  2311.83  16366.2  575.274
20  2  5  2278.87  14573.5  635.64
For row 20 and col 3, pedestal is 215.785
20  3  1  52.0033  330.154  101.176
20  3  2  125.945  809.891  206.513
20  3  3  199.742  1260.47  314.298
20  3  4  482.934  3425.35  687.807
20  3  5  858.318  6144.21  1173.08
For row 20 and col 4, pedestal is 171.379
20  4  1  67.8188  363.192  78.5302
20  4  2  23.8766  57.6947  138.144
20  4  3  300.199  1869.51  282.944
20  4  4  517.957  3688.81  456.347
20  4  5  1673.42  12567.9  1090.11
For row 20 and col 5, pedestal is 187.597
20  5  1  249.157  1284.32  90.6667
20  5  2  570.867  3209.65  199.926
20  5  3  1445.29  8350.24  397.605
20  5  4  2417.71  16102.9  578.922
For row 20 and col 6, pedestal is 222.642
20  6  1  159.126  855.363  155.308
20  6  2  256.081  1509.96  203.95
20  6  3  486.383  3372.66  354.516
20  6  4  1006.44  7335.42  678.092
20  6  5  827.015  6522.21  689.469
For row 20 and col 7, pedestal is 194.375
20  7  1  86.5562  540.649  125.415
20  7  2  124.501  845.295  181.67
20  7  3  239.618  1779.23  319.569
20  7  4  524.146  4004.99  576.806
20  7  5  812.537  6650.06  913.581
For row 20 and col 8, pedestal is 214.252
20  8  1  155.551  927.278  148.65
20  8  2  212.051  1331.54  208.36
20  8  3  465.09  3227.29  421.812
20  8  4  815.961  5679.77  650.754
20  8  5  1586.36  11765.3  1172.54
For row 20 and col 9, pedestal is 210.882
20  9  1  69.7227  495.335  74.0663
20  9  2  113.023  818.614  105.104
20  9  3  262.162  2052.13  271.004
20  9  4  457.343  3636.07  405.411
20  9  5  1325.75  10966.9  997.155
For row 20 and col 10, pedestal is 224.863
20  10  1  46.0214  298.093  79.4057
20  10  2  96.7878  635.815  131.841
20  10  3  191.86  1412.14  268.758
20  10  4  321.288  2426.05  347.354
20  10  5  1142.95  9099.05  820.24
For row 20 and col 11, pedestal is 210.486
20  11  1  55.4166  382.719  87.5954
20  11  2  68.5641  496.065  95.2536
20  11  3  213.9  1630.98  240.723
20  11  4  600.179  4644.68  396.784
20  11  5  1317.82  10590.6  758.895
For row 21 and col 0, pedestal is 221.093
21  0  1  35.1159  195.964  41.2583
21  0  2  78.7108  532.125  120.389
21  0  3  154.213  1046.59  209.467
21  0  4  563.41  4172.04  577.422
21  0  5  783.554  5206.71  835.376
For row 21 and col 1, pedestal is 294.041
21  1  1  98.0863  552.524  53.1242
21  1  2  260.85  1557.36  136.511
21  1  3  507.787  3233.64  241.533
21  1  4  2077.28  14795.5  518.38
21  1  5  2123.06  13742.4  739.49
For row 21 and col 2, pedestal is 214.026
21  2  1  170.772  1012.66  59.6128
21  2  2  421.879  2540.86  146.364
21  2  3  753.374  4894.73  238.733
21  2  4  2639.47  19099.6  606.656
21  2  5  3385.33  22437.6  771.725
For row 21 and col 3, pedestal is 254.262
21  3  1  182.523  1044.61  109.605
21  3  2  353.459  2158.63  197.582
21  3  3  732.982  4523.43  374.157
21  3  4  1399.03  9832.59  627.072
21  3  5  3122.38  22452.6  1164.35
For row 21 and col 4, pedestal is 205.353
21  4  1  111.966  649.873  91.5963
21  4  2  216.01  1424.16  163.68
21  4  3  519.686  3465.08  360.671
21  4  4  904.214  6935.45  591.585
21  4  5  2554.61  19780.5  1202.9
For row 21 and col 5, pedestal is 187.208
21  5  1  123.623  658.217  65.8327
21  5  2  296.547  1674.46  144.221
21  5  3  699.925  4032.91  310.382
21  5  4  1400.61  9258.99  550.964
21  5  5  2894.4  19511.1  869.229
For row 21 and col 6, pedestal is 240.528
21  6  1  208.806  1082.95  113.49
21  6  2  303.009  1726.82  158.125
21  6  3  673.804  4248.59  318.417
21  6  4  1321.03  8506.52  567.955
21  6  5  2123.92  14561.7  836.241
For row 21 and col 7, pedestal is 247.535
21  7  1  130.729  874.65  98.2212
21  7  2  153.908  1100.4  121.242
21  7  3  212.236  1617.94  174.882
21  7  4  685.769  5238.21  532.087
21  7  5  1343.01  10771.6  828.816
For row 21 and col 8, pedestal is 239.918
21  8  1  131.884  796.758  154.993
21  8  2  190.666  1208.07  223.57
21  8  3  379.117  2627.67  396.86
21  8  4  369.094  2530.16  402.695
21  8  5  891.138  6504.72  838.105
For row 21 and col 9, pedestal is 248.411
21  9  1  77.7703  553.595  86.7503
21  9  2  135.296  930.294  127.66
21  9  3  317.697  2372.97  307.58
21  9  4  844.382  6352.11  624.205
21  9  5  1841.16  14451.3  1072.37
For row 21 and col 10, pedestal is 234.653
21  10  1  83.3352  581.057  84.3952
21  10  2  135.548  947.45  112.647
21  10  3  290.431  2214.45  241.607
21  10  4  665.216  5131.72  439.129
21  10  5  1122.96  9027.52  673.837
For row 21 and col 11, pedestal is 219.78
21  11  1  121.447  873.07  79.1015
21  11  2  236.719  1676.15  135.482
21  11  3  379.419  2883.19  217.741
21  11  4  962.083  7387.85  401.682
21  11  5  2594.61  20787.2  925.109
For row 22 and col 0, pedestal is 267.345
22  0  1  17.489  88.4748  130.029
22  0  2  26.0422  160.63  88.6978
22  0  3  59.2086  375.85  173.414
22  0  4  251.46  1771.5  487.99
22  0  5  290.255  1842.63  696.007
For row 22 and col 1, pedestal is 224.555
22  1  1  35.5419  220.731  35.0101
22  1  2  97.798  627.358  85.5727
22  1  3  279.52  1860.62  224.344
22  1  4  818.779  6072.48  554.542
22  1  5  1305.65  8794.71  788.219
For row 22 and col 2, pedestal is 245.652
22  2  1  80.029  451.686  45.1033
22  2  2  162.149  984.804  83.4987
22  2  3  467.609  2973.5  201.372
22  2  4  1423.38  10151.5  427.922
22  2  5  2074.42  13388.4  561.681
For row 22 and col 3, pedestal is 254.249
22  3  1  166.099  962.956  111.816
22  3  2  345.808  2135.26  204.783
22  3  3  660.121  4143.69  382.247
22  3  4  1388.1  9893.94  710.815
22  3  5  3015.27  21692.1  1186.01
For row 22 and col 4, pedestal is 217.558
22  4  1  109.727  546.66  78.2813
22  4  2  220.005  1354.3  208.856
22  4  3  526.244  3413.95  423.076
22  4  4  837.111  6215.43  634.096
22  4  5  2290.13  17256.2  1215.6
For row 22 and col 5, pedestal is 231.019
22  5  1  202.78  1057.57  96.3831
22  5  2  355.038  1940.32  151.612
22  5  3  1040.56  5863.09  369.492
22  5  4  1449.83  9364.49  492.497
22  5  5  3813.87  25761.3  1231.74
For row 22 and col 6, pedestal is 250.572
22  6  1  125.421  730.701  88.8772
22  6  2  212.026  1412.22  167.629
22  6  3  472.317  3485.41  335.013
22  6  4  728.791  5458.3  560.846
22  6  5  1436.01  11401.4  953.383
For row 22 and col 7, pedestal is 246.371
22  7  1  91.5093  691.285  83.1226
22  7  2  125.075  1021.19  112.499
22  7  3  319.131  2531.38  273.928
22  7  4  711.281  5459.11  601.119
22  7  5  1079.73  8610.21  856.056
For row 22 and col 8, pedestal is 236.322
22  8  1  183.065  1120.56  113.358
22  8  2  291.825  1872.66  178.179
22  8  3  486.263  3390.55  292.074
22  8  4  1303.63  9025.61  601.853
22  8  5  1984.63  14562.7  714.832
For row 22 and col 9, pedestal is 208.155
22  9  1  63.4947  431.784  60.4078
22  9  2  110.522  766.603  75.7423
22  9  3  191.734  1441.74  132.884
22  9  4  634.052  4808.03  341.855
22  9  5  1627.37  12828.4  821.269
For row 22 and col 10, pedestal is 229.834
22  10  1  36.637  253.105  66.0913
22  10  2  68.4972  466.198  99.1583
22  10  3  108.133  816.987  168.203
22  10  4  357.5  2729.88  439.994
22  10  5  925.478  7353.34  924.258
For row 22 and col 11, pedestal is 223.786
22  11  1  74.0258  492.07  61.4466
22  11  2  185.044  1310.41  127.421
22  11  3  362.673  2769.38  241.746
22  11  4  840.414  6499.83  472.667
22  11  5  1635.15  13156.3  810.989
For row 23 and col 0, pedestal is 232
23  0  1  46.6907  212.367  58.5093
23  0  2  137.751  782.954  110.057
23  0  3  216.121  1364.66  153.974
23  0  4  971.249  7056.67  302.737
23  0  5  1579.78  10466.7  483.851
For row 23 and col 1, pedestal is 202.495
23  1  1  25.1409  113.511  57.2124
23  1  2  54.9435  330.638  145.401
23  1  3  118.849  744.702  288.771
23  1  4  442.504  3249.79  692.534
23  1  5  385.152  2573.86  821.215
For row 23 and col 2, pedestal is 226.987
23  2  1  33.7125  139.525  115.898
23  2  2  114.647  674.106  139.736
23  2  3  213.322  1353.19  210.951
23  2  4  751.518  5408.88  437.454
23  2  5  908.335  5912.81  588.308
For row 23 and col 3, pedestal is 238.525
23  3  1  61.6459  306.855  153.101
23  3  2  105.605  609.896  200.169
23  3  3  180.004  1041.73  296.679
23  3  4  423.718  2892.54  570.639
23  3  5  1014.14  7065.21  1211.08
For row 23 and col 4, pedestal is 231.136
23  4  1  123.479  761.18  116.872
23  4  2  251.368  1622.75  216.002
23  4  3  529.403  3526.5  403.51
23  4  4  1164.13  8701.83  707.606
23  4  5  2989.26  22903.6  1102.04
For row 23 and col 5, pedestal is 232.659
23  5  1  131.899  636.024  77.3274
23  5  2  359.404  1973.78  196.314
23  5  3  801.542  4617.1  378.721
23  5  4  1201.8  7892.49  533.198
23  5  5  3834.34  27752.4  27367.8
For row 23 and col 6, pedestal is 226.294
23  6  1  120.57  665.779  180.922
23  6  2  158.476  1015.17  207.27
23  6  3  204.283  1459.13  272.623
23  6  4  576.598  4257.89  562.272
23  6  5  918.095  7200.55  919.633
For row 23 and col 7, pedestal is 191.287
23  7  1  110.232  605.266  89.1067
23  7  2  136.417  1003  165.517
23  7  3  304.596  2433.76  338.25
23  7  4  528.211  4207.23  569.38
23  7  5  900.54  7456.72  925.568
For row 23 and col 8, pedestal is 215.199
23  8  1  165.185  1008.88  114.201
23  8  2  314.646  2009.58  207.441
23  8  3  559.22  3937.38  356.087
23  8  4  1050.84  7378.81  596.041
23  8  5  2041.96  15197.5  1038.12
For row 23 and col 9, pedestal is 195.188
23  9  1  69.8219  542.011  63.1794
23  9  2  151.008  1091.21  112.693
23  9  3  293.438  2258.1  234.746
23  9  4  721.135  5568.63  501.37
23  9  5  1936.28  15424  1129
For row 23 and col 10, pedestal is 197.213
23  10  1  67.05  522.791  67.035
23  10  2  145.238  1007.35  117.188
23  10  3  300.53  2310.46  258.629
23  10  4  805.426  6169.15  532.81
23  10  5  1666.71  13302.4  1002.96
For row 23 and col 11, pedestal is 249.023
23  11  1  56.0089  395.23  67.2281
23  11  2  99.4618  696.837  100.608
23  11  3  176.943  1341.88  172.303
23  11  4  502.28  3881.02  437.701
23  11  5  1120.08  8977  870.021
