#All information for run 1198.
#Row Col LED <Max> <Int> NPE
For row 0 and col 0, pedestal is 236.35
0  0  1  8.37643  11.0415  46.7421
0  0  2  8.50981  26.4932  50.424
0  0  3  10.4015  48.967  82.031
0  0  4  18.5415  115.227  241.643
0  0  5  36.0685  326.566  571.018
For row 0 and col 1, pedestal is 192.056
0  1  1  6.18753  6.58236  30.0159
0  1  2  7.31857  22.5107  44.0925
0  1  3  14.2118  65.8427  100.755
0  1  4  17.8281  94.7002  176.202
0  1  5  19.4587  154.208  251.114
For row 0 and col 2, pedestal is 211.65
0  2  1  6.12241  15.5063  26.3478
0  2  2  7.98005  28.9539  33.6861
0  2  3  7.91457  42.0688  31.4909
0  2  4  11.7433  89.5393  116.706
0  2  5  24.4692  226.429  405.778
For row 0 and col 3, pedestal is 214.872
0  3  1  8.46546  28.8447  51.2354
0  3  2  10.7159  59.6018  76.0095
0  3  3  14.5702  76.9405  152.053
0  3  4  38.6195  224.678  523.495
0  3  5  88.5575  609.413  1222.93
For row 0 and col 4, pedestal is 229.969
0  4  1  27.9754  68.6689  91.8181
0  4  2  24.8262  111.694  116.23
0  4  3  45.2358  293.318  207.034
0  4  4  152.902  1031.06  547.344
0  4  5  398.721  2933.51  1551.68
For row 0 and col 5, pedestal is 206.577
0  5  1  34.1351  211.564  174.224
0  5  2  53.117  374.665  134.55
0  5  3  99.0383  741.453  265.862
0  5  4  269.93  1779.15  576.07
0  5  5  960.908  7069.1  1653.81
For row 0 and col 6, pedestal is 202.2
0  6  1  37.7511  202.175  98.0395
0  6  2  43.0818  278.694  122.046
0  6  3  70.584  469.604  278.923
0  6  4  118.311  1016.22  550.046
0  6  5  320.36  2587.82  1148.26
For row 0 and col 7, pedestal is 192.842
0  7  1  26.0292  93.3593  125.431
0  7  2  30.0492  99.7021  94.9706
0  7  3  50.2762  295.41  149.347
0  7  4  67.6456  522.172  232.034
0  7  5  231.953  1721.07  804.306
For row 0 and col 8, pedestal is 232.845
0  8  1  13.9016  13.5394  63.892
0  8  2  12.7783  19.6104  82.304
0  8  3  14.9364  72.6542  140.887
0  8  4  18.5291  117.838  314.373
0  8  5  39.452  318.45  559.856
For row 0 and col 9, pedestal is 231.598
0  9  1  7.55134  25.3986  57.2692
0  9  2  8.95323  50.1869  61.0768
0  9  3  11.6932  66.766  100.269
0  9  4  14.257  101.737  106.817
0  9  5  24.8829  220.798  428.741
For row 0 and col 10, pedestal is 213.134
0  10  1  10.4789  22.0137  82.9542
0  10  2  10.4044  42.4306  66.3257
0  10  3  9.20287  49.7224  104.593
0  10  4  14.2098  96.9237  147.047
0  10  5  23.9225  184.231  258.565
For row 0 and col 11, pedestal is 181.442
0  11  1  8.85805  19.6403  53.7509
0  11  2  11.5841  31.0178  77.1351
0  11  3  12.765  50.6712  109.65
0  11  4  21.8531  104.737  219.073
0  11  5  28.1452  165.39  235.475
For row 1 and col 0, pedestal is 168.276
1  0  1  7.07312  3.53409  38.3746
1  0  2  7.33169  19.3576  40.8076
1  0  3  11.3451  66.0422  62.5453
1  0  4  20.7821  137.453  152.485
1  0  5  58.141  506.172  548.337
For row 1 and col 1, pedestal is 199.194
1  1  1  7.75891  3.79854  50.4599
1  1  2  8.49705  23.6021  57.3047
1  1  3  9.07343  47.2386  78.8407
1  1  4  17.9109  134.13  217.985
1  1  5  34.7126  289.861  426.205
For row 1 and col 2, pedestal is 212.924
1  2  1  6.52446  13.1696  38.5243
1  2  2  8.251  26.2049  32.9854
1  2  3  10.0435  57.5284  117.508
1  2  4  16.1652  117.832  199.181
1  2  5  31.2185  270.319  584.376
For row 1 and col 3, pedestal is 194.958
1  3  1  6.50504  16.086  32.4026
1  3  2  7.64068  23.3731  44.8425
1  3  3  8.57201  46.5069  66.9301
1  3  4  23.2983  149.756  261.63
1  3  5  49.93  347.117  893.534
For row 1 and col 4, pedestal is 203.144
1  4  1  18.1848  92.7328  95.9403
1  4  2  95.5235  589.888  160.551
1  4  3  149.072  966.193  253.978
1  4  4  605.627  3584.74  770.391
1  4  5  1670.4  11147.8  1949.22
For row 1 and col 5, pedestal is 202.967
1  5  1  18.6257  105.54  172.328
1  5  2  30.3884  190.269  152.232
1  5  3  54.8904  392.6  299.189
1  5  4  151.676  948.985  701.952
1  5  5  453.487  3305.66  1765.77
For row 1 and col 6, pedestal is 148.115
1  6  1  85.5187  423.252  133.966
1  6  2  120.32  661.448  204.028
1  6  3  248.408  1618.27  438.059
1  6  4  408.163  3423  766.501
1  6  5  1230.46  8667.38  1387.75
For row 1 and col 7, pedestal is 194.952
1  7  1  37.537  226.051  96.2111
1  7  2  65.3674  442.272  142.121
1  7  3  130.544  912.701  281.981
1  7  4  196.812  1882.66  635.412
1  7  5  612.564  4781.16  1270.07
For row 1 and col 8, pedestal is 224.706
1  8  1  8.58411  15.2478  95.1674
1  8  2  9.94058  23.4625  78.3905
1  8  3  12.8667  71.4003  148.914
1  8  4  18.4178  133.126  313.55
1  8  5  45.4625  352.9  870.135
For row 1 and col 9, pedestal is 213.307
1  9  1  7.70967  21.7046  26.2907
1  9  2  9.98729  42.8101  81.3376
1  9  3  8.73491  46.9238  58.5923
1  9  4  17.0124  97.82  106.054
1  9  5  27.0769  203.28  277.088
For row 1 and col 10, pedestal is 195.416
1  10  1  7.04759  25.385  54.3219
1  10  2  7.63299  41.9282  75.0031
1  10  3  8.24838  60.5215  63.639
1  10  4  17.4355  125.229  176.814
1  10  5  31.7443  239.277  467.496
For row 1 and col 11, pedestal is 209.71
1  11  1  5.61046  19.8861  52.8854
1  11  2  6.12465  23.8023  44.2586
1  11  3  6.85863  42.1173  37.1465
1  11  4  9.99705  81.721  99.3045
1  11  5  22.0201  153.06  266.661
For row 2 and col 0, pedestal is 200.301
2  0  1  6.896  -7.55105  26.035
2  0  2  7.12727  4.22864  52.0855
2  0  3  7.77926  16.6612  59.0735
2  0  4  14.5667  67.0169  145.836
2  0  5  33.631  227.937  367.662
For row 2 and col 1, pedestal is 224.903
2  1  1  7.02776  10.5929  28.4151
2  1  2  8.7415  22.6166  51.4479
2  1  3  11.2932  58.1674  145.937
2  1  4  12.7126  77.1985  149.683
2  1  5  30.3683  274.446  467.207
For row 2 and col 2, pedestal is 187.307
2  2  1  7.66833  19.7843  37.8501
2  2  2  7.70351  34.9782  57.9726
2  2  3  12.6534  91.5098  109.024
2  2  4  15.3952  123.204  130.215
2  2  5  36.7815  351.768  399.023
For row 2 and col 3, pedestal is 210.423
2  3  1  8.0877  7.21143  30.9264
2  3  2  7.43497  13.7181  61.3476
2  3  3  7.3142  16.2464  48.408
2  3  4  10.7008  75.2742  149.836
2  3  5  37.1743  270.82  858.011
For row 2 and col 4, pedestal is 182.985
2  4  1  29.5943  148.551  122.625
2  4  2  35.9744  291.889  107.047
2  4  3  75.4455  554.6  283.072
2  4  4  216.758  1458.16  661.503
2  4  5  873.091  6435.74  1912.7
For row 2 and col 5, pedestal is 216.257
2  5  1  33.3099  193.464  83.3707
2  5  2  53.5358  309.523  114.56
2  5  3  109.053  747.974  262.723
2  5  4  365.643  2405.99  775.719
2  5  5  1108.45  8188.14  1942.98
For row 2 and col 6, pedestal is 179.63
2  6  1  57.2304  191.645  79.7735
2  6  2  57.7289  363.706  151.947
2  6  3  95.458  678.536  330.132
2  6  4  162.09  1600.71  464.976
2  6  5  525.781  4295  1126.24
For row 2 and col 7, pedestal is 227.057
2  7  1  34.9093  191.766  151.938
2  7  2  48.0913  330.29  161.754
2  7  3  97.4907  756.923  345.106
2  7  4  113.583  1219.86  537.945
2  7  5  447.141  3701.13  1291.85
For row 2 and col 8, pedestal is 201
2  8  1  7.61231  36.6742  69.2336
2  8  2  8.85284  43.3808  75.5544
2  8  3  14.1357  88.3784  84.4009
2  8  4  22.0424  165.457  207.851
2  8  5  43.1963  348.354  887.837
For row 2 and col 9, pedestal is 211.665
2  9  1  12.8839  31.3755  34.1832
2  9  2  10.4866  36.7105  92.7733
2  9  3  8.24242  40.9569  94.7311
2  9  4  10.2975  74.4503  103.573
2  9  5  14.3871  127.763  189.712
For row 2 and col 10, pedestal is 236.29
2  10  1  8.01643  25.7227  32.2193
2  10  2  9.90092  42.972  62.9822
2  10  3  10.9569  74.1941  85.5076
2  10  4  15.9712  119.502  179.015
2  10  5  33.4347  272.979  344.643
For row 2 and col 11, pedestal is 208.06
2  11  1  9.17929  29.9163  58.3187
2  11  2  8.65451  38.9789  42.3875
2  11  3  9.21582  62.1717  84.172
2  11  4  15.9704  123.504  200.556
2  11  5  29.2763  261.615  361.169
For row 3 and col 0, pedestal is 230.632
3  0  1  9.08906  6.55334  69.5311
3  0  2  9.08347  31.9216  89.9064
3  0  3  11.7005  86.9363  76.729
3  0  4  20.6358  172.112  180.37
3  0  5  40.8824  386.954  455.624
For row 3 and col 1, pedestal is 199.704
3  1  1  10.205  7.7663  20.7443
3  1  2  11.2947  26.5086  30.4832
3  1  3  10.0766  64.0094  91.1573
3  1  4  11.6507  99.0867  151.16
3  1  5  24.1134  251.947  370.801
For row 3 and col 2, pedestal is 218.336
3  2  1  5.32702  9.49547  66.8356
3  2  2  8.95412  25.7556  54.8041
3  2  3  10.8493  64.851  78.3217
3  2  4  17.2845  117.669  209.761
3  2  5  44.1991  359.319  864.962
For row 3 and col 3, pedestal is 173.448
3  3  1  7.26106  22.0492  35.9731
3  3  2  11.7159  41.1434  81.8491
3  3  3  5.4009  10.4235  32.8907
3  3  4  25.7298  169.038  453.031
3  3  5  68.582  506.436  1748.54
For row 3 and col 4, pedestal is 209.682
3  4  1  38.3161  139.419  89.6084
3  4  2  45.3039  275.352  158.302
3  4  3  117.207  821.395  237.453
3  4  4  291.399  1966.7  746.689
3  4  5  1078.11  8125.26  1924.77
For row 3 and col 5, pedestal is 179.308
3  5  1  45.6461  219.136  274.39
3  5  2  56.1642  310.778  346.102
3  5  3  116.416  838.137  345.596
3  5  4  397.697  2677.65  1003.76
3  5  5  1030.56  7881.93  2233.34
For row 3 and col 6, pedestal is 217.912
3  6  1  59.0191  338.306  119.918
3  6  2  75.5084  470.41  185.714
3  6  3  202.315  1371.12  418.116
3  6  4  307.783  2667  715.322
3  6  5  1039.2  7320.15  1373.97
For row 3 and col 7, pedestal is 222.22
3  7  1  61.4584  327.362  51.726
3  7  2  66.4112  416.481  102.099
3  7  3  129.016  952.703  311.896
3  7  4  200.287  1904.49  848.394
3  7  5  391.173  3040.83  878.254
For row 3 and col 8, pedestal is 172.97
3  8  1  9.71818  10.377  66.0576
3  8  2  7.85903  12.0936  55.6995
3  8  3  13.674  45.2704  110.153
3  8  4  14.6824  82.6279  177.981
3  8  5  30.5429  186.345  509.798
For row 3 and col 9, pedestal is 187.725
3  9  1  9.72656  23.2387  68.3399
3  9  2  11.0177  27.7917  26.0521
3  9  3  11.1014  42.6248  50.567
3  9  4  16.9976  86.8421  110.976
3  9  5  25.1649  183.048  290.071
For row 3 and col 10, pedestal is 183.712
3  10  1  12.7133  19.1674  43.7609
3  10  2  12.2274  12.7808  31.6206
3  10  3  8.58505  25.4596  67.6716
3  10  4  11.4139  28.4406  115.939
3  10  5  14.0956  98.0377  161.146
For row 3 and col 11, pedestal is 205.402
3  11  1  6.40696  18.8019  64.1722
3  11  2  9.0686  30.7001  43.7699
3  11  3  8.44963  40.8814  84.5063
3  11  4  11.8022  79.1117  135.081
3  11  5  17.5891  146.018  418.44
For row 4 and col 0, pedestal is 181.239
4  0  1  5.6469  22.3279  40.9283
4  0  2  8.26328  47.5382  35.9711
4  0  3  9.6014  76.9006  78.4048
4  0  4  13.8968  123.598  140.648
4  0  5  35.7119  325.976  451.798
For row 4 and col 1, pedestal is 215.875
4  1  1  7.31522  21.7897  87.7305
4  1  2  8.11723  39.4304  72.9016
4  1  3  11.4552  74.5808  101.67
4  1  4  17.2804  113.813  204.441
4  1  5  41.5434  360.512  583.739
For row 4 and col 2, pedestal is 209.675
4  2  1  10.404  12.6825  129.42
4  2  2  9.62541  24.4736  70.1521
4  2  3  14.3354  47.0704  202.867
4  2  4  14.5528  58.0717  185.033
4  2  5  17.2485  138.469  292.975
For row 4 and col 3, pedestal is 202.145
4  3  1  7.43802  4.23232  60.4353
4  3  2  8.196  15.9512  72.555
4  3  3  8.5882  31.8467  110.242
4  3  4  16.0081  92.5998  209.265
4  3  5  40.2984  281.62  921.5
For row 4 and col 4, pedestal is 227.958
4  4  1  34.2563  162.586  285.537
4  4  2  34.1262  222.352  409.48
4  4  3  64.9671  496.135  239.574
4  4  4  250.038  1679.87  678.329
4  4  5  666.398  4948.03  1858.75
For row 4 and col 5, pedestal is 192.356
4  5  1  22.1503  27.3393  144.507
4  5  2  82.116  487.974  158.45
4  5  3  164.693  1050.47  294.667
4  5  4  35.869  148.36  141.721
4  5  5  1262.65  8417.44  1851.69
For row 4 and col 6, pedestal is 188.898
4  6  1  74.3585  272.398  163.87
4  6  2  53.2735  411.821  359.274
4  6  3  115.256  1008.73  336.696
4  6  4  131.943  1499.98  668.245
4  6  5  478.48  4012.91  1161.6
For row 4 and col 7, pedestal is 219.668
4  7  1  49.8255  160.034  155.431
4  7  2  58.8056  278.265  453.461
4  7  3  79.9209  636.857  189.826
4  7  4  125.251  1319.62  800.623
4  7  5  517.72  4238.32  1135.75
For row 4 and col 8, pedestal is 192.045
4  8  1  10.6197  37.7321  84.6191
4  8  2  12.4667  58.608  134.117
4  8  3  15.0626  117.05  192.504
4  8  4  21.8083  180.388  330.179
4  8  5  60.1772  444.643  884.68
For row 4 and col 9, pedestal is 216.507
4  9  1  11.3309  16.1911  111.925
4  9  2  14.1006  19.6565  65.383
4  9  3  11.1761  34.3301  78.0025
4  9  4  13.636  72.5866  126.221
4  9  5  20.6635  140.6  180.858
For row 4 and col 10, pedestal is 210.713
4  10  1  12.2825  46.1841  58.0045
4  10  2  14.3373  75.7261  104.126
4  10  3  21.0429  98.0246  141.945
4  10  4  27.3266  152.616  229.699
4  10  5  44.179  273.745  422.753
For row 4 and col 11, pedestal is 206.922
4  11  1  15.6828  34.8648  65.1281
4  11  2  16.6859  28.1079  117.808
4  11  3  13.8343  29.4309  109.956
4  11  4  18.5208  58.4602  273.047
4  11  5  17.0594  65.7795  242.378
For row 5 and col 0, pedestal is 191.797
5  0  1  7.16254  5.18743  44.3516
5  0  2  6.34878  17.3305  50.4993
5  0  3  7.23089  41.1262  78.6875
5  0  4  12.2072  74.8855  92.1254
5  0  5  25.5305  218.645  412.031
For row 5 and col 1, pedestal is 198.752
5  1  1  7.68232  32.1975  44.9379
5  1  2  8.02489  36.6172  50.1113
5  1  3  8.62751  32.004  82.1205
5  1  4  8.84782  70.3622  98.2794
5  1  5  14.6588  127.745  258.891
For row 5 and col 2, pedestal is 196.108
5  2  1  6.30121  5.93985  42.5501
5  2  2  11.5148  36.1494  78.1517
5  2  3  15.1301  101.826  134.191
5  2  4  21.1646  146.929  204.724
5  2  5  62.6935  572.496  925.627
For row 5 and col 3, pedestal is 224.818
5  3  1  6.25163  13.8665  33.3061
5  3  2  6.02319  22.3598  34.4217
5  3  3  6.20984  33.5845  44.3912
5  3  4  20.03  114.631  210.268
5  3  5  56.3962  388.008  801.605
For row 5 and col 4, pedestal is 208.206
5  4  1  45.0817  207.657  125.444
5  4  2  48.7448  427.953  270.526
5  4  3  101.437  730.835  300.18
5  4  4  226.377  1613.44  489.812
5  4  5  1051.77  7910.4  1823.62
For row 5 and col 5, pedestal is 173.105
5  5  1  78.5624  377.818  92.9281
5  5  2  120.585  688.696  170.523
5  5  3  238.3  1512.78  309.391
5  5  4  698.134  4175.97  776.405
5  5  5  2203.32  14858.2  2019.91
For row 5 and col 6, pedestal is 218.157
5  6  1  49.2652  210.432  140.988
5  6  2  48.6929  372.682  606.152
5  6  3  135.528  940.59  253.697
5  6  4  181.514  1751.43  554.326
5  6  5  636.133  4509.8  1086.84
For row 5 and col 7, pedestal is 230.082
5  7  1  46.0908  155.408  299.472
5  7  2  40.945  260.03  179.883
5  7  3  43.4615  392.25  293.016
5  7  4  79.174  760.259  1206.98
5  7  5  182.737  1635.09  745.33
For row 5 and col 8, pedestal is 211.888
5  8  1  13.0513  58.3595  71.5773
5  8  2  12.4457  90.6762  115.314
5  8  3  18.674  150.088  177.996
5  8  4  23.518  221.939  332.449
5  8  5  75.5569  562.228  989.199
For row 5 and col 9, pedestal is 215.508
5  9  1  15.2063  54.0688  111.243
5  9  2  10.7502  60.7702  63.1465
5  9  3  10.3805  82.6335  118.352
5  9  4  15.8219  125.509  85.0027
5  9  5  34.3254  273.519  170.758
For row 5 and col 10, pedestal is 205.247
5  10  1  11.3356  43.7426  61.4002
5  10  2  10.605  55.6985  77.1406
5  10  3  9.73148  65.573  107.316
5  10  4  16.2361  112.15  195.958
5  10  5  35.8739  275.957  578.065
For row 5 and col 11, pedestal is 239.697
5  11  1  18.4612  19.7583  87.6806
5  11  2  16.4444  22.0511  82.5594
5  11  3  12.3065  24.2815  97.4559
5  11  4  14.5107  36.7196  104.186
5  11  5  18.7969  75.0065  163.601
For row 6 and col 0, pedestal is 207.753
6  0  1  6.7864  10.6466  24.1359
6  0  2  5.39546  20.4433  32.7326
6  0  3  6.94655  26.7938  36.4016
6  0  4  25.0041  177.456  227.898
6  0  5  21.5105  153.523  257.894
For row 6 and col 1, pedestal is 216.665
6  1  1  10.2277  25  35.1504
6  1  2  7.18015  21.9824  100.396
6  1  3  7.05  16.5387  77.6623
6  1  4  9.04572  15.9055  86.425
6  1  5  8.7211  12.7795  86.7651
For row 6 and col 2, pedestal is 208.745
6  2  1  7.5711  24.2816  45.852
6  2  2  6.6043  45.4787  55.482
6  2  3  8.06887  60.0827  49.1012
6  2  4  29.3627  245.925  314.201
6  2  5  34.5453  252.017  398.391
For row 6 and col 3, pedestal is 241.134
6  3  1  6.87019  12.3354  33.211
6  3  2  7.24131  17.492  34.809
6  3  3  8.26784  37.1202  64.3791
6  3  4  11.496  76.7893  100.435
6  3  5  22.2858  179.244  192
For row 6 and col 4, pedestal is 192.161
6  4  1  48.8537  213.886  90.8231
6  4  2  85.9912  472.046  187.894
6  4  3  169.019  955.475  305.161
6  4  4  297.01  1961.8  502.22
6  4  5  737.276  4971.46  1038.38
For row 6 and col 5, pedestal is 186.408
6  5  1  46.8929  155.864  67.2914
6  5  2  74.7932  380.148  143.815
6  5  3  120.062  739.629  265.82
6  5  4  213.052  1582.02  529.08
6  5  5  458.277  3507.09  1150
For row 6 and col 6, pedestal is 209.029
6  6  1  47.1481  214.321  70.9494
6  6  2  51.591  366.86  133.917
6  6  3  104.138  804.934  233.492
6  6  4  230.653  1886.27  588.31
6  6  5  307.92  2703.58  1026.62
For row 6 and col 7, pedestal is 228.023
6  7  1  33.5614  246.983  73.4759
6  7  2  50.2142  425.948  127.806
6  7  3  113.657  941.152  277.899
6  7  4  294.479  2401.31  784.034
6  7  5  450.611  3771.08  1129.48
For row 6 and col 8, pedestal is 238.144
6  8  1  9.07196  43.5357  68.6485
6  8  2  11.6207  68.9874  80.9886
6  8  3  18.6588  127.638  127.174
6  8  4  41.487  283.088  344.264
6  8  5  77.997  571.387  758.407
For row 6 and col 9, pedestal is 231.827
6  9  1  7.76611  24.6017  69.8075
6  9  2  8.69092  35.9907  52.2775
6  9  3  9.7909  54.8636  43.5613
6  9  4  16.3808  137.357  202.834
6  9  5  27.8286  256.55  568.934
For row 6 and col 10, pedestal is 216.526
6  10  1  9.5081  13.0453  56.2208
6  10  2  8.57566  19.5785  64.2057
6  10  3  9.76802  28.7275  64.8873
6  10  4  14.0216  82.8487  188.815
6  10  5  25.9281  208.595  418.844
For row 6 and col 11, pedestal is 180.939
6  11  1  9.84993  18.244  65.083
6  11  2  6.28956  21.6551  41.4894
6  11  3  8.2495  32.5538  45.4517
6  11  4  15.4003  84.614  159.645
6  11  5  28.4065  204.154  450.655
For row 7 and col 0, pedestal is 187.736
7  0  1  5.82857  -1.04265  34.8562
7  0  2  7.11851  13.8528  48.6369
7  0  3  7.8745  21.6652  51.5614
7  0  4  16.9744  104.546  191.061
7  0  5  25.0258  137.463  303.184
For row 7 and col 1, pedestal is 220.089
7  1  1  7.08658  18.1978  67.0103
7  1  2  9.08951  47.6462  68.1509
7  1  3  12.9913  77.922  104.756
7  1  4  58.1929  423.273  399.605
7  1  5  68.4142  467.087  617.057
For row 7 and col 2, pedestal is 248.385
7  2  1  6.3853  11.1946  51.0413
7  2  2  7.62891  22.8587  45.0905
7  2  3  7.63784  32.6509  87.8797
7  2  4  20.5164  142.638  217.565
7  2  5  35.0634  228.861  399.293
For row 7 and col 3, pedestal is 230.407
7  3  1  8.54447  19.9484  86.3216
7  3  2  9.49144  29.1904  50.7926
7  3  3  9.92064  49.5361  115.184
7  3  4  15.0155  93.5201  171.214
7  3  5  28.3585  191.944  452.391
For row 7 and col 4, pedestal is 202.724
7  4  1  47.6932  138.749  132.931
7  4  2  54.0288  294.569  305.524
7  4  3  81.8835  562.066  516.004
7  4  4  164.783  1302.27  584.59
7  4  5  399.779  3049.11  1277.18
For row 7 and col 5, pedestal is 218.574
7  5  1  40.5824  202.601  109.788
7  5  2  82.1923  444.048  197.699
7  5  3  226.869  1287.6  406.809
7  5  4  355.082  2331.03  623.034
7  5  5  755.635  5063.17  1044.77
For row 7 and col 6, pedestal is 217.444
7  6  1  36.3647  193.592  63.6641
7  6  2  53.3223  325.624  122.823
7  6  3  104.357  666.729  224.897
7  6  4  184.127  1208.92  474.226
7  6  5  451.764  3168.26  911.774
For row 7 and col 7, pedestal is 236.097
7  7  1  26.402  162.064  128.355
7  7  2  28.7876  242.994  91.2648
7  7  3  46.2561  401.174  199.406
7  7  4  145.441  1167.74  538.091
7  7  5  190.443  1596.36  752.802
For row 7 and col 8, pedestal is 208.64
7  8  1  9.52241  23.0194  74.632
7  8  2  7.35868  31.0064  62.6711
7  8  3  9.10601  55.292  88.8063
7  8  4  17.003  117.65  272.384
7  8  5  28.951  220.452  439.043
For row 7 and col 9, pedestal is 182.8
7  9  1  8.13001  26.3564  47.098
7  9  2  7.34143  34.9058  70.5507
7  9  3  10.5939  65.9296  106.794
7  9  4  21.6443  157.744  317.212
7  9  5  49.2722  397.891  898.124
For row 7 and col 10, pedestal is 198.717
7  10  1  7.86987  23.2195  37.4391
7  10  2  5.70442  34.0564  52.4017
7  10  3  8.25685  52.2708  65.0618
7  10  4  14.6192  115.908  172.281
7  10  5  25.0339  224.151  461.921
For row 7 and col 11, pedestal is 194.541
7  11  1  8.83437  11.3918  19.9069
7  11  2  7.44875  14.9458  50.7035
7  11  3  7.97168  33.6631  72.1674
7  11  4  12.5132  83.4698  131.827
7  11  5  21.1142  167.865  260.536
For row 8 and col 0, pedestal is 237.382
8  0  1  6.80562  7.93351  41.1388
8  0  2  6.86344  10.4997  42.3376
8  0  3  8.43902  16.1978  33.8482
8  0  4  11.5331  76.3381  126.465
8  0  5  11.2773  63.1855  128.111
For row 8 and col 1, pedestal is 232.28
8  1  1  9.2897  32.4534  82.623
8  1  2  8.44766  47.6351  63.1121
8  1  3  10.1381  61.8123  106.055
8  1  4  18.4281  187.137  266.768
8  1  5  28.9817  234.693  424.255
For row 8 and col 2, pedestal is 211.293
8  2  1  10.2012  33.048  63.2143
8  2  2  10.337  63.0369  104.008
8  2  3  12.662  95.6895  82.2201
8  2  4  38.6973  300.837  420.471
8  2  5  36.2131  264.074  395.624
For row 8 and col 3, pedestal is 212.391
8  3  1  7.1069  15.8536  45.1715
8  3  2  7.67922  22.3271  52.4213
8  3  3  6.72743  26.1504  67.6258
8  3  4  7.98081  43.1043  80.17
8  3  5  12.1037  74.1289  148.582
For row 8 and col 4, pedestal is 169.546
8  4  1  35.6505  109.19  75.3709
8  4  2  26.4937  17.298  87.6116
8  4  3  96.035  525.768  351.023
8  4  4  159.419  1029.15  460.5
8  4  5  474.253  3506.3  1209.62
For row 8 and col 5, pedestal is 184.357
8  5  1  71.2475  371.626  87.8363
8  5  2  155.716  912.747  199.871
8  5  3  393.486  2361.95  437.657
8  5  4  656.854  4481.32  654.558
8  5  5  1179.93  8151.98  1120.38
For row 8 and col 6, pedestal is 219.609
8  6  1  65.3007  277.652  111.151
8  6  2  89.8369  457.683  128.645
8  6  3  142.597  938.138  278.768
8  6  4  262.831  1973.29  641.755
8  6  5  220.589  1722.73  725.881
For row 8 and col 7, pedestal is 192.44
8  7  1  27.86  202.059  125.199
8  7  2  41.4907  323.819  177.57
8  7  3  68.6955  535.212  269.042
8  7  4  141.783  1137.48  653.203
8  7  5  225.596  1825.88  967.026
For row 8 and col 8, pedestal is 211.546
8  8  1  8.2226  37.5447  41.3673
8  8  2  8.14799  43.847  54.6912
8  8  3  10.6697  81.5853  72.595
8  8  4  17.1265  137.15  206.482
8  8  5  31.2212  251.555  528.22
For row 8 and col 9, pedestal is 208.191
8  9  1  7.29376  7.9981  34.9221
8  9  2  6.83072  10.8956  47.2535
8  9  3  8.26165  32.9782  65.9599
8  9  4  11.6385  66.894  91.8267
8  9  5  21.6524  207.702  357.551
For row 8 and col 10, pedestal is 222.206
8  10  1  8.81127  19.9732  80.3116
8  10  2  7.12832  21.6133  73.0798
8  10  3  7.84279  31.3806  58.163
8  10  4  9.10754  52.0313  67.6875
8  10  5  17.9729  131.099  227.367
For row 8 and col 11, pedestal is 205.885
8  11  1  9.67485  40.04  39.5811
8  11  2  7.24748  46.5311  40.4554
8  11  3  8.92637  63.0716  62.8017
8  11  4  13.6244  118.801  163.453
8  11  5  22.9242  221.668  445.21
For row 9 and col 0, pedestal is 219.742
9  0  1  9.43927  17.2764  37.3781
9  0  2  8.32716  27.3912  48.5091
9  0  3  7.95251  35.7022  48.3097
9  0  4  13.8163  88.5787  95.5204
9  0  5  16.3579  103.631  181.607
For row 9 and col 1, pedestal is 292.376
9  1  1  8.88096  23.8247  30.8017
9  1  2  8.42393  38.4062  51.2306
9  1  3  9.4866  64.5188  53.3343
9  1  4  27.3992  234.405  306.784
9  1  5  28.7721  214.601  316.713
For row 9 and col 2, pedestal is 212.777
9  2  1  8.20296  45.373  57.6614
9  2  2  7.988  68.3786  74.3333
9  2  3  12.3405  108.13  92.0332
9  2  4  38.9456  349.237  364.806
9  2  5  51.2617  398.407  508.044
For row 9 and col 3, pedestal is 252.885
9  3  1  8.92734  35.3758  46.1
9  3  2  9.15245  54.0783  61.0834
9  3  3  13.3049  90.1445  116.781
9  3  4  22.0796  180.471  340.201
9  3  5  48.6602  396.931  943.09
For row 9 and col 4, pedestal is 204.098
9  4  1  39.196  210.47  209.243
9  4  2  52.452  424.736  141.987
9  4  3  137.336  991.576  372.377
9  4  4  241.451  1964.09  528.662
9  4  5  667.712  5303.79  1314.01
For row 9 and col 5, pedestal is 186.264
9  5  1  31.0943  188.365  52.7734
9  5  2  76.571  463.935  149.941
9  5  3  179.326  1075.82  295.411
9  5  4  354.162  2432.98  568.576
9  5  5  742.097  5128.5  1024.16
For row 9 and col 6, pedestal is 239.36
9  6  1  56.0998  317.654  98.5101
9  6  2  78.2105  508.306  155.149
9  6  3  178.666  1188.97  317.555
9  6  4  352.155  2358.97  593.398
9  6  5  576.173  4007.05  832.259
For row 9 and col 7, pedestal is 246.363
9  7  1  29.3392  290.707  142.657
9  7  2  41.2592  338.94  142.463
9  7  3  55.4091  496.969  235.04
9  7  4  200.605  1564.46  499.568
9  7  5  389.997  3155.57  827.134
For row 9 and col 8, pedestal is 238.309
9  8  1  8.82541  36.8906  77.1978
9  8  2  9.03348  45.0558  76.7012
9  8  3  10.4167  67.2968  137.719
9  8  4  10.081  72.6385  168.087
9  8  5  17.4547  140.912  237.999
For row 9 and col 9, pedestal is 247.579
9  9  1  9.83899  26.8683  60.8215
9  9  2  8.66444  34.1062  82.7522
9  9  3  10.3191  54.5579  83.5099
9  9  4  18.2306  119.014  210.105
9  9  5  28.6944  233.135  571.242
For row 9 and col 10, pedestal is 233.036
9  10  1  10.4513  11.5591  69.5032
9  10  2  6.7628  20.4353  33.6845
9  10  3  7.52261  42.7659  75.6608
9  10  4  13.0132  92.6102  106.644
9  10  5  19.0543  157.314  292.959
For row 9 and col 11, pedestal is 219.178
9  11  1  8.7309  18.569  19.1051
9  11  2  7.26227  35.9003  35.3078
9  11  3  7.25421  46.7716  37.2159
9  11  4  14.1715  111.912  105.582
9  11  5  38.4246  315.085  269.194
For row 10 and col 0, pedestal is 265.117
10  0  1  13.2582  37.0462  81.4932
10  0  2  11.4666  35.7096  26.8205
10  0  3  10.194  36.2  56.8228
10  0  4  12.0803  57.9269  142.481
10  0  5  11.8607  59.0911  143.693
For row 10 and col 1, pedestal is 222.574
10  1  1  12.2091  21.0087  85.3073
10  1  2  10.9693  31.571  44.1172
10  1  3  8.68204  48.7601  90.6957
10  1  4  14.9412  118.079  85.1915
10  1  5  22.5462  169.52  270.388
For row 10 and col 2, pedestal is 243.358
10  2  1  13.8446  17.4654  50.2308
10  2  2  12.7478  22.1409  66.8056
10  2  3  11.5371  48.1372  62.8383
10  2  4  22.4453  146.195  218.846
10  2  5  35.116  189.727  334.457
For row 10 and col 3, pedestal is 253.164
10  3  1  8.72899  28.8841  41.7515
10  3  2  9.68299  52.7658  95.5018
10  3  3  14.4767  88.5015  154.29
10  3  4  26.0949  191.051  380.362
10  3  5  54.7388  407.492  807.451
For row 10 and col 4, pedestal is 215.856
10  4  1  47.5331  171.008  95.5204
10  4  2  70.1381  419.321  351.203
10  4  3  164.991  992.738  525.917
10  4  4  239.505  1749.7  673.148
10  4  5  627.27  4757  1345.24
For row 10 and col 5, pedestal is 229.104
10  5  1  64.8633  316.622  98.4544
10  5  2  104.111  546.592  142.129
10  5  3  281.62  1616.45  389.798
10  5  4  382.417  2533.67  499.807
10  5  5  963.034  6508.42  1061.76
For row 10 and col 6, pedestal is 249.123
10  6  1  45.1542  218.716  220.728
10  6  2  49.588  393.018  164.737
10  6  3  118.4  958.665  228.966
10  6  4  183.012  1487.24  538.607
10  6  5  386.085  3067.06  907.227
For row 10 and col 7, pedestal is 245.032
10  7  1  27.6312  190.672  98.3851
10  7  2  36.7959  287.797  87.6067
10  7  3  76.3642  688.625  235.613
10  7  4  190.83  1477.68  693.031
10  7  5  304.473  2342.7  758.413
For row 10 and col 8, pedestal is 234.412
10  8  1  7.86243  30.8578  47.1545
10  8  2  8.0372  51.5447  69.3333
10  8  3  10.6316  76.4014  87.2693
10  8  4  23.2303  179.697  303.866
10  8  5  35.3578  272.433  527.657
For row 10 and col 9, pedestal is 206.566
10  9  1  13.0172  25.0884  113.041
10  9  2  7.63779  23.6667  45.5587
10  9  3  7.24312  31.6057  49.6062
10  9  4  12.4894  86.8238  123.101
10  9  5  23.3257  207.155  324.589
For row 10 and col 10, pedestal is 230.098
10  10  1  8.38159  1.11031  29.2143
10  10  2  6.92326  4.85961  52.4415
10  10  3  6.51606  11.2523  41.2457
10  10  4  9.79042  41.2365  66.4932
10  10  5  17.1478  106.288  180.62
For row 10 and col 11, pedestal is 223.897
10  11  1  11.7776  22.3179  104.383
10  11  2  7.528  30.4119  31.5867
10  11  3  8.08996  55.3222  48.106
10  11  4  15.1371  112.211  158.743
10  11  5  27.9001  212.69  431.312
For row 11 and col 0, pedestal is 229.803
11  0  1  12.8248  13.8713  65.0492
11  0  2  10.5245  31.9922  46.49
11  0  3  10.6683  37.0831  136.853
11  0  4  16.5937  112.201  138.284
11  0  5  22.4529  159.471  220.881
For row 11 and col 1, pedestal is 201.278
11  1  1  13.3236  17.3083  75.1361
11  1  2  11.7619  23.0446  43.9959
11  1  3  12.606  41.1161  97.8985
11  1  4  14.8768  78.8128  180.727
11  1  5  11.2166  53.716  88.8927
For row 11 and col 2, pedestal is 226.643
11  2  1  14.9189  18.8309  142.104
11  2  2  14.2562  27.7182  81.0759
11  2  3  18.9615  43.3624  206.398
11  2  4  26.3015  120.004  348.643
11  2  5  24.6674  115.266  341.636
For row 11 and col 3, pedestal is 238.263
11  3  1  15.1816  9.5339  82.1374
11  3  2  16.5233  9.88166  118.025
11  3  3  18.1015  24.2575  296.393
11  3  4  21.8992  59.5017  328.506
11  3  5  27.9004  127.23  488.621
For row 11 and col 4, pedestal is 230.485
11  4  1  48.9287  220.655  70.7027
11  4  2  70.7144  456.189  126.531
11  4  3  133.729  989.274  337.134
11  4  4  310.223  2352.73  627.474
11  4  5  772.078  6028.65  1426.09
For row 11 and col 5, pedestal is 229.112
11  5  1  46.3915  152.706  166.779
11  5  2  99.6032  521.07  179.292
11  5  3  202.794  1243.81  314.58
11  5  4  312.252  2133.49  514.764
11  5  5  1024.71  7075.85  1336.36
For row 11 and col 6, pedestal is 221.311
11  6  1  66.4964  212.253  671.254
11  6  2  54.2149  331.891  320.083
11  6  3  65.8895  410.646  151.493
11  6  4  163.291  1195.53  386.242
11  6  5  267.702  1933.15  822.81
For row 11 and col 7, pedestal is 188.618
11  7  1  50.6654  172.33  200.008
11  7  2  49.3122  285.321  216.003
11  7  3  86.979  652.765  376.831
11  7  4  139.884  1136.81  620.842
11  7  5  256.307  1991.97  917.948
For row 11 and col 8, pedestal is 213.15
11  8  1  9.02264  36.4157  56.2113
11  8  2  10.357  65.8809  60.3282
11  8  3  12.5725  90.7845  93.1397
11  8  4  20.2636  155.348  224.788
11  8  5  38.4331  299.954  810.684
For row 11 and col 9, pedestal is 194.019
11  9  1  14.6308  42.0883  57.1451
11  9  2  10.1012  40.3891  56.8441
11  9  3  10.3578  58.5288  62.7157
11  9  4  14.4748  118.262  209.538
11  9  5  30.4587  273.416  580.26
For row 11 and col 10, pedestal is 196.216
11  10  1  13.3684  41.8537  74.6279
11  10  2  10.3829  36.9366  101.281
11  10  3  12.0084  62.7644  127.077
11  10  4  16.2824  123.395  192.212
11  10  5  26.1622  213.447  465.104
For row 11 and col 11, pedestal is 247.224
11  11  1  15.1039  42.3608  93.7434
11  11  2  10.2431  51.8311  35.1886
11  11  3  9.06161  48.7601  63.2012
11  11  4  13.9344  101.017  61.4368
11  11  5  23.5565  188.174  295.178
