#All information for run 1200.
#Row Col LED <Max> <Int> NPE
For row 0 and col 0, pedestal is 236.413
0  0  1  10.1288  31.0488  84.5024
0  0  2  15.2055  77.9112  75.1549
0  0  3  25.5618  162.419  246.268
0  0  4  53.3821  386.185  605.268
0  0  5  117.537  1074.63  1331.25
For row 0 and col 1, pedestal is 192.173
0  1  1  6.42334  7.99078  25.5466
0  1  2  13.4556  62.5438  84.9144
0  1  3  37.4429  214.891  308.699
0  1  4  48.267  307.341  452.548
0  1  5  59.8733  504.815  543.867
For row 0 and col 2, pedestal is 211.978
0  2  1  7.16031  26.776  28.7618
0  2  2  12.0825  61.7475  61.6515
0  2  3  18.7836  111.969  87.2723
0  2  4  37.4604  270.413  337.123
0  2  5  83.4858  748.597  907.152
For row 0 and col 3, pedestal is 215.27
0  3  1  13.133  65.8288  89.4383
0  3  2  23.7795  153.282  164.875
0  3  3  32.7749  213.713  264.936
0  3  4  106.017  659.618  685.716
0  3  5  265.886  1875.34  1480.67
For row 0 and col 4, pedestal is 230.001
0  4  1  28.503  85.3306  76.7061
0  4  2  26.3106  144.727  133.01
0  4  3  57.0304  376.731  186.508
0  4  4  198.585  1318.24  558.665
0  4  5  511.829  3744.55  1503.37
For row 0 and col 5, pedestal is 205.96
0  5  1  36.3344  261.788  185.81
0  5  2  64.6623  472.164  149.745
0  5  3  125.413  940.141  274.581
0  5  4  343.153  2264.51  622.5
0  5  5  1221.88  9002.34  1749.53
For row 0 and col 6, pedestal is 202.627
0  6  1  40.9181  241.524  87.0357
0  6  2  49.0516  336.548  128.453
0  6  3  81.5661  595.404  336.241
0  6  4  139.767  1298.69  635.821
0  6  5  412.885  3315.51  1057.34
For row 0 and col 7, pedestal is 192.791
0  7  1  26.3157  114.261  115.565
0  7  2  34.4813  126.623  92.4548
0  7  3  61.941  378.984  152.008
0  7  4  84.1701  669.015  267.601
0  7  5  293.026  2204.62  860.579
For row 0 and col 8, pedestal is 232.352
0  8  1  14.5107  31.7398  58.8856
0  8  2  15.2363  64.6356  117.546
0  8  3  32.3155  225.288  278.224
0  8  4  37.4226  360.325  376.145
0  8  5  128.335  959.311  1088.58
For row 0 and col 9, pedestal is 231.605
0  9  1  9.82835  49.2993  62.7794
0  9  2  18.2815  107.314  98.2638
0  9  3  26.0662  166.026  202.3
0  9  4  37.4792  258.708  344.978
0  9  5  81.0526  647.857  858.5
For row 0 and col 10, pedestal is 213.23
0  10  1  12.1464  47.4304  84.4144
0  10  2  13.7903  98.2339  112.402
0  10  3  21.7954  138.66  166.28
0  10  4  40.1817  271.412  351.722
0  10  5  72.1298  547.177  689.864
For row 0 and col 11, pedestal is 181.888
0  11  1  12.077  48.2055  86.7313
0  11  2  21.6318  92.9954  136.286
0  11  3  30.4894  162.016  207.991
0  11  4  57.3965  344.927  333.846
0  11  5  79.8683  548.536  408.56
For row 1 and col 0, pedestal is 168.281
1  0  1  7.56592  18.6552  44.0049
1  0  2  14.5833  72.9628  46.9454
1  0  3  36.069  226.892  176.617
1  0  4  64.9535  459.319  349.274
1  0  5  194.041  1714.54  655.981
For row 1 and col 1, pedestal is 199.338
1  1  1  8.73076  30.4607  73.3872
1  1  2  15.8567  102.99  89.4457
1  1  3  26.2916  173.85  152.188
1  1  4  62.5565  460.137  391.796
1  1  5  112.006  985.583  795.018
For row 1 and col 2, pedestal is 213.129
1  2  1  7.92973  33.1801  54.2864
1  2  2  13.8156  71.7398  71.652
1  2  3  24.4048  170.116  217.166
1  2  4  45.8371  352.507  533.823
1  2  5  91.6244  839.768  1514.68
For row 1 and col 3, pedestal is 194.711
1  3  1  7.99061  46.1141  50.6056
1  3  2  11.1344  75.4402  98.0358
1  3  3  20.5904  152.379  216.11
1  3  4  71.6534  464.679  676.42
1  3  5  157.834  1109.26  1615.01
For row 1 and col 4, pedestal is 203.747
1  4  1  19.4007  112.169  92.7439
1  4  2  124.113  741.894  160.271
1  4  3  188.879  1215.83  262.007
1  4  4  766.823  4531.64  799.533
1  4  5  2110.79  14062.6  2005.24
For row 1 and col 5, pedestal is 203.022
1  5  1  22.4375  135.049  99.6044
1  5  2  38.9725  243.183  109.827
1  5  3  70.3793  498.818  308.029
1  5  4  189.747  1207.06  844.425
1  5  5  575.789  4199.69  1836.84
For row 1 and col 6, pedestal is 148.154
1  6  1  105.873  542.62  139.501
1  6  2  153.283  851.248  208.414
1  6  3  317.956  2072.88  418.84
1  6  4  521.717  4377.77  737.336
1  6  5  1577.11  11085.9  1401.16
For row 1 and col 7, pedestal is 194.671
1  7  1  48.2094  284.81  107.822
1  7  2  85.5827  559.84  181.891
1  7  3  166.201  1166.93  306.402
1  7  4  254.55  2407.92  622.877
1  7  5  785.032  6127.17  1318.3
For row 1 and col 8, pedestal is 224.348
1  8  1  14.1535  55.4308  83.1244
1  8  2  15.9783  87.0964  145.971
1  8  3  35.7991  242.715  234.705
1  8  4  48.223  436.533  554.143
1  8  5  148.204  1128.31  1273.99
For row 1 and col 9, pedestal is 213.304
1  9  1  10.3651  40.0669  27.1977
1  9  2  14.1707  92.6804  129.245
1  9  3  20.9323  130.322  144.293
1  9  4  43.0818  277.52  300.424
1  9  5  82.2354  616.847  726.535
For row 1 and col 10, pedestal is 195.052
1  10  1  8.23732  51.2  68.5136
1  10  2  12.3748  98.1422  80.8249
1  10  3  21.5434  169.181  178.865
1  10  4  41.5447  339.662  491.026
1  10  5  89.6476  705.007  1004.45
For row 1 and col 11, pedestal is 210.074
1  11  1  7.15617  40.4294  39.7274
1  11  2  9.67782  62.2662  80.1446
1  11  3  19.8063  126.727  132.784
1  11  4  32.2846  239.662  345.358
1  11  5  62.6875  479.614  795.398
For row 2 and col 0, pedestal is 200.381
2  0  1  7.41665  4.30189  43.1242
2  0  2  10.4662  34.5135  93.2471
2  0  3  18.0563  89.2211  140.311
2  0  4  39.0694  253.029  315.591
2  0  5  96.6305  807.61  615.559
For row 2 and col 1, pedestal is 224.807
2  1  1  8.53212  34.0137  59.2349
2  1  2  12.4026  71.4605  83.6154
2  1  3  28.9524  183.997  213.682
2  1  4  32.4437  235.328  286.653
2  1  5  96.2308  873.754  788.599
For row 2 and col 2, pedestal is 187.291
2  2  1  9.6164  49.8641  60.1227
2  2  2  13.1729  96.063  96.94
2  2  3  41.557  289.136  237.287
2  2  4  47.7062  369.521  308.217
2  2  5  122.49  1147.79  687.176
For row 2 and col 3, pedestal is 210.42
2  3  1  9.99662  20.1391  40.2896
2  3  2  11.2953  42.4472  86.1793
2  3  3  10.6032  46.3841  78.9809
2  3  4  32.7701  222.127  478.429
2  3  5  115.538  825.564  1859.65
For row 2 and col 4, pedestal is 183.47
2  4  1  31.8517  182.31  131.826
2  4  2  48.6929  363.724  108.202
2  4  3  95.3556  701.972  274.125
2  4  4  277.933  1859.11  667.119
2  4  5  1119.97  8239.47  1993.09
For row 2 and col 5, pedestal is 216.322
2  5  1  41.4644  247.493  85.7328
2  5  2  67.7611  395.422  121.614
2  5  3  138.135  951.636  256.967
2  5  4  467.035  3075.56  757.09
2  5  5  1415.75  10459.3  1939.38
For row 2 and col 6, pedestal is 179.625
2  6  1  65.3075  240.767  88.8954
2  6  2  72.9501  461.593  172.1
2  6  3  121.394  865.448  349.333
2  6  4  208.56  2036.5  517.194
2  6  5  671.5  5472.47  1265.21
For row 2 and col 7, pedestal is 227.221
2  7  1  39.5995  233.514  215.203
2  7  2  60.0358  406.924  187.353
2  7  3  124.965  965.941  369.548
2  7  4  146.554  1547.5  530.64
2  7  5  573.22  4733  1311.15
For row 2 and col 8, pedestal is 201.105
2  8  1  11.7893  78.3256  55.0219
2  8  2  15.9969  98.7208  129.8
2  8  3  30.9908  238.776  281.506
2  8  4  52.1085  467.041  668.269
2  8  5  126.652  1038.41  1510.91
For row 2 and col 9, pedestal is 212.063
2  9  1  13.0101  43.8702  31.2526
2  9  2  14.078  72.3368  58.3604
2  9  3  15.9477  99.1767  90.9094
2  9  4  26.3537  190.243  174.696
2  9  5  46.1502  378.092  726.896
For row 2 and col 10, pedestal is 236.356
2  10  1  9.9714  55.6209  50.4033
2  10  2  15.2096  108.471  121.765
2  10  3  31.644  224.81  147.34
2  10  4  48.1657  372.896  276.683
2  10  5  107.345  877.128  641.023
For row 2 and col 11, pedestal is 208.025
2  11  1  10.7143  57.724  90.8747
2  11  2  14.1515  97.0466  71.2587
2  11  3  24.9891  179.389  115.003
2  11  4  43.308  367.048  237.385
2  11  5  97.1445  813.757  583.889
For row 3 and col 0, pedestal is 230.579
3  0  1  9.39038  38.7541  60.2352
3  0  2  18.5788  107.511  97.7392
3  0  3  45.3679  301.682  211.277
3  0  4  77.3611  570.046  388.788
3  0  5  144.812  1301.84  785.731
For row 3 and col 1, pedestal is 199.491
3  1  1  11.2258  13.8345  23.963
3  1  2  14.9474  56.153  51.1783
3  1  3  24.4498  178.315  160.897
3  1  4  34.606  273.42  252.772
3  1  5  81.3866  774.806  734.351
For row 3 and col 2, pedestal is 218.467
3  2  1  7.35441  30.8328  58.291
3  2  2  14.5248  73.1282  57.7951
3  2  3  29.1546  197.709  232.072
3  2  4  47.275  348.869  527.859
3  2  5  131.408  1128.2  1672.89
For row 3 and col 3, pedestal is 173.005
3  3  1  10.165  45.6425  72.1134
3  3  2  22.0653  105.62  145.605
3  3  3  5.97798  15.5296  36.3766
3  3  4  73.4619  479.579  834.894
3  3  5  210.401  1491.49  2253.92
For row 3 and col 4, pedestal is 209.401
3  4  1  43.6708  179.851  75.3185
3  4  2  51.6235  354.811  187.876
3  4  3  150.378  1047.13  243.15
3  4  4  373.004  2515.15  732.159
3  4  5  1378.83  10382.6  2023.82
For row 3 and col 5, pedestal is 178.978
3  5  1  51.3337  266.046  244.181
3  5  2  62.3216  384.407  320.353
3  5  3  147.574  1058.4  329.754
3  5  4  500.306  3392.76  983.313
3  5  5  1305.65  10017.3  2183.11
For row 3 and col 6, pedestal is 217.538
3  6  1  72.116  421.733  127.166
3  6  2  94.5179  588.179  182.214
3  6  3  257.815  1740.75  382.272
3  6  4  394.31  3389.89  709.828
3  6  5  1324.96  9331.92  1351.82
For row 3 and col 7, pedestal is 222.375
3  7  1  74.2939  399.287  64.9915
3  7  2  81.1333  510.714  118.336
3  7  3  157.511  1191.62  365.025
3  7  4  249.85  2395.75  655.214
3  7  5  492.789  3862.14  957.571
For row 3 and col 8, pedestal is 173.089
3  8  1  11.7494  36.2666  87.6064
3  8  2  11.8131  40.7821  62.1688
3  8  3  27.3928  149.132  323.843
3  8  4  32.511  244.37  441.669
3  8  5  77.2136  556.275  1233.24
For row 3 and col 9, pedestal is 187.113
3  9  1  10.2168  39.2185  110.152
3  9  2  15.7934  57.3335  48.6515
3  9  3  21.5022  106.31  125.075
3  9  4  38.6018  231.349  342.478
3  9  5  72.0067  529.362  792.323
For row 3 and col 10, pedestal is 183.612
3  10  1  12.5595  29.6405  42.9583
3  10  2  12.5501  40.0309  34.9748
3  10  3  14.9292  81.4307  89.191
3  10  4  14.3951  99.9617  167.092
3  10  5  41.576  334.4  641.175
For row 3 and col 11, pedestal is 205.556
3  11  1  6.80026  32.8206  92.5917
3  11  2  13.4999  67.2845  113.071
3  11  3  19.0209  114.898  160.844
3  11  4  33.9687  229.963  267.594
3  11  5  58.5195  459.748  665.159
For row 4 and col 0, pedestal is 181.31
4  0  1  5.75627  24.2374  39.0789
4  0  2  15.4459  91.7906  70.183
4  0  3  27.3743  189.221  205.258
4  0  4  43.4011  329.677  331.718
4  0  5  109.153  973.701  816.903
For row 4 and col 1, pedestal is 216.231
4  1  1  8.71242  40.049  71.3294
4  1  2  14.8048  97.3196  114.887
4  1  3  33.3702  212.892  285.608
4  1  4  48.9907  348.341  459.546
4  1  5  138.62  1240.52  747.913
For row 4 and col 2, pedestal is 209.217
4  2  1  11.0583  25.0139  135.635
4  2  2  11.3094  51.4499  148.758
4  2  3  20.515  131.467  301.517
4  2  4  23.011  157.638  326.063
4  2  5  40.6326  404.361  850.89
For row 4 and col 3, pedestal is 202.105
4  3  1  8.75859  19.7475  80.0405
4  3  2  11.5926  47.3458  111.833
4  3  3  15.1227  83.4591  120.819
4  3  4  46.5719  291.229  663.56
4  3  5  122.521  863.925  1851.7
For row 4 and col 4, pedestal is 227.646
4  4  1  37.4844  194.622  233.432
4  4  2  35.099  267.207  424.123
4  4  3  79.7114  619.588  289.928
4  4  4  319.923  2140.34  733.907
4  4  5  854.797  6338.22  1784.19
For row 4 and col 5, pedestal is 192.294
4  5  1  22.1729  29.7836  143.602
4  5  2  102.644  611.934  161.461
4  5  3  209.558  1332.06  286.756
4  5  4  40.5637  182.047  123.177
4  5  5  1617.02  10783.9  1801.77
For row 4 and col 6, pedestal is 189.009
4  6  1  82.7067  328.434  121.877
4  6  2  57.3914  509.406  243.268
4  6  3  152.125  1275.96  380.761
4  6  4  167.47  1904.29  712.272
4  6  5  618.542  5124.78  1121.85
For row 4 and col 7, pedestal is 219.407
4  7  1  50.7591  206.614  201.134
4  7  2  62.241  363.031  577.398
4  7  3  104.832  817.413  215.132
4  7  4  155.919  1675.91  699.09
4  7  5  659.763  5380  1172.94
For row 4 and col 8, pedestal is 192.191
4  8  1  12.7227  87.3708  97.2957
4  8  2  22.2831  147.203  167.996
4  8  3  41.9376  347.465  336.027
4  8  4  59.3266  548.339  506.706
4  8  5  179.301  1409.98  1503.32
For row 4 and col 9, pedestal is 216.091
4  9  1  12.1202  32.2039  122.998
4  9  2  17.8564  58.8087  59.1178
4  9  3  23.133  116.488  134.702
4  9  4  35.0217  222.204  220.332
4  9  5  65.9347  480.483  374.595
For row 4 and col 10, pedestal is 210.622
4  10  1  13.2029  81.9665  122.926
4  10  2  27.3902  163.628  197.884
4  10  3  44.6815  250.998  280.837
4  10  4  67.1901  423.745  517.506
4  10  5  115.044  824.923  841.624
For row 4 and col 11, pedestal is 206.538
4  11  1  15.6728  42.7773  63.3008
4  11  2  17.2716  44.0376  134.603
4  11  3  15.1814  57.2818  138.622
4  11  4  22.1365  125.362  416.16
4  11  5  25.9397  190.359  466.045
For row 5 and col 0, pedestal is 191.435
5  0  1  7.78822  17.4597  60.4196
5  0  2  10.052  52.1796  56.9163
5  0  3  21.04  133.937  211.237
5  0  4  35.7673  237.191  385.019
5  0  5  79.8534  692.841  1139.28
For row 5 and col 1, pedestal is 198.813
5  1  1  7.7367  34.4597  45.4457
5  1  2  9.42301  50.8293  77.1421
5  1  3  8.71931  35.2288  74.1677
5  1  4  15.9631  129.798  177.757
5  1  5  39.1571  346.692  566.216
For row 5 and col 2, pedestal is 196.24
5  2  1  10.6812  47.5475  41.3852
5  2  2  27.3059  140.874  180.053
5  2  3  54.3597  354.282  321.144
5  2  4  71.9666  514.683  428.25
5  2  5  212.482  1916.28  1274.19
For row 5 and col 3, pedestal is 224.64
5  3  1  7.17205  29.4249  46.5702
5  3  2  11.1285  56.8293  57.7322
5  3  3  14.8562  98.6526  109.729
5  3  4  55.2314  335.293  558.206
5  3  5  172.294  1189.24  1673.76
For row 5 and col 4, pedestal is 208.676
5  4  1  50.7632  250.057  119.065
5  4  2  62.4956  527.068  195.245
5  4  3  125.896  914.963  301.688
5  4  4  290.873  2036.69  519.42
5  4  5  1341.08  10068.7  1881.85
For row 5 and col 5, pedestal is 173.075
5  5  1  98.8073  483.677  100.743
5  5  2  155.592  882.925  173.433
5  5  3  308.574  1941.1  321.018
5  5  4  901.573  5375.01  780.166
5  5  5  2838.74  19071.4  1827.53
For row 5 and col 6, pedestal is 218.434
5  6  1  60.155  276.151  131.148
5  6  2  54.1333  478.044  380.654
5  6  3  179.248  1202.59  285.974
5  6  4  243.887  2237.62  442.525
5  6  5  822.385  5748.47  1100.65
For row 5 and col 7, pedestal is 230.011
5  7  1  45.4361  182.616  266.129
5  7  2  42.8723  309.227  136.576
5  7  3  52.4807  494.294  399.815
5  7  4  95.3563  954.663  1098.85
5  7  5  241.231  2085.78  779.549
For row 5 and col 8, pedestal is 211.98
5  8  1  13.2979  93.6415  86.9639
5  8  2  27.0732  183.459  169.894
5  8  3  50.0913  396.567  432.871
5  8  4  65.2186  600.869  594.013
5  8  5  234.28  1742.1  1427.18
For row 5 and col 9, pedestal is 216.031
5  9  1  15.6091  76.1728  116.653
5  9  2  13.0057  101.733  33.1877
5  9  3  22.5304  188.446  85.5406
5  9  4  37.2872  305.594  124.634
5  9  5  110.711  835.313  122.819
For row 5 and col 10, pedestal is 205.304
5  10  1  13.6502  69.9042  65.2333
5  10  2  16.5347  116.27  147.882
5  10  3  21.7613  160.571  190.969
5  10  4  37.204  283.042  414.898
5  10  5  101.393  808.81  1110.88
For row 5 and col 11, pedestal is 239.568
5  11  1  18.937  24.8084  80.6467
5  11  2  18.7418  39.7017  75.1151
5  11  3  16.8702  63.5448  107.194
5  11  4  20.6843  91.7854  136.037
5  11  5  31.9698  209.015  284.601
For row 6 and col 0, pedestal is 208.104
6  0  1  7.68643  21.6704  27.3535
6  0  2  10.3864  57.9307  41.0227
6  0  3  13.8558  87.0909  89.4358
6  0  4  77.5087  565.259  496.314
6  0  5  72.4822  487.543  698.729
For row 6 and col 1, pedestal is 216.568
6  1  1  10.3015  23.1012  40.2661
6  1  2  7.26128  22.2682  100.884
6  1  3  7.15027  17.364  91.9278
6  1  4  9.05407  15.7379  81.2624
6  1  5  8.83371  14.231  101.857
For row 6 and col 2, pedestal is 208.369
6  2  1  8.93098  42.4993  44.9163
6  2  2  13.9317  102.45  64.0607
6  2  3  21.3503  154.086  112.107
6  2  4  102.656  770.83  632.939
6  2  5  120.632  812.646  938.095
For row 6 and col 3, pedestal is 241.602
6  3  1  7.45461  27.4281  44.0847
6  3  2  10.3893  54.5319  57.6388
6  3  3  18.6823  130.718  128.891
6  3  4  33.9934  261.758  182.301
6  3  5  77.0046  612.576  321.616
For row 6 and col 4, pedestal is 192.453
6  4  1  58.6434  273.738  94.7098
6  4  2  108.174  601.203  194.85
6  4  3  214.704  1216.35  310.891
6  4  4  379.21  2491.97  499.362
6  4  5  940.141  6320.31  1015.63
For row 6 and col 5, pedestal is 186.617
6  5  1  54.5053  199.149  78.0449
6  5  2  90.6345  481.634  157.962
6  5  3  152.68  947.096  306.984
6  5  4  271.811  2012.98  524.847
6  5  5  583.727  4468.68  1122.25
For row 6 and col 6, pedestal is 208.895
6  6  1  55.5809  266.447  81.547
6  6  2  66.6049  465.12  149.808
6  6  3  133.777  1023.15  278.103
6  6  4  300.112  2397.22  636.342
6  6  5  399.19  3443.24  939.235
For row 6 and col 7, pedestal is 228.292
6  7  1  43.9105  312.181  76.8889
6  7  2  68.6968  540.452  131.733
6  7  3  150.046  1201.63  288.007
6  7  4  383.669  3070.59  768.193
6  7  5  583.299  4844.47  1108.84
For row 6 and col 8, pedestal is 238.586
6  8  1  18.8215  119.902  101.193
6  8  2  33.3856  222.129  162.229
6  8  3  57.1986  412.558  271.277
6  8  4  133.69  929.6  587.608
6  8  5  254.836  1888.07  956.225
For row 6 and col 9, pedestal is 231.86
6  9  1  9.69626  47.4209  61.5391
6  9  2  11.5883  74.9674  93.2584
6  9  3  19.5885  136.646  88.0621
6  9  4  43.4918  374.524  567.666
6  9  5  84.9385  743.465  1060.79
For row 6 and col 10, pedestal is 216.498
6  10  1  10.3523  40.1362  69.2883
6  10  2  10.0909  55.9818  69.9198
6  10  3  14.892  102.107  114.737
6  10  4  40.8986  309.702  355.217
6  10  5  90.7405  745.415  701.535
For row 6 and col 11, pedestal is 180.946
6  11  1  10.8757  33.6248  61.3589
6  11  2  8.03605  37.1658  57.5679
6  11  3  13.318  76.9885  100.488
6  11  4  30.8615  230.067  392.006
6  11  5  73.2854  612.48  791.806
For row 7 and col 0, pedestal is 187.301
7  0  1  7.0564  10.1644  39.6723
7  0  2  11.4299  44.2291  77.7984
7  0  3  16.3495  79.4266  109.836
7  0  4  56.8408  387.884  328.185
7  0  5  81.5258  507.375  476.014
For row 7 and col 1, pedestal is 220.058
7  1  1  11.0009  56.7696  48.5475
7  1  2  25.1511  148.03  115.223
7  1  3  39.2246  250.465  204.769
7  1  4  192.509  1420.9  598.596
7  1  5  232.781  1565.14  779.943
For row 7 and col 2, pedestal is 247.898
7  2  1  8.69832  27.6679  43.2465
7  2  2  14.191  66.5228  88.0319
7  2  3  16.1428  96.8081  131.347
7  2  4  61.7094  446.773  415.815
7  2  5  106.508  699.811  662.83
For row 7 and col 3, pedestal is 230.831
7  3  1  9.71202  37.2754  126.3
7  3  2  13.0669  69.54  105.307
7  3  3  18.0929  121.654  190.683
7  3  4  34.2197  263.449  431.833
7  3  5  73.6703  548.215  1185.8
For row 7 and col 4, pedestal is 202.789
7  4  1  50.1864  172.641  110.338
7  4  2  63.1588  371.308  314.43
7  4  3  101.313  711.827  296.133
7  4  4  212.975  1654.77  588.075
7  4  5  510.644  3887.6  1171.91
For row 7 and col 5, pedestal is 218.595
7  5  1  48.1197  251.82  111.488
7  5  2  101.766  561.31  192.521
7  5  3  287.443  1636.44  417.14
7  5  4  449.918  2960.56  595.011
7  5  5  964.004  6445.79  1087.96
For row 7 and col 6, pedestal is 217.812
7  6  1  45.8628  241.091  76.7663
7  6  2  68.5218  409.438  124.627
7  6  3  133.15  847.354  248.878
7  6  4  235.713  1538.47  455.714
7  6  5  576.37  4036.07  949.681
For row 7 and col 7, pedestal is 236.228
7  7  1  29.7678  193.009  119.193
7  7  2  37.5698  297.678  103.21
7  7  3  59.8993  500.205  192.514
7  7  4  184.938  1467.2  595.873
7  7  5  242.168  2011.26  772.334
For row 7 and col 8, pedestal is 208.57
7  8  1  13.9721  60.2912  77.954
7  8  2  12.9797  84.1174  102.58
7  8  3  21.8893  160.634  229.37
7  8  4  47.9531  348.689  588.272
7  8  5  86.2741  671.375  1020.02
For row 7 and col 9, pedestal is 182.823
7  9  1  9.32706  55.4466  104.467
7  9  2  12.1819  84.895  84.9963
7  9  3  24.9626  185.249  248.294
7  9  4  60.5295  469.254  587.358
7  9  5  149.393  1212.45  1225.16
For row 7 and col 10, pedestal is 199.047
7  10  1  8.33726  40.6026  62.4629
7  10  2  9.5216  73.2371  62.0844
7  10  3  18.4908  133.951  157.965
7  10  4  39.5596  320.444  541.018
7  10  5  77.5011  657.056  935.374
For row 7 and col 11, pedestal is 194.796
7  11  1  9.93818  20.7521  18.1239
7  11  2  8.42661  29.8749  77.2743
7  11  3  14.5443  98.6638  98.1345
7  11  4  33.6467  252.367  260.536
7  11  5  64.1906  513.921  674.368
For row 8 and col 0, pedestal is 237.425
8  0  1  6.96361  13.5439  44.8365
8  0  2  7.73282  28.0652  36.4271
8  0  3  10.5255  45.8081  62.52
8  0  4  32.802  244.1  380.86
8  0  5  32.0832  208.136  430.478
For row 8 and col 1, pedestal is 232.007
8  1  1  9.69058  47.2668  97.9626
8  1  2  10.7575  86.7699  71.4608
8  1  3  15.3828  141.844  143.705
8  1  4  62.1933  519.464  588.525
8  1  5  94.6551  681.202  1146.99
For row 8 and col 2, pedestal is 210.992
8  2  1  15.4069  77.2712  50.5464
8  2  2  27.8242  173.364  117.176
8  2  3  40.9443  280.702  202.837
8  2  4  127.297  936.046  556.959
8  2  5  123.813  834.488  635.098
For row 8 and col 3, pedestal is 212.471
8  3  1  7.30653  24.9646  42.4323
8  3  2  8.15671  43.0057  63.5319
8  3  3  8.29112  55.2492  77.3242
8  3  4  17.4914  130.132  220.947
8  3  5  32.5721  236.56  432.017
For row 8 and col 4, pedestal is 170.046
8  4  1  37.8244  134.249  75.9529
8  4  2  26.4187  19.9743  91.8057
8  4  3  118.127  669.728  373.215
8  4  4  198.698  1307.54  456.126
8  4  5  597.811  4449.54  1160.7
For row 8 and col 5, pedestal is 184.632
8  5  1  91.1527  469.929  88.3334
8  5  2  200.3  1158.59  195.952
8  5  3  502.78  3001.49  445.29
8  5  4  837.469  5693.75  685.338
8  5  5  1502.74  10358.3  1115.04
For row 8 and col 6, pedestal is 219.978
8  6  1  64.8154  277.778  108.188
8  6  2  89.6129  457.027  117.833
8  6  3  142.447  937.746  286.84
8  6  4  264.01  1978.92  640.175
8  6  5  220.931  1726.46  715.776
For row 8 and col 7, pedestal is 192.877
8  7  1  33.4379  241.939  94.623
8  7  2  51.1155  385.804  194.818
8  7  3  86.7994  670.554  297.064
8  7  4  181.38  1439.28  637.74
8  7  5  284.336  2326.84  958.338
For row 8 and col 8, pedestal is 211.628
8  8  1  12.7126  76.6779  83.0651
8  8  2  16.0301  101.372  94.3413
8  8  3  29.0018  218.116  241.49
8  8  4  48.4068  374.645  587.717
8  8  5  95.427  741.74  1262.55
For row 8 and col 9, pedestal is 207.946
8  9  1  7.70556  26.517  46.273
8  9  2  8.00474  41.402  60.7071
8  9  3  13.3748  111.092  106.222
8  9  4  21.7602  207.031  222.463
8  9  5  71.3595  632.079  778.739
For row 8 and col 10, pedestal is 222.205
8  10  1  8.87194  30.921  83.2417
8  10  2  9.24926  41.753  61.0479
8  10  3  13.4642  76.0337  52.5193
8  10  4  18.102  131.253  131.672
8  10  5  54.6793  435.247  693.942
For row 8 and col 11, pedestal is 205.928
8  11  1  9.79699  56.5149  45.1946
8  11  2  7.82083  65.9941  59.1841
8  11  3  15.3287  129.032  162.601
8  11  4  35.5925  311.946  300.542
8  11  5  76.1348  660.401  564.646
For row 9 and col 0, pedestal is 219.806
9  0  1  10.0597  25.0074  42.7168
9  0  2  9.35562  46.8252  61.622
9  0  3  11.6656  76.0043  56.8913
9  0  4  29.9635  254.099  355.482
9  0  5  41.7121  308.673  518.889
For row 9 and col 1, pedestal is 292.722
9  1  1  10.5803  44.407  26.6265
9  1  2  14.4104  95.3016  75.9599
9  1  3  23.1157  182.818  174.532
9  1  4  98.7147  764.886  510.225
9  1  5  100.459  704.673  720.042
For row 9 and col 2, pedestal is 213.498
9  2  1  9.30727  83.7299  77.8472
9  2  2  22.4244  163.919  92.445
9  2  3  39.18  296.644  161.249
9  2  4  137.89  1086.24  588.928
9  2  5  175.876  1261.02  920.946
For row 9 and col 3, pedestal is 253.362
9  3  1  13.006  69.3811  84.3521
9  3  2  17.985  125.363  137.796
9  3  3  34.2589  242.445  308.871
9  3  4  64.8585  513.387  574.347
9  3  5  160.568  1216.01  1425.06
For row 9 and col 4, pedestal is 204.436
9  4  1  45.2988  254.815  196.196
9  4  2  69.5416  528.527  138.327
9  4  3  176.49  1251.65  399.504
9  4  4  309.087  2478.01  560.961
9  4  5  855.602  6770.34  1328.84
For row 9 and col 5, pedestal is 186.606
9  5  1  39.8858  232.707  56.0305
9  5  2  98.9307  584.086  160.823
9  5  3  231.342  1371.62  293.877
9  5  4  458.115  3114.21  565.362
9  5  5  956.81  6584.88  1033.31
For row 9 and col 6, pedestal is 239.69
9  6  1  72.5574  399.255  103.973
9  6  2  101.438  633.827  152.586
9  6  3  229.897  1511.35  304.298
9  6  4  452.246  3001.02  596.756
9  6  5  735.199  5107.81  838.321
For row 9 and col 7, pedestal is 246.805
9  7  1  38.2767  357.456  73.9545
9  7  2  47.2527  422.568  155.669
9  7  3  71.0111  623.523  158.658
9  7  4  254.48  1974.24  496.07
9  7  5  495.28  3996.49  836.109
For row 9 and col 8, pedestal is 238.326
9  8  1  11.0145  70.4944  93.7619
9  8  2  12.5584  94.3944  115.082
9  8  3  24.5914  175.871  201.966
9  8  4  22.984  176.314  215.451
9  8  5  53.485  411.432  615.065
For row 9 and col 9, pedestal is 247.721
9  9  1  12.1251  45.6441  71.761
9  9  2  11.5139  66.2285  67.8232
9  9  3  20.1355  137.435  206.968
9  9  4  43.5128  346.341  540.945
9  9  5  92.9546  751.238  1002.36
For row 9 and col 10, pedestal is 232.575
9  10  1  10.8715  36.4773  81.7675
9  10  2  7.92345  57.2997  83.8185
9  10  3  16.663  125.732  130.139
9  10  4  33.99  284.582  383.37
9  10  5  57.9611  493.141  552.975
For row 9 and col 11, pedestal is 218.825
9  11  1  9.16731  51.5925  31.1604
9  11  2  14.2548  95.3172  68.5562
9  11  3  18.9023  147.927  112.717
9  11  4  48.1144  378.23  248.299
9  11  5  130.523  1056.77  596.298
For row 10 and col 0, pedestal is 264.828
10  0  1  13.1986  37.7988  75.8309
10  0  2  11.7351  41.8405  35.3982
10  0  3  10.5738  51.5422  82.9498
10  0  4  18.6797  126.839  183.712
10  0  5  18.597  130.699  259.424
For row 10 and col 1, pedestal is 222.71
10  1  1  12.1403  27.3472  68.6586
10  1  2  11.4486  52.8628  53.6886
10  1  3  17.3523  118.084  90.6548
10  1  4  45.0779  346.177  290.995
10  1  5  69.6535  499.599  696.035
For row 10 and col 2, pedestal is 243.024
10  2  1  13.9157  33.5305  52.4799
10  2  2  14.8314  56.295  98.2534
10  2  3  25.4414  151.686  179.1
10  2  4  68.5239  494.156  381.619
10  2  5  104.771  661.534  519.659
For row 10 and col 3, pedestal is 253.889
10  3  1  11.9413  65.3835  60.127
10  3  2  19.9867  134.826  135.485
10  3  3  38.9533  250.589  306.572
10  3  4  78.4107  578.364  565.653
10  3  5  168.818  1255.99  1192.06
For row 10 and col 4, pedestal is 215.511
10  4  1  52.1896  215.554  115.923
10  4  2  82.9667  525.1  299.742
10  4  3  199.117  1255.61  523.664
10  4  4  300.346  2220.4  680.439
10  4  5  798.001  6053.52  1249.83
For row 10 and col 5, pedestal is 229.657
10  5  1  80.1431  397.864  101.547
10  5  2  130.68  692.073  151.098
10  5  3  361.105  2063.74  386.558
10  5  4  490.995  3239  509.856
10  5  5  1239.7  8326.99  1051.6
For row 10 and col 6, pedestal is 249.218
10  6  1  51.8542  275.547  183.412
10  6  2  65.6947  503.636  110.797
10  6  3  156.583  1229.62  265.352
10  6  4  239.842  1907.32  487.779
10  6  5  492.402  3935.23  950.674
For row 10 and col 7, pedestal is 245.452
10  7  1  31.3512  240.708  84.6184
10  7  2  44.1106  365.94  130.504
10  7  3  101.43  881.242  220.489
10  7  4  243.496  1891.19  644.615
10  7  5  383.911  3000.59  812.172
For row 10 and col 8, pedestal is 234.439
10  8  1  9.87032  75.7504  77.7704
10  8  2  15.4157  122.144  99.207
10  8  3  26.3948  207.837  193.881
10  8  4  70.7535  528.585  596.747
10  8  5  109.129  830.865  848.043
For row 10 and col 9, pedestal is 206.793
10  9  1  13.6301  43.3309  130.338
10  9  2  8.84909  55.5815  53.7219
10  9  3  11.2248  89.1163  95.2221
10  9  4  30.2152  264.52  228.305
10  9  5  80.6733  691.245  521.876
For row 10 and col 10, pedestal is 230.176
10  10  1  8.70559  14.5527  27.4185
10  10  2  8.07735  22.3472  36.0302
10  10  3  8.43525  40.1731  50.2834
10  10  4  18.1771  137.065  191.041
10  10  5  41.8041  362.431  599.392
For row 10 and col 11, pedestal is 223.946
10  11  1  12.86  39.4184  97.019
10  11  2  13.5947  76.8318  62.058
10  11  3  19.8114  153.966  146.264
10  11  4  43.0579  342.464  349.67
10  11  5  84.1314  680.504  664.683
For row 11 and col 0, pedestal is 229.989
11  0  1  12.9264  20.8749  67.8303
11  0  2  12.3658  60.5623  91.2936
11  0  3  13.0527  87.8137  156.225
11  0  4  52.3502  375.051  294.048
11  0  5  80.4561  545.918  483.399
For row 11 and col 1, pedestal is 200.769
11  1  1  13.647  22.4333  71.0767
11  1  2  12.5618  35.2635  45.0608
11  1  3  14.7774  67.4273  115.118
11  1  4  25.3049  203.695  353.405
11  1  5  20.722  155.48  258.756
For row 11 and col 2, pedestal is 226.462
11  2  1  15.306  27.6833  128.084
11  2  2  17.7874  55.3624  107.07
11  2  3  24.927  95.9966  303.556
11  2  4  46.9731  325.141  626.326
11  2  5  55.5435  338.941  583.293
For row 11 and col 3, pedestal is 238.201
11  3  1  17.2671  25.1124  105.19
11  3  2  20.0991  35.6309  159.057
11  3  3  24.3699  67.3613  471.56
11  3  4  37.1921  175.903  573.102
11  3  5  67.1797  406.072  1002.14
For row 11 and col 4, pedestal is 230.471
11  4  1  50.8379  277.054  77.5661
11  4  2  89.7645  575.072  142.276
11  4  3  173.72  1249.57  359.194
11  4  4  397.922  2997.37  648.654
11  4  5  993.327  7720.84  1350.07
For row 11 and col 5, pedestal is 230.029
11  5  1  51.0072  202.642  186.559
11  5  2  127.938  673.816  184.392
11  5  3  264.863  1593.13  326.789
11  5  4  405.634  2730.42  527.555
11  5  5  1315.65  9039.32  1355.04
For row 11 and col 6, pedestal is 221.659
11  6  1  69.8593  253.992  772.463
11  6  2  65.1691  404.631  202.956
11  6  3  81.4136  519.541  160.454
11  6  4  206.868  1511.04  397.084
11  6  5  334.213  2472.07  876.909
For row 11 and col 7, pedestal is 188.924
11  7  1  52.3991  216.65  324.525
11  7  2  55.9001  360.134  217.574
11  7  3  104.112  839.092  438.422
11  7  4  181.715  1452.08  598.619
11  7  5  323.612  2556.62  933.907
For row 11 and col 8, pedestal is 213.714
11  8  1  12.0885  73.5848  96.6603
11  8  2  17.1591  141.023  143.642
11  8  3  30.7507  245.548  248.643
11  8  4  57.1945  445.903  522.794
11  8  5  114.658  901.633  1107.03
For row 11 and col 9, pedestal is 194.023
11  9  1  15.4268  61.8689  62.5079
11  9  2  11.3127  80.3387  98.7674
11  9  3  18.9694  142.705  150.292
11  9  4  37.2993  320.745  394.521
11  9  5  96.5151  838.251  1090.43
For row 11 and col 10, pedestal is 196.233
11  10  1  14.3384  59.1946  59.9995
11  10  2  11.8718  69.8015  133.885
11  10  3  18.5733  140.181  205.468
11  10  4  35.6832  333.796  420.152
11  10  5  68.2294  663.825  1236.26
For row 11 and col 11, pedestal is 246.791
11  11  1  15.2878  57.1142  80.8959
11  11  2  12.3642  76.128  72.9962
11  11  3  14.4788  102.545  93.3031
11  11  4  33.3382  252.531  179.461
11  11  5  67.87  551.545  638.782
