#All information for run 1293.
#Row Col LED <Max> <Int> NPE
For row 12 and col 0, pedestal is 238.711
12  0  1  824.357  4738.36  79.3921
12  0  2  1932.14  12096.9  167.923
12  0  3  3868.95  25433.7  646.931
For row 12 and col 1, pedestal is 194.428
12  1  1  127.852  690.458  15.3418
12  1  2  1575.23  9384.02  149.117
For row 12 and col 2, pedestal is 215.141
12  2  1  390.694  2159.63  75.1234
12  2  2  1032.61  6241.58  184.844
12  2  3  2181.72  13376.6  324.917
For row 12 and col 3, pedestal is 216.24
12  3  1  1086.79  6177.48  100.106
12  3  2  2661.89  15507.1  181.202
12  3  3  3610.86  23282.3  238.227
For row 12 and col 4, pedestal is 231.765
12  4  1  93.7279  543.723  61.5036
12  4  2  161.596  989.186  108.885
12  4  3  380.61  2562.58  240.38
For row 12 and col 5, pedestal is 207.915
12  5  1  252.826  1543.65  87.5338
12  5  2  464.319  2893.35  146.531
12  5  3  851.29  5915.3  254.427
For row 12 and col 6, pedestal is 204.253
12  6  1  203.231  1300.89  95.7373
12  6  2  305.349  1918.1  147.744
12  6  3  549.006  3997.73  241.13
For row 12 and col 7, pedestal is 195.916
12  7  1  110.877  671.428  56.9374
12  7  2  152.331  876.107  93.4985
12  7  3  354.374  2606.29  204.886
For row 12 and col 8, pedestal is 234.941
12  8  1  565.598  3148.9  64.293
12  8  2  1316.16  7795.24  142.021
12  8  3  4532.58  26465.2  244.632
For row 12 and col 9, pedestal is 230.575
12  9  1  885.637  4842.03  99.6311
12  9  2  2171.87  12090.1  205.092
12  9  3  3591.67  20965.4  294.989
For row 12 and col 10, pedestal is 214.844
12  10  1  677.067  3802.22  95.4897
12  10  2  1616.22  9242.33  199.485
12  10  3  2512.63  14940.9  270.923
For row 12 and col 11, pedestal is 184.855
12  11  1  888.725  4986.04  122.556
12  11  2  1976.73  11278.7  206.357
12  11  3  3403.99  22111.7  623.218
For row 13 and col 0, pedestal is 168.656
13  0  1  605.008  3436.93  41.7847
13  0  2  1939.31  11839.5  117.449
For row 13 and col 1, pedestal is 199.379
13  1  1  968.854  5402.27  68.3904
13  1  2  2949.09  17760.8  130.468
13  1  3  3151.54  16728.9  13.576
For row 13 and col 2, pedestal is 214.917
13  2  1  647.799  3794.86  87.4281
13  2  2  1498.97  9509.34  184.507
13  2  3  3798.96  25778.4  770.742
For row 13 and col 3, pedestal is 195.377
13  3  1  846.898  4755.61  109.373
13  3  2  1433.66  8398.6  174.825
13  3  3  2660.02  17277.8  281.169
For row 13 and col 4, pedestal is 205.043
13  4  1  120.267  636.372  29.7503
13  4  2  833.317  4525.99  174.93
13  4  3  1227.46  7480.04  249.156
For row 13 and col 5, pedestal is 203.21
13  5  1  130.068  766.209  108.19
13  5  2  251.993  1486.87  190.532
13  5  3  471.338  3152.93  328.388
For row 13 and col 6, pedestal is 150.246
13  6  1  698.048  3770.85  142.992
13  6  2  1045.58  5970.04  207.476
13  6  3  2367.91  15053.1  295.178
For row 13 and col 7, pedestal is 197.513
13  7  1  321.12  1898.95  133.696
13  7  2  595.719  3730.07  225.608
13  7  3  1116.15  8060.16  383.685
For row 13 and col 8, pedestal is 225.254
13  8  1  1314.62  7774.37  113.889
13  8  2  1961.95  12138.9  162.098
For row 13 and col 9, pedestal is 214.602
13  9  1  540.727  3076.67  71.9151
13  9  2  1459.92  8398.91  184.8
13  9  3  2363.92  14165.3  271.072
For row 13 and col 10, pedestal is 196.275
13  10  1  767.658  4292.8  93.611
13  10  2  1711.49  9829.94  195.776
13  10  3  3252.97  19615.6  255.797
For row 13 and col 11, pedestal is 211.225
13  11  1  573.572  3232.04  107.778
13  11  2  1147.32  6618.12  206.05
13  11  3  2362.01  14219.1  357.091
For row 14 and col 0, pedestal is 203.072
14  0  1  375.302  2141.24  66.4379
14  0  2  960.111  6003.81  168.286
14  0  3  2367.97  15031.7  326.146
For row 14 and col 1, pedestal is 227.448
14  1  1  656.868  3836.93  81.7865
14  1  2  1213.96  7697.74  144.165
14  1  3  3382.36  21999  255.896
For row 14 and col 2, pedestal is 189.565
14  2  1  827.057  4912.12  86.7613
14  2  2  1616.52  10373.7  156.254
For row 14 and col 3, pedestal is 211.953
14  3  1  433.937  2436.43  95.9823
14  3  2  964.996  5730.89  199.182
14  3  3  892.456  5864.37  190.529
For row 14 and col 4, pedestal is 185.484
14  4  1  168.824  1054.41  73.4222
14  4  2  390.204  2371.15  150.957
14  4  3  691.573  4758.43  249.331
For row 14 and col 5, pedestal is 217.512
14  5  1  273.718  1646.23  79.6012
14  5  2  430.142  2656.63  127.468
14  5  3  918.482  6389.6  264.083
For row 14 and col 6, pedestal is 181.038
14  6  1  278.102  1561.69  134.44
14  6  2  465.929  3066.86  220.002
14  6  3  789.741  5874.42  325.984
For row 14 and col 7, pedestal is 228.682
14  7  1  225.725  1419.41  126.216
14  7  2  385.469  2550.73  219.603
14  7  3  886.459  6681.84  389.714
For row 14 and col 8, pedestal is 201.85
14  8  1  1044.62  6518.8  168.485
14  8  2  1284.66  8377.82  220.704
14  8  3  3307.55  23809.5  338.364
For row 14 and col 9, pedestal is 213.479
14  9  1  402.033  2346.52  88.7841
14  9  2  1159.91  6803.73  231.657
14  9  3  1825.3  11143  342.79
For row 14 and col 10, pedestal is 238.014
14  10  1  943.221  5533.49  70.1577
14  10  2  2018.2  12118.1  130.827
14  10  3  3745.65  24825  206.313
For row 14 and col 11, pedestal is 210.143
14  11  1  1109.83  6502.47  81.6594
14  11  2  2398.69  14190.4  158.068
14  11  3  3805.02  25020.9  nan
For row 15 and col 0, pedestal is 231.938
15  0  1  978.234  5433.99  77.6091
15  0  2  2218  13250.3  162.795
For row 15 and col 1, pedestal is 199.899
15  1  1  239.654  1310.01  37.0061
15  1  2  926.533  5598.87  134.492
15  1  3  3794.56  23562.6  333.417
For row 15 and col 2, pedestal is 221.217
15  2  1  888.242  4926.5  104.711
15  2  2  1862.3  11170.9  196.539
For row 15 and col 3, pedestal is 174.126
15  3  1  786.998  4383.17  95.5628
15  3  2  2077.87  11933.8  211.184
15  3  3  123.424  773.353  19.6234
For row 15 and col 4, pedestal is 212.503
15  4  1  191.559  1197.87  72.851
15  4  2  377.118  2320.37  131.703
15  4  3  987.287  6870.16  296.179
For row 15 and col 5, pedestal is 180.621
15  5  1  223.224  1478.24  89.9144
15  5  2  345.14  2291.02  144.914
15  5  3  932.318  6694.7  318.536
For row 15 and col 6, pedestal is 219.92
15  6  1  525.953  2917.41  122.424
15  6  2  726.357  4101.29  176.809
15  6  3  2027.02  12825.1  337.417
For row 15 and col 7, pedestal is 224.367
15  7  1  337.329  2224.09  159.242
15  7  2  430.475  2946.74  196.865
15  7  3  979.371  7407.79  347.947
For row 15 and col 8, pedestal is 175.309
15  8  1  761.179  4566.89  174.545
15  8  2  844.155  5261.95  206.828
15  8  3  2675.18  18724.9  516.267
For row 15 and col 9, pedestal is 189.659
15  9  1  475.831  2654.22  102.774
15  9  2  886.572  5086.08  186.145
15  9  3  1782.89  10672.5  337.881
For row 15 and col 10, pedestal is 184.92
15  10  1  432.94  2400.83  78.6185
15  10  2  1064.47  6064.67  178.595
15  10  3  2057.78  12264.1  337.248
For row 15 and col 11, pedestal is 206.328
15  11  1  435.61  2458.65  61.3203
15  11  2  1224.49  7108.85  152.621
15  11  3  2290.46  13956.4  258.301
For row 16 and col 0, pedestal is 181.267
16  0  1  71.4277  388.209  16.2139
16  0  2  1029.72  6223.32  196.778
16  0  3  2598.25  16033  353.587
For row 16 and col 1, pedestal is 217.409
16  1  1  600.277  3363.02  68.716
16  1  2  1817.15  11055.3  186.606
For row 16 and col 2, pedestal is 208.578
16  2  1  405.448  2298.67  101.696
16  2  2  882.206  5444.52  205.874
16  2  3  2508.14  15795.2  467.849
For row 16 and col 3, pedestal is 203.033
16  3  1  526.611  2941.86  96.4501
16  3  2  1087.11  6371.54  187.367
16  3  3  1613.28  10510.5  278.315
For row 16 and col 4, pedestal is 229.272
16  4  1  166.085  1127.79  72.2992
16  4  2  241.973  1559.26  121.458
16  4  3  586.238  4099.9  268.857
For row 16 and col 5, pedestal is 193.322
16  5  1  26.3823  92.9471  47.1522
16  5  2  700.088  3853.64  139.34
16  5  3  1457.09  8855.66  272.654
For row 16 and col 6, pedestal is 190.103
16  6  1  318.991  1841.2  198.245
16  6  2  476.67  3149.77  240.42
16  6  3  1139.56  8502.25  494.004
For row 16 and col 7, pedestal is 220.527
16  7  1  233.296  1355.08  113.608
16  7  2  367.915  2407.87  156.089
16  7  3  698.673  5269.31  329.816
For row 16 and col 8, pedestal is 190.819
16  8  1  1751.86  10176.3  130.251
16  8  2  2937.02  17887.3  174.829
For row 16 and col 9, pedestal is 217.097
16  9  1  430.752  2439.54  89.6112
16  9  2  1076.09  6243.45  203.356
16  9  3  2242.39  13688.4  382.95
For row 16 and col 10, pedestal is 211.389
16  10  1  1023.04  5781.8  114.974
16  10  2  2578.71  14900.7  226.814
16  10  3  5416.4  24829.2  121.12
For row 16 and col 11, pedestal is 207.652
16  11  1  191.2  1054.41  78.3191
16  11  2  449.399  2583.57  173.493
16  11  3  823.059  4958.92  294.647
For row 17 and col 0, pedestal is 192.259
17  0  1  503.841  2709.79  86.4974
17  0  2  1253.62  7379.65  193.115
17  0  3  3410.39  20687.9  326.641
For row 17 and col 1, pedestal is 200.816
17  1  1  31.1303  195.627  14.9775
17  1  2  396.138  2426.99  119.177
17  1  3  61.6386  404.256  22.6446
For row 17 and col 2, pedestal is 198.385
17  2  1  1319.31  7555.5  96.4978
17  2  2  3320.24  20385.3  162.925
For row 17 and col 3, pedestal is 225.149
17  3  1  496.1  2732.94  88.5071
17  3  2  994.035  5670.51  171.409
17  3  3  1671.63  10623.8  293.732
For row 17 and col 4, pedestal is 210.379
17  4  1  251.701  1362.67  99.2975
17  4  2  512.896  3092.27  177.594
17  4  3  820.239  5706.56  287.333
For row 17 and col 5, pedestal is 175.127
17  5  1  646.887  3395.99  103.979
17  5  2  1166.4  6339.79  169.215
17  5  3  2364.13  14330.4  256.819
For row 17 and col 6, pedestal is 220.089
17  6  1  415.16  1976.8  118.781
17  6  2  586.768  3216.73  179.532
17  6  3  1330.1  8095.03  330.081
For row 17 and col 7, pedestal is 231.222
17  7  1  148.789  898.533  115.285
17  7  2  229.862  1601.62  180.021
17  7  3  420.091  3204.75  350.748
For row 17 and col 8, pedestal is 214.399
17  8  1  1107.52  6308.44  89.5075
17  8  2  2959.58  17447.8  168.886
For row 17 and col 9, pedestal is 217.13
17  9  1  628.179  3604.37  72.8796
17  9  2  1183.81  6855.46  136.26
17  9  3  2987.03  17898.7  229.149
For row 17 and col 10, pedestal is 205.343
17  10  1  900.351  5061.63  100.44
17  10  2  1920.4  10932.4  204.18
17  10  3  2944.66  17416.6  238.606
For row 17 and col 11, pedestal is 243.502
17  11  1  233.422  1254.11  66.5748
17  11  2  685.636  3860.23  189.301
17  11  3  1367.68  8288.72  340.295
For row 18 and col 0, pedestal is 210.002
18  0  1  430.99  2379.28  44.9483
18  0  2  1248.18  7299.79  118.688
18  0  3  1826.72  11550.7  169.029
For row 18 and col 1, pedestal is 216.403
18  1  1  76.6021  419.259  63.4165
18  1  2  193.21  1146.74  152.879
18  1  3  400.355  2590.93  291.068
For row 18 and col 2, pedestal is 209.384
18  2  1  738.143  3974.27  57.1649
18  2  2  2057.77  11729.4  138.046
18  2  3  3185.22  19594  158.957
For row 18 and col 3, pedestal is 240.698
18  3  1  494.471  3120.2  91.2402
18  3  2  1093.55  7282.11  191.132
18  3  3  2786.57  18530.6  259.885
For row 18 and col 4, pedestal is 195.524
18  4  1  340.771  1788.35  86.5492
18  4  2  719.627  3988.91  172.787
18  4  3  1483.65  8319.65  297.878
For row 18 and col 5, pedestal is 188.541
18  5  1  228.459  1379.8  116.54
18  5  2  496.657  3193.28  216.019
18  5  3  996.883  6470.84  375.83
For row 18 and col 6, pedestal is 209.2
18  6  1  233.959  1605.39  119.401
18  6  2  439.563  2978.9  199.657
18  6  3  890.333  6727.49  368.686
For row 18 and col 7, pedestal is 230.302
18  7  1  326.196  2088.55  132.994
18  7  2  556.551  3677.4  199.039
18  7  3  1129.93  8351.71  367.998
For row 18 and col 8, pedestal is 239.477
18  8  1  2272.44  13210.4  103.465
18  8  2  3690.72  23451.2  437.464
For row 18 and col 9, pedestal is 231.689
18  9  1  500.313  3568.95  82.294
18  9  2  858.633  6056.54  128.196
18  9  3  1782.71  13551.3  271.242
For row 18 and col 10, pedestal is 217.282
18  10  1  866.525  6075  72.7162
18  10  2  1161.93  7993.15  91.1204
18  10  3  2251.22  16619.7  164.596
For row 18 and col 11, pedestal is 183.351
18  11  1  379.924  2601.4  50.8585
18  11  2  436.887  2940.16  56.0965
18  11  3  1086.3  7970.7  138.751
For row 19 and col 0, pedestal is 189.644
19  0  1  429.439  2280.38  48.1522
19  0  2  1194.46  6820.84  125.758
19  0  3  2099.18  12936.7  204.607
For row 19 and col 1, pedestal is 220.58
19  1  1  1201.81  6644.17  63.6475
19  1  2  2917.79  17125.2  114.093
19  1  3  3786.63  31103.5  42.2327
For row 19 and col 2, pedestal is 250.613
19  2  1  539.854  2945.28  74.0547
19  2  2  1363.54  7895.99  183.603
19  2  3  1906.43  11973.2  234.282
For row 19 and col 3, pedestal is 231.315
19  3  1  405.396  2343.44  114.591
19  3  2  837.08  5154.74  233.781
19  3  3  1493.62  9355.79  388.15
For row 19 and col 4, pedestal is 204.209
19  4  1  203.165  1133.77  92.3603
19  4  2  395.927  2494.6  179.945
19  4  3  755.693  4797.85  296.347
For row 19 and col 5, pedestal is 218.56
19  5  1  301.641  1543.25  80.789
19  5  2  656.839  3618.14  169.691
19  5  3  1923.96  10718.5  353.271
For row 19 and col 6, pedestal is 218.562
19  6  1  284.503  1548.52  96.9333
19  6  2  476.555  2737.37  149.901
19  6  3  920.653  5833.44  267.118
For row 19 and col 7, pedestal is 237.189
19  7  1  150.626  991.504  106.029
19  7  2  238.105  1616.79  156.966
19  7  3  380.279  2898.67  237.675
For row 19 and col 8, pedestal is 208.209
19  8  1  746.268  4563.02  129.717
19  8  2  1095.07  7013.44  190.41
19  8  3  1968.69  13904  317.359
For row 19 and col 9, pedestal is 183.79
19  9  1  774.352  5422.96  82.8149
19  9  2  1309.9  8988.29  127.292
19  9  3  2982.82  21758.6  217.069
For row 19 and col 10, pedestal is 199.608
19  10  1  421.343  2991.09  73.5247
19  10  2  882.266  6216  137.823
19  10  3  1837.27  13976.7  283.091
For row 19 and col 11, pedestal is 194.875
19  11  1  250.256  1713.64  59.3864
19  11  2  386.833  2610.08  73.5938
19  11  3  1352.49  10059.8  254.909
For row 20 and col 0, pedestal is 240.453
20  0  1  185.144  990.61  49.2865
20  0  2  559.82  3251.36  150.463
20  0  3  983.434  6163.29  242.508
For row 20 and col 1, pedestal is 234.435
20  1  1  493.922  2736.55  59.9198
20  1  2  1245.87  7333.38  136.014
20  1  3  2311.7  14607.9  245.668
For row 20 and col 2, pedestal is 213.423
20  2  1  1430.61  7751.52  64.7989
20  2  2  3742.18  21044.1  121.911
For row 20 and col 3, pedestal is 216.289
20  3  1  576.581  3326.12  102.553
20  3  2  1326.17  8044.94  215.019
20  3  3  2034.45  12449.3  320.891
For row 20 and col 4, pedestal is 171.366
20  4  1  149.559  843.105  68.0805
20  4  2  27.0789  118.015  110.358
20  4  3  685.1  4391.26  275.136
For row 20 and col 5, pedestal is 187.681
20  5  1  566.934  2970.81  87.2556
20  5  2  1320.59  7441.89  195.187
20  5  3  3717.15  21991.3  288.093
For row 20 and col 6, pedestal is 222.526
20  6  1  323.154  2018.6  159.067
20  6  2  567.464  3627.51  239.463
20  6  3  1129.83  8166.57  383.531
For row 20 and col 7, pedestal is 194.402
20  7  1  186.506  1246.64  131.587
20  7  2  285.383  1961.96  180.925
20  7  3  556.171  4245.84  332.906
For row 20 and col 8, pedestal is 214.342
20  8  1  1002.46  5963.59  141.282
20  8  2  1379.12  8617.42  199.817
20  8  3  3125.73  21309.6  282.956
For row 20 and col 9, pedestal is 211.315
20  9  1  454.82  3291.77  75.2574
20  9  2  751.334  5396.18  107.574
20  9  3  1727.7  13417.5  263.281
For row 20 and col 10, pedestal is 224.577
20  10  1  339.604  2383.07  66.6866
20  10  2  740.977  5118.73  118.56
20  10  3  1523.41  11448.1  246.051
For row 20 and col 11, pedestal is 210.588
20  11  1  332.768  2361.15  88.0392
20  11  2  449.137  3129.59  101.35
20  11  3  1435.21  10804.4  320.858
For row 21 and col 0, pedestal is 221.473
21  0  1  238.012  1325.88  52.8221
21  0  2  601.325  3635.81  130.849
21  0  3  1114.09  7192.88  219.652
For row 21 and col 1, pedestal is 294.526
21  1  1  738.065  4010.7  54.7008
21  1  2  2008.46  11516.6  143.192
21  1  3  3961.54  24135.7  301.874
For row 21 and col 2, pedestal is 214.405
21  2  1  1187.63  6623.62  60.0841
21  2  2  2874.53  16940.4  134.033
For row 21 and col 3, pedestal is 253.958
21  3  1  1391.29  7912.68  102.76
21  3  2  2717.1  16402.5  164.039
For row 21 and col 4, pedestal is 205.365
21  4  1  258.939  1492.52  93.3652
21  4  2  519.431  3346.79  170.108
21  4  3  1256.9  8295.43  358.849
For row 21 and col 5, pedestal is 187.283
21  5  1  308.647  1609.3  66.277
21  5  2  735.608  4105.71  146.114
21  5  3  1754.8  9994.41  301.715
For row 21 and col 6, pedestal is 240.577
21  6  1  480.481  2562.34  115.556
21  6  2  720.363  4053.56  157.626
21  6  3  1617.77  10121.8  299.583
For row 21 and col 7, pedestal is 247.797
21  7  1  308.346  1952.13  109.341
21  7  2  371.268  2486.54  129.968
21  7  3  496.171  3674.72  182.926
For row 21 and col 8, pedestal is 239.309
21  8  1  958.358  5633.93  159.889
21  8  2  1387.04  8542.15  206.051
21  8  3  2752.62  18709.4  369.76
For row 21 and col 9, pedestal is 248.661
21  9  1  581.769  4077.31  85.1101
21  9  2  1012.8  6877.61  125.377
21  9  3  2384.6  17428.3  297.077
For row 21 and col 10, pedestal is 233.899
21  10  1  557.228  3955.03  78.483
21  10  2  916.859  6390.91  112.942
21  10  3  1988.45  14944.2  250.368
For row 21 and col 11, pedestal is 220.304
21  11  1  851.463  6034.88  86.3709
21  11  2  1689.98  11657.6  141.47
21  11  3  2731.05  20295.1  215.641
For row 22 and col 0, pedestal is 267.954
22  0  1  91.6191  494.569  47.2941
22  0  2  173.777  1026.43  97.3886
22  0  3  417.384  2577.61  212.803
For row 22 and col 1, pedestal is 224.827
22  1  1  254.796  1480.16  30.5625
22  1  2  708.872  4356.99  81.9165
22  1  3  2015.44  13182.4  213.262
For row 22 and col 2, pedestal is 245.492
22  2  1  597.731  3290.47  47.7622
22  2  2  1236.86  7280.61  101.009
22  2  3  3528.06  22418.6  301.225
For row 22 and col 3, pedestal is 254.273
22  3  1  1128.55  6508.14  105.495
22  3  2  2381.15  14488.6  188.838
For row 22 and col 4, pedestal is 218.18
22  4  1  233.346  1292.38  97.182
22  4  2  505.24  3169.49  194.328
22  4  3  1243.87  8030.42  384.957
For row 22 and col 5, pedestal is 231.487
22  5  1  491.158  2523.45  90.1743
22  5  2  841.087  4608.62  143.086
22  5  3  2571.19  14322.7  282.507
For row 22 and col 6, pedestal is 250.391
22  6  1  274.407  1749.72  117.384
22  6  2  511.591  3385.27  191.526
22  6  3  1128.31  8347.8  368.619
For row 22 and col 7, pedestal is 245.975
22  7  1  246.317  1631.48  99.7716
22  7  2  343.343  2422.87  140.575
22  7  3  795.843  6061.39  303.048
For row 22 and col 8, pedestal is 236.799
22  8  1  1310.53  7730.78  117.313
22  8  2  2108.72  12994.3  175.94
22  8  3  3608.34  24445.7  300.14
For row 22 and col 9, pedestal is 207.939
22  9  1  436.392  3056.5  51.9577
22  9  2  798.866  5452  81.5311
22  9  3  1396.77  10345.7  149.003
For row 22 and col 10, pedestal is 229.75
22  10  1  276.425  1950.39  66.1306
22  10  2  506.49  3505.7  102.476
22  10  3  818.115  6121.98  168.643
For row 22 and col 11, pedestal is 223.954
22  11  1  492.485  3502.37  52.0651
22  11  2  1330.62  9316.97  120.254
22  11  3  2630.26  19800.9  199.485
For row 23 and col 0, pedestal is 231.986
23  0  1  261.867  1450.81  45.5006
23  0  2  890.794  5301.21  139.271
23  0  3  1450.48  9295.46  222.805
For row 23 and col 1, pedestal is 202.7
23  1  1  144.065  782.102  49.8084
23  1  2  383.348  2296.4  135.261
23  1  3  818.123  5273.29  260.489
For row 23 and col 2, pedestal is 226.916
23  2  1  185.027  1003.53  35.7069
23  2  2  814.063  4753.14  146.835
23  2  3  1509.45  9535.98  256.714
For row 23 and col 3, pedestal is 239.011
23  3  1  395.995  2212.17  88.776
23  3  2  735.962  4369.36  171.65
23  3  3  1227.31  7389.69  278.581
For row 23 and col 4, pedestal is 231.8
23  4  1  301.863  1823.09  116.257
23  4  2  591.183  3869.05  220.825
23  4  3  1300.73  8566.14  394.518
For row 23 and col 5, pedestal is 232.944
23  5  1  310.286  1545.75  84.6992
23  5  2  850.584  4754.49  199.776
23  5  3  1956.52  11176.1  359.902
For row 23 and col 6, pedestal is 225.744
23  6  1  228.664  1427.09  156.291
23  6  2  359.727  2325.29  173.202
23  6  3  470.352  3436.12  247.943
For row 23 and col 7, pedestal is 191.643
23  7  1  240.61  1407.68  108.407
23  7  2  346.364  2387.58  180.132
23  7  3  769.744  5920.2  348.536
For row 23 and col 8, pedestal is 214.933
23  8  1  1129.12  6751.74  111.433
23  8  2  2164.08  13525.8  188.979
23  8  3  3838.7  26463.5  594.343
For row 23 and col 9, pedestal is 194.875
23  9  1  510.606  3641.38  60.7196
23  9  2  1097.3  7603.19  115.074
23  9  3  2148.75  16035.3  213.586
For row 23 and col 10, pedestal is 197.311
23  10  1  529.813  3761.17  64.9502
23  10  2  1102  7576.54  123.094
23  10  3  2327.48  17380.3  257.624
For row 23 and col 11, pedestal is 248.73
23  11  1  348.92  2490.41  58.8456
23  11  2  637.212  4463.49  90.4895
23  11  3  1173.21  8874.72  178.23
