#All information for run 1203.
#Row Col LED <Max> <Int> NPE
For row 0 and col 0, pedestal is 236.856
0  0  1  111.635  641.258  86.0987
0  0  2  256.589  1623.21  177.18
0  0  3  521.52  3390.37  344.478
0  0  4  1122.27  8121.97  653.462
0  0  5  2476.58  22372.6  1582.57
For row 0 and col 1, pedestal is 192.403
0  1  1  21.7098  99.3866  22.1919
0  1  2  211.421  1288.03  155.6
0  1  3  757.131  4701.68  436.492
0  1  4  970.966  6711.67  577.104
0  1  5  1270.87  11035.3  888.188
For row 0 and col 2, pedestal is 211.729
0  2  1  59.7157  331.991  76.9504
0  2  2  148.833  922.128  197.925
0  2  3  309.762  1926.7  350.945
0  2  4  725.568  5055.99  648.279
0  2  5  1704.85  14930.6  901.451
For row 0 and col 3, pedestal is 215.383
0  3  1  159.169  949.361  98.7538
0  3  2  384  2341.25  224.562
0  3  3  515.663  3456.64  299.343
0  3  4  1730.56  10919  787.214
0  3  5  7990.16  41803.7  nan
For row 0 and col 4, pedestal is 229.635
0  4  1  31.4477  162.774  114.16
0  4  2  45.5207  283.601  83.6175
0  4  3  106.809  732.981  214.403
0  4  4  394.432  2562.68  630.08
0  4  5  1003.71  7282.22  1462.67
For row 0 and col 5, pedestal is 206.589
0  5  1  64.872  483.186  52.6696
0  5  2  121.959  884.305  132.796
0  5  3  240.413  1781.35  258.093
0  5  4  655.556  4338.79  643.718
0  5  5  2350.11  17411.2  1687.36
For row 0 and col 6, pedestal is 202.269
0  6  1  58.2266  417.185  188.117
0  6  2  84.9504  596.894  140.149
0  6  3  144.42  1153.56  240.697
0  6  4  243.695  2531.14  455.256
0  6  5  818.861  6529.15  944.916
For row 0 and col 7, pedestal is 193.341
0  7  1  30.9189  207.03  69.8493
0  7  2  54.9671  249.171  97.2855
0  7  3  110.655  744.172  191.417
0  7  4  154.896  1316.77  294.458
0  7  5  560.03  4335.21  847.16
For row 0 and col 8, pedestal is 232.862
0  8  1  85.6201  461.749  72.6836
0  8  2  188.132  1140.6  141.268
0  8  3  583.965  3922.06  392.227
0  8  4  723.298  6235.8  555.748
0  8  5  2286.27  16449.1  1265.23
For row 0 and col 9, pedestal is 231.627
0  9  1  128.016  710.082  102.374
0  9  2  304.845  1738.38  228.337
0  9  3  480.778  2883.04  344.66
0  9  4  697.911  4503.37  484.113
0  9  5  1667.54  12021.7  1001.83
For row 0 and col 10, pedestal is 213.279
0  10  1  104.593  588.248  92.2048
0  10  2  235.678  1392.36  197.258
0  10  3  359.308  2211.99  295.74
0  10  4  684.179  4469.68  513.885
0  10  5  1248.29  9181.09  891.668
For row 0 and col 11, pedestal is 181.899
0  11  1  133.468  747.99  100.726
0  11  2  282.746  1643.11  180.264
0  11  3  488.484  3004.29  265.275
0  11  4  990.519  6490.49  409.271
0  11  5  1411.99  10412.4  634.824
For row 1 and col 0, pedestal is 168.108
1  0  1  74.8395  426.093  41.6469
1  0  2  228.494  1448.19  114.75
1  0  3  699.611  4469.96  296.829
1  0  4  1269.54  8999.82  485.999
1  0  5  3845.24  33691  703.496
For row 1 and col 1, pedestal is 199.514
1  1  1  131.493  751.745  65.5213
1  1  2  382.618  2377.78  167.758
1  1  3  601.78  3807.93  261.999
1  1  4  1396.92  9811.09  533.786
1  1  5  2357.91  20719.9  948.258
For row 1 and col 2, pedestal is 213.167
1  2  1  79.3017  502.262  93.8907
1  2  2  186.845  1248.21  198.242
1  2  3  473.349  3143.18  443.605
1  2  4  905.469  6637.88  786.785
1  2  5  1766.7  16068.2  1433.91
For row 1 and col 3, pedestal is 194.862
1  3  1  127.236  748.156  95.5351
1  3  2  211.949  1299.73  177.277
1  3  3  397.848  2666.06  303.789
1  3  4  1293.04  8114.17  856.629
1  3  5  2785.7  19433.8  1620.97
For row 1 and col 4, pedestal is 203.375
1  4  1  31.2625  206.745  27.8351
1  4  2  243.986  1389.36  160.162
1  4  3  361.835  2284.47  262.681
1  4  4  1455.81  8552.78  783.743
1  4  5  7909.8  24773.6  169.911
For row 1 and col 5, pedestal is 203.135
1  5  1  42.1095  241.74  96.5858
1  5  2  76.878  453.429  160.254
1  5  3  138.011  945.255  310.261
1  5  4  355.123  2314.9  857.502
1  5  5  1104.16  8091.23  1876.74
For row 1 and col 6, pedestal is 148.206
1  6  1  192.694  1053.98  158.646
1  6  2  294.379  1665.23  212.801
1  6  3  628.113  4073.86  400.247
1  6  4  1022  8583.82  754.86
1  6  5  3140.1  22089.9  1178.85
For row 1 and col 7, pedestal is 195.1
1  7  1  94.0429  551.514  123.95
1  7  2  173.423  1086.49  189.142
1  7  3  320.984  2292.7  360.421
1  7  4  506.911  4744.36  659.325
1  7  5  1540.94  12058.9  1308.33
For row 1 and col 8, pedestal is 224.298
1  8  1  195.279  1157.77  120.194
1  8  2  285.433  1810.29  170.538
1  8  3  666.95  4722.97  370.715
1  8  4  948.411  8445.06  594.841
1  8  5  2858.87  21384.3  1216.75
For row 1 and col 9, pedestal is 212.946
1  9  1  79.7945  480.354  76.0548
1  9  2  217.431  1295.68  187.986
1  9  3  346.986  2145.84  284.543
1  9  4  704.014  4651.24  512.702
1  9  5  1458.51  10795.4  995.309
For row 1 and col 10, pedestal is 195.608
1  10  1  108.536  651.064  92.4196
1  10  2  245.688  1466.4  202.14
1  10  3  450.145  2764.96  337.311
1  10  4  829.043  5503.32  583.887
1  10  5  1605.06  11876  1109.6
For row 1 and col 11, pedestal is 209.834
1  11  1  88.3681  514.914  99.7598
1  11  2  170.709  1021.79  199.294
1  11  3  350.822  2171.76  380.473
1  11  4  630.49  4182.58  580.822
1  11  5  1163.14  8697.04  937.381
For row 2 and col 0, pedestal is 200.505
2  0  1  52.2357  281.467  65.3921
2  0  2  126.967  805.623  156.383
2  0  3  311.483  2011.54  320.883
2  0  4  721.907  5198.38  665.229
2  0  5  1794.65  16105.7  1457.35
For row 2 and col 1, pedestal is 225.305
2  1  1  102.563  604.911  83.1563
2  1  2  187.217  1209.41  145.526
2  1  3  496.009  3257.44  359.145
2  1  4  569.16  4157.25  413.05
2  1  5  1752.82  15941.9  1014.31
For row 2 and col 2, pedestal is 186.924
2  2  1  132.221  798.593  85.4462
2  2  2  248.83  1656.01  151.912
2  2  3  790.946  5258.35  399.073
2  2  4  895.326  6619.75  486.029
2  2  5  2293.25  20995.2  1071.85
For row 2 and col 3, pedestal is 211.011
2  3  1  68.9574  370.015  110.732
2  3  2  140.404  856.181  220.629
2  3  3  135.408  886.488  213.044
2  3  4  641.019  4092.11  837.532
2  3  5  2175.04  15395.3  2350.3
For row 2 and col 4, pedestal is 183.161
2  4  1  47.7473  325.192  79.2444
2  4  2  106.704  693.766  138.488
2  4  3  188.401  1362.31  258.213
2  4  4  549.007  3625.75  676.508
2  4  5  2223.11  16366.9  1938.99
For row 2 and col 5, pedestal is 216.557
2  5  1  78.2579  481.838  80.4374
2  5  2  128.734  774.474  128.655
2  5  3  265.343  1847.99  259.894
2  5  4  904.361  5964.7  756.75
2  5  5  2764.88  20368  1694.47
For row 2 and col 6, pedestal is 179.811
2  6  1  102.777  460.955  104.381
2  6  2  140.433  888.847  189.785
2  6  3  231.925  1684.93  334.689
2  6  4  407.264  3934.62  633.321
2  6  5  1303.38  10645  1306.37
For row 2 and col 7, pedestal is 227.338
2  7  1  67.0247  426.384  166.138
2  7  2  112.246  755.558  193.979
2  7  3  245.649  1888.46  370.982
2  7  4  295.26  2986.27  517.165
2  7  5  1128.55  9317.08  1235.47
For row 2 and col 8, pedestal is 201.092
2  8  1  156.905  1048.69  164.679
2  8  2  195.44  1349.52  209.793
2  8  3  489.017  3683  521.846
2  8  4  781.568  7345.23  869.296
2  8  5  2103.08  16564.2  1654.64
For row 2 and col 9, pedestal is 211.7
2  9  1  55.3872  364.122  93.8428
2  9  2  160.413  986.477  246.763
2  9  3  251.401  1576.18  335.249
2  9  4  482.053  3212.02  538.204
2  9  5  920.485  6907.91  975.524
For row 2 and col 10, pedestal is 236.439
2  10  1  137.633  838.26  66.3553
2  10  2  286.985  1792.5  129.562
2  10  3  632.348  4056.77  275.828
2  10  4  1007.92  6940.04  375.638
2  10  5  2131.93  16425.6  724.434
For row 2 and col 11, pedestal is 208.042
2  11  1  158.996  960.004  85.2163
2  11  2  333.814  2032.86  182.65
2  11  3  626.015  4006.29  309.505
2  11  4  1252.89  8584.67  580.313
2  11  5  2582.87  19791.6  1033.63
For row 3 and col 0, pedestal is 230.772
3  0  1  144.606  837.452  72.9117
3  0  2  336.605  2053.44  164.255
3  0  3  918.213  5787.13  378.996
3  0  4  1540.61  10737.3  572.053
3  0  5  2847.57  24629.3  1085.41
For row 3 and col 1, pedestal is 200.287
3  1  1  41.8641  196.776  41.9613
3  1  2  140.846  833.506  138.513
3  1  3  513.297  3249.59  411.389
3  1  4  701.673  4937.49  537.541
3  1  5  1645.14  14510.5  1228.44
For row 3 and col 2, pedestal is 218.626
3  2  1  109.374  617.887  104.11
3  2  2  224.376  1413.59  210.848
3  2  3  606.385  3833.26  478.351
3  2  4  948.011  6608.46  746.409
3  2  5  2502.72  21774.3  1817.29
For row 3 and col 3, pedestal is 173.355
3  3  1  115.897  651.716  97.3119
3  3  2  302.613  1749.63  248.799
3  3  3  20.5645  125.915  26.7378
3  3  4  1327.34  8187.65  811.902
3  3  5  3768.95  26258.4  1323.37
For row 3 and col 4, pedestal is 209.578
3  4  1  67.665  349.57  89.4568
3  4  2  104.472  683.283  107.648
3  4  3  290.538  2008.32  274.215
3  4  4  731.213  4879.69  698.538
3  4  5  2700.35  20388.8  1814.91
For row 3 and col 5, pedestal is 179.494
3  5  1  74.7474  475.955  162.784
3  5  2  105.573  710.703  145.56
3  5  3  278.924  2002.62  334.685
3  5  4  941.573  6454.59  939.88
3  5  5  2498.04  19285.3  1989.75
For row 3 and col 6, pedestal is 218.089
3  6  1  131.059  796.591  142.584
3  6  2  183.505  1116.54  193.614
3  6  3  506.188  3380.96  407.892
3  6  4  771.744  6552.97  681.634
3  6  5  2586.16  18191.4  1245.27
For row 3 and col 7, pedestal is 222.86
3  7  1  124.353  709.519  107.368
3  7  2  142.404  924.194  172.935
3  7  3  278.974  2229.49  379.705
3  7  4  468.073  4541.09  661.735
3  7  5  928.687  7403.58  1008.8
For row 3 and col 8, pedestal is 172.991
3  8  1  110.548  647.378  187.5
3  8  2  122.18  746.37  220.802
3  8  3  371.131  2650.19  593.773
3  8  4  481.805  4278.7  833.767
3  8  5  1288.43  9755.76  1640.89
For row 3 and col 9, pedestal is 187.654
3  9  1  68.8934  408.226  95.3892
3  9  2  132.978  769.223  192.988
3  9  3  263.506  1591.88  380.701
3  9  4  557.553  3617.27  623.125
3  9  5  1183.62  8678.47  1145.3
For row 3 and col 10, pedestal is 183.182
3  10  1  59.2565  345.081  76.7816
3  10  2  136.749  831.403  177.778
3  10  3  268.967  1666.66  337.435
3  10  4  319.993  2120.03  404.389
3  10  5  959.482  7067.66  995.67
For row 3 and col 11, pedestal is 205.441
3  11  1  63.0318  369.974  62.8066
3  11  2  171.215  1017.57  168.671
3  11  3  323.157  2005.9  287.98
3  11  4  631.934  4191.08  505.18
3  11  5  1146.51  8591.79  867.288
For row 4 and col 0, pedestal is 181.002
4  0  1  14.9755  84.1896  22.8467
4  0  2  173.184  1065.87  180.237
4  0  3  422.066  2663.52  378.571
4  0  4  692.984  4875.29  613.765
4  0  5  1726.27  15117.4  1287.01
For row 4 and col 1, pedestal is 216.748
4  1  1  90.9919  511.499  72.5013
4  1  2  257.61  1610.55  194.634
4  1  3  647.202  4088.19  404.951
4  1  4  988.809  6999.23  593.674
4  1  5  2945.21  26128.8  952.46
For row 4 and col 2, pedestal is 209.602
4  2  1  58.8672  334.826  97.4609
4  2  2  126.209  793.668  212.761
4  2  3  351.564  2272.55  475.769
4  2  4  372.263  2675.66  579.556
4  2  5  771.497  6944.05  1172.03
For row 4 and col 3, pedestal is 202.265
4  3  1  74.4055  421.948  101.133
4  3  2  154.527  915.588  194.403
4  3  3  229.434  1511.34  296.821
4  3  4  879.791  5503.8  849.383
4  3  5  2312.67  16083.6  1859.02
For row 4 and col 4, pedestal is 227.995
4  4  1  52.1367  345.288  122.81
4  4  2  60.0359  482.004  105.174
4  4  3  154.562  1181.64  260.867
4  4  4  627.841  4170.05  798.127
4  4  5  1694.05  12553.2  1788.55
For row 4 and col 5, pedestal is 192.721
4  5  1  22.7468  39.6408  141.175
4  5  2  196.419  1151.08  142.507
4  5  3  408.401  2570.72  290.091
4  5  4  60.0665  325.803  85.0949
4  5  5  3193.52  21196.2  1459.04
For row 4 and col 6, pedestal is 188.524
4  6  1  124.726  578.737  128.168
4  6  2  123.609  941.559  139.226
4  6  3  311.031  2446.28  453.125
4  6  4  355.419  3663.33  604.714
4  6  5  1224.81  10024.6  1284.81
For row 4 and col 7, pedestal is 220.476
4  7  1  81.2994  408.736  116.588
4  7  2  95.3734  719.102  92.4877
4  7  3  209.314  1589.83  280.807
4  7  4  319.547  3201.32  455.675
4  7  5  1270.73  10320.1  1279.33
For row 4 and col 8, pedestal is 191.797
4  8  1  241.745  1433.78  129.447
4  8  2  394.964  2496.85  218.556
4  8  3  914.723  6436.88  437.229
4  8  4  1134.46  10148  675.288
4  8  5  3504.15  26254.2  1223.23
For row 4 and col 9, pedestal is 216.323
4  9  1  71.2453  380.855  91.9023
4  9  2  169.157  962.185  185.246
4  9  3  329.638  2050.37  346.304
4  9  4  573.118  3809.97  504.406
4  9  5  1153.15  8590.15  810.907
For row 4 and col 10, pedestal is 210.939
4  10  1  153.925  917.854  109.21
4  10  2  376.359  2298.52  252.289
4  10  3  625.103  3917.65  391.519
4  10  4  1039.44  6894.29  608.931
4  10  5  1871.27  13911.6  1095.9
For row 4 and col 11, pedestal is 206.593
4  11  1  31.8524  192.358  70.5499
4  11  2  58.4356  406.758  108.135
4  11  3  118.506  751.209  192.524
4  11  4  268.815  1827.1  334.162
4  11  5  445.032  3311.52  565.529
For row 5 and col 0, pedestal is 191.675
5  0  1  73.68  383.904  89.6309
5  0  2  171.136  1004.51  199.193
5  0  3  439.454  2677.05  448.398
5  0  4  690.99  4668.65  677.979
5  0  5  1575.22  13428.9  1426.29
For row 5 and col 1, pedestal is 199.029
5  1  1  8.52972  53.927  55.7147
5  1  2  58.8231  384.434  136.897
5  1  3  11.2726  83.311  43.253
5  1  4  240.045  1686.84  427.298
5  1  5  686.516  6006.21  1062.54
For row 5 and col 2, pedestal is 195.871
5  2  1  191.138  1101.66  97.8843
5  2  2  454.444  2837.12  235.46
5  2  3  1074.57  6924.71  443.579
5  2  4  1399.56  10003.5  616.277
5  2  5  7909.96  44463.7  593.029
For row 5 and col 3, pedestal is 225.076
5  3  1  76.661  439.14  87.1766
5  3  2  151.834  905.632  170.485
5  3  3  256.605  1683.91  272.874
5  3  4  927.337  5685.11  867.901
5  3  5  2960.11  20158.6  2070.09
For row 5 and col 4, pedestal is 209.241
5  4  1  81.4962  437.107  113.675
5  4  2  136.774  961.438  174.424
5  4  3  233.075  1714.01  316.013
5  4  4  571.065  3886.25  591.641
5  4  5  2612.17  19714  1916.16
For row 5 and col 5, pedestal is 172.809
5  5  1  187.443  944.054  106.235
5  5  2  311.543  1733.58  180.289
5  5  3  619.196  3838.25  310.201
5  5  4  1798.22  10646.5  741.191
5  5  5  8028.83  69319.5  nan
For row 5 and col 6, pedestal is 218.333
5  6  1  118.863  561.906  124.867
5  6  2  143.699  939.084  132.277
5  6  3  367.626  2340.8  324.798
5  6  4  518.681  4384.84  519.95
5  6  5  1636.78  11202.3  1178.72
For row 5 and col 7, pedestal is 230.034
5  7  1  47.2265  300.522  205.158
5  7  2  58.4475  523.747  282.718
5  7  3  108.915  944.977  255.023
5  7  4  166.837  1809.07  738.12
5  7  5  492.355  4081.09  896.524
For row 5 and col 8, pedestal is 212.611
5  8  1  162.725  997.047  88.6971
5  8  2  429.327  2639.88  221.626
5  8  3  983.178  6703.74  439.489
5  8  4  1190.47  10317.4  640.764
5  8  5  7978.53  42987.8  nan
For row 5 and col 9, pedestal is 215.683
5  9  1  93.0478  601.057  57.4454
5  9  2  170.916  1084.73  97.2688
5  9  3  429.298  2727.03  164.345
5  9  4  672.254  4566.5  272.353
5  9  5  1809.78  13495.3  692.31
For row 5 and col 10, pedestal is 205.267
5  10  1  129.66  792.837  101.936
5  10  2  278.348  1665.33  208.931
5  10  3  418.637  2591.25  329.102
5  10  4  709.961  4676.53  485.617
5  10  5  1931.21  14184  1117.44
For row 5 and col 11, pedestal is 239.876
5  11  1  43.545  186.362  84.3256
5  11  2  102.231  533.369  185.585
5  11  3  186.592  1113.85  329.054
5  11  4  249.638  1609.24  416.561
5  11  5  544.083  4015.29  872.551
For row 6 and col 0, pedestal is 208.41
6  0  1  56.4487  332.761  42.5246
6  0  2  165.328  1009.43  114.97
6  0  3  243.353  1588.19  161.224
6  0  4  1456.36  10575.3  725.113
6  0  5  1397.09  9149.42  830.236
For row 6 and col 1, pedestal is 217.059
6  1  1  10.5925  37.5308  50.8915
6  1  2  9.69897  59.4774  88.8309
6  1  3  13.6385  97.9479  145.437
6  1  4  43.1572  349.411  496.432
6  1  5  57.4799  406.651  731.535
For row 6 and col 2, pedestal is 208.826
6  2  1  105.735  571.514  58.7598
6  2  2  284.197  1670.81  158.911
6  2  3  429.815  2716.13  238.99
6  2  4  2101.56  14872.8  752.416
6  2  5  2493.77  15944  938.64
For row 6 and col 3, pedestal is 241.3
6  3  1  68.1122  463.779  80.4453
6  3  2  152.07  1053.26  152.622
6  3  3  371.617  2583.16  288.125
6  3  4  657.034  5147.68  455.348
6  3  5  1506.31  11860.8  856.644
For row 6 and col 4, pedestal is 192.606
6  4  1  100.818  527.275  103.208
6  4  2  206.038  1160.16  170.295
6  4  3  417.052  2374.9  326.957
6  4  4  739.139  4828.73  500.803
6  4  5  1829.07  12244  1038.26
For row 6 and col 5, pedestal is 186.668
6  5  1  83.7953  394.977  127.786
6  5  2  157.156  932.888  226.85
6  5  3  291.173  1854.84  342.231
6  5  4  526.491  3924.76  576.959
6  5  5  1133.93  8724.95  1099.33
For row 6 and col 6, pedestal is 209.227
6  6  1  87.04  488.586  104.275
6  6  2  129.426  878.738  180.82
6  6  3  255.529  1950.89  334.684
6  6  4  593.569  4605.42  691.907
6  6  5  796.695  6667.9  939.879
For row 6 and col 7, pedestal is 228.197
6  7  1  88.5344  600.29  122.036
6  7  2  148.634  1050.63  179.429
6  7  3  306.82  2354.91  353.808
6  7  4  778.475  6058.19  803.666
6  7  5  1176.77  9628.92  1063.29
For row 6 and col 8, pedestal is 237.661
6  8  1  336.076  1997.07  115.901
6  8  2  647.351  4040.24  199.138
6  8  3  1084.34  7501.48  336.617
6  8  4  2443.93  16936.2  629.039
6  8  5  7953.52  53801.2  nan
For row 6 and col 9, pedestal is 231.632
6  9  1  78.5285  559.14  86.8296
6  9  2  132.521  942.103  131.239
6  9  3  271.722  2081.24  270.799
6  9  4  763.318  5989.16  634.658
6  9  5  1508.84  12322  1115.61
For row 6 and col 10, pedestal is 216.47
6  10  1  117.938  835.39  75.8942
6  10  2  152.421  1095.5  87.99
6  10  3  298.938  2262.77  181.07
6  10  4  908.2  6912.13  447.704
6  10  5  2035.93  16189.9  902.192
For row 6 and col 11, pedestal is 181.016
6  11  1  58.1089  399.606  56.4603
6  11  2  64.1448  454.128  59.2105
6  11  3  159.805  1198.78  144.075
6  11  4  515.716  3890.68  380.279
6  11  5  1360.88  10622.1  870.059
For row 7 and col 0, pedestal is 187.88
7  0  1  63.2065  317.895  49.1566
7  0  2  165.828  941.492  109.629
7  0  3  284.683  1757.58  165.226
7  0  4  1240.01  8758.72  361.796
7  0  5  1749.74  11235.3  713.854
For row 7 and col 1, pedestal is 219.846
7  1  1  188.959  1065.41  68.2085
7  1  2  451.298  2703.88  147.895
7  1  3  714.847  4647.18  226.592
7  1  4  3665.53  27033.4  638.015
7  1  5  7970.98  40419.3  nan
For row 7 and col 2, pedestal is 248.145
7  2  1  82.907  442.561  78.1885
7  2  2  200.252  1161.15  162.934
7  2  3  273.719  1745.16  220.084
7  2  4  1176.29  8452.78  544.756
7  2  5  2004.94  13121.5  1109.22
For row 7 and col 3, pedestal is 230.479
7  3  1  68.7824  404.37  109.115
7  3  2  139.358  877.077  228.763
7  3  3  246.631  1596.31  411.177
7  3  4  494.044  3636.52  747.768
7  3  5  1038.05  7663.91  1413.84
For row 7 and col 4, pedestal is 202.391
7  4  1  65.5233  328.407  171.396
7  4  2  115.19  710.183  177.684
7  4  3  206.249  1371.68  280.29
7  4  4  429.516  3210.71  534.802
7  4  5  1004.09  7603.05  1057.39
For row 7 and col 5, pedestal is 218.772
7  5  1  85.6063  469.567  81.9057
7  5  2  188.874  1065.46  178.312
7  5  3  550.485  3137.81  403.957
7  5  4  863.313  5676.05  607.858
7  5  5  1864.12  12416  1151.87
For row 7 and col 6, pedestal is 217.756
7  6  1  86.3919  451.677  96.6674
7  6  2  133.489  773.863  150.671
7  6  3  258.401  1646.25  265.177
7  6  4  461.883  3000.01  465.674
7  6  5  1125.08  7846.7  961.281
For row 7 and col 7, pedestal is 236.307
7  7  1  50.7208  333.845  85.3786
7  7  2  74.3501  530.695  134.562
7  7  3  116.845  916.016  218.986
7  7  4  354.194  2741.99  640.3
7  7  5  463.662  3790.69  785.876
For row 7 and col 8, pedestal is 208.746
7  8  1  118.945  777.449  132.784
7  8  2  179.36  1187.4  204.284
7  8  3  323.478  2350.77  354.001
7  8  4  713.002  5139.13  701.267
7  8  5  1291.74  9898.02  1183.6
For row 7 and col 9, pedestal is 182.841
7  9  1  108.629  785.473  87.4166
7  9  2  184.455  1300.99  129.963
7  9  3  409.06  3098.84  280.956
7  9  4  1049.3  7991.45  595.028
7  9  5  2653.24  20975.2  1196.18
For row 7 and col 10, pedestal is 198.586
7  10  1  65.2652  460.481  82.5751
7  10  2  132.129  944.665  140.091
7  10  3  273.855  2098.37  289.379
7  10  4  677.394  5295.51  614.411
7  10  5  1384.11  11248.6  1109.39
For row 7 and col 11, pedestal is 194.798
7  11  1  44.8197  276.204  56.6943
7  11  2  62.9669  417.525  83.1245
7  11  3  208.041  1573.3  266.175
7  11  4  530.23  4033.22  556.155
7  11  5  1046.37  8292.2  974.844
For row 8 and col 0, pedestal is 237.528
8  0  1  26.1028  149.19  45.1617
8  0  2  76.1795  465.825  126.49
8  0  3  132.175  858.577  216.463
8  0  4  656.961  4745.74  568.872
8  0  5  630.958  4098.82  683.047
For row 8 and col 1, pedestal is 232.205
8  1  1  73.5986  439.008  58.666
8  1  2  184.46  1128.7  147.051
8  1  3  336.503  2199.77  245.723
8  1  4  1249.86  9087.64  699.518
8  1  5  1847.05  12216.2  1062.61
For row 8 and col 2, pedestal is 211.477
8  2  1  191.812  1122.22  65.9697
8  2  2  491.31  2895.57  159.973
8  2  3  763.906  4885.38  247.735
8  2  4  2372.76  16943.8  609.611
8  2  5  2350.11  15169.4  688.016
For row 8 and col 3, pedestal is 213.001
8  3  1  85.4828  534.324  98.344
8  3  2  202.065  1289.03  236.087
8  3  3  316.462  1992.17  333.556
8  3  4  757.435  5375.01  754.852
8  3  5  1397.53  10032.3  1278.72
For row 8 and col 4, pedestal is 169.771
8  4  1  49.4171  253.482  107.104
8  4  2  26.5254  34.285  83.1861
8  4  3  213.369  1299.97  318.231
8  4  4  361.923  2532.35  443.144
8  4  5  1140.71  8606.86  1185.93
For row 8 and col 5, pedestal is 184.383
8  5  1  172.142  890.246  91.8041
8  5  2  387.722  2199.11  185.02
8  5  3  980.26  5746.86  408.998
8  5  4  1626.55  10945.3  620.754
8  5  5  2918.96  19932.8  939
For row 8 and col 6, pedestal is 220.113
8  6  1  118.553  617.003  133.815
8  6  2  186.709  1069.34  185.188
8  6  3  335.213  2315.89  334.399
8  6  4  674.292  4969.47  677.692
8  6  5  552.301  4394.09  693.83
For row 8 and col 7, pedestal is 192.807
8  7  1  57.7515  407.497  107.817
8  7  2  90.8065  648.854  207.076
8  7  3  162.571  1253.36  317.318
8  7  4  350.894  2753.13  620.984
8  7  5  545.51  4522.96  939.877
For row 8 and col 8, pedestal is 211.847
8  8  1  158.459  962.405  160.971
8  8  2  215.052  1377.14  207.49
8  8  3  473.322  3323.69  420.094
8  8  4  829.658  5831  694.815
8  8  5  1608.98  12029.6  1212.18
For row 8 and col 9, pedestal is 208.439
8  9  1  65.6048  480.255  71.4524
8  9  2  107.129  783.323  104.931
8  9  3  246.376  1947.34  259.544
8  9  4  431.604  3471.15  407.401
8  9  5  1248.74  10404.4  1030.7
For row 8 and col 10, pedestal is 222.374
8  10  1  47.2718  323.961  78.1587
8  10  2  98.4646  671.629  130.874
8  10  3  195.776  1475.42  267.038
8  10  4  325.849  2502.46  355.317
8  10  5  1166.33  9358.62  901.649
For row 8 and col 11, pedestal is 206.029
8  11  1  55.1712  406.817  78.7743
8  11  2  69.471  523.758  85.1602
8  11  3  220.023  1706.43  244.624
8  11  4  616.284  4821.76  387.929
8  11  5  1341.41  10885.3  789.535
For row 9 and col 0, pedestal is 219.603
9  0  1  35.3043  209.792  48.3459
9  0  2  82.2717  554.193  108.803
9  0  3  156.072  1073.26  204.773
9  0  4  565.854  4222.1  588.522
9  0  5  789.69  5295.43  865.493
For row 9 and col 1, pedestal is 292.56
9  1  1  104.988  588.199  57.9642
9  1  2  271.67  1628  142.814
9  1  3  524.644  3370.1  241.426
9  1  4  2150.07  15414  541.222
9  1  5  2191.52  14285  792.459
For row 9 and col 2, pedestal is 213.042
9  2  1  176.512  1045.91  63.2486
9  2  2  429.303  2611.87  148.974
9  2  3  763.284  4999.67  252.78
9  2  4  2675.06  19529.3  646.277
9  2  5  3437.99  23033.1  824.176
For row 9 and col 3, pedestal is 253.473
9  3  1  184.84  1071.22  106.104
9  3  2  354.843  2188.5  202.257
9  3  3  739.961  4605.74  386.328
9  3  4  1401.06  9925.71  672.682
9  3  5  3340.34  24368.3  1304.76
For row 9 and col 4, pedestal is 204.594
9  4  1  79.0169  455.295  85.8638
9  4  2  145.264  988.47  154.683
9  4  3  350.232  2394.29  367.387
9  4  4  609.208  4761.05  614.352
9  4  5  1697.42  13335.5  1354.51
For row 9 and col 5, pedestal is 186.461
9  5  1  80.0999  449.299  61.7947
9  5  2  197.431  1137.58  141.549
9  5  3  466.07  2726.79  311.047
9  5  4  923.242  6180.28  536.378
9  5  5  1922.2  13102.4  992.504
For row 9 and col 6, pedestal is 239.704
9  6  1  141.275  755.274  110.349
9  6  2  202.044  1194.76  165.658
9  6  3  452.238  2910.46  323.552
9  6  4  889.408  5811.32  603.363
9  6  5  1432.35  9909.36  864.884
For row 9 and col 7, pedestal is 246.5
9  7  1  85.3113  639.496  92.9243
9  7  2  100.471  786.138  114.659
9  7  3  144.926  1166.64  165.057
9  7  4  484.5  3732.87  493.688
9  7  5  944.983  7625.09  862.583
For row 9 and col 8, pedestal is 238.363
9  8  1  133.726  833.623  153.858
9  8  2  195.47  1261.78  219.798
9  8  3  386.122  2716.66  407.153
9  8  4  377.218  2621.11  408.004
9  8  5  910.423  6711.88  839.943
For row 9 and col 9, pedestal is 247.689
9  9  1  80.4597  580.661  93.683
9  9  2  137.152  971.163  132.404
9  9  3  322.85  2437.96  294.985
9  9  4  854.653  6477.79  657.936
9  9  5  1850.26  14627  1109.93
For row 9 and col 10, pedestal is 232.73
9  10  1  83.7884  607.236  81.3222
9  10  2  136.099  972.198  111.337
9  10  3  292.174  2253.59  239.292
9  10  4  668.707  5199.94  434.775
9  10  5  1125.83  9097.56  672.44
For row 9 and col 11, pedestal is 219.5
9  11  1  123.738  899.85  80.6139
9  11  2  240.865  1710.3  135.193
9  11  3  386.202  2945.84  219.407
9  11  4  992.724  7653.18  428.884
9  11  5  2633.99  21156.6  938.608
For row 10 and col 0, pedestal is 265.306
10  0  1  20.8316  103.439  36.0582
10  0  2  25.8203  180.029  83.8048
10  0  3  61.4429  399.731  187.423
10  0  4  255.838  1813.73  551.81
10  0  5  294.106  1882.01  724.674
For row 10 and col 1, pedestal is 222.823
10  1  1  37.1447  229.722  33.9657
10  1  2  98.5943  643.096  84.7988
10  1  3  284.914  1911.58  232.632
10  1  4  826.705  6191.99  569.489
10  1  5  1316.61  8966.89  843.177
For row 10 and col 2, pedestal is 243.558
10  2  1  80.2704  470.901  43.8612
10  2  2  163.859  1009.29  87.6768
10  2  3  472.878  3035.32  206.096
10  2  4  1433.06  10318.6  437.687
10  2  5  2139.94  13909.3  595.402
For row 10 and col 3, pedestal is 254.009
10  3  1  167.488  992.553  108.689
10  3  2  349.353  2184.73  206.21
10  3  3  673.638  4257  390.197
10  3  4  1404.51  10081.2  709.554
10  3  5  3041.42  22037.4  1154.6
For row 10 and col 4, pedestal is 216.196
10  4  1  75.0108  398.068  104.351
10  4  2  155.379  969.965  191.643
10  4  3  356.379  2387.05  508.211
10  4  4  568.972  4271.52  635.736
10  4  5  1541.86  11739.8  1351.17
For row 10 and col 5, pedestal is 229.598
10  5  1  143.457  743.697  109.761
10  5  2  243.535  1320.21  161.846
10  5  3  707.361  4009.15  369.588
10  5  4  969.477  6323.39  488.756
10  5  5  2473.82  16387.7  982.456
For row 10 and col 6, pedestal is 249.368
10  6  1  85.136  518.608  80.481
10  6  2  141.089  981.119  159.984
10  6  3  314.719  2391  351.082
10  6  4  483.718  3731.75  508.191
10  6  5  960.215  7737.6  932.683
For row 10 and col 7, pedestal is 245.568
10  7  1  62.5526  467.085  73.7115
10  7  2  80.3333  699.659  112.191
10  7  3  211.544  1717.1  264.433
10  7  4  479.773  3710.64  602.256
10  7  5  731.828  5867.97  862.335
For row 10 and col 8, pedestal is 234.519
10  8  1  187.57  1154.71  118.466
10  8  2  301.038  1937.45  180.344
10  8  3  498.967  3503.39  298.493
10  8  4  1332.59  9299.24  595.376
10  8  5  2020.96  14962.5  778.603
For row 10 and col 9, pedestal is 207.074
10  9  1  62.1597  465.16  53.986
10  9  2  115.851  816.799  78.7958
10  9  3  198.794  1523.01  141.07
10  9  4  653.587  5017.7  366.505
10  9  5  1674.56  13303  838.318
For row 10 and col 10, pedestal is 230
10  10  1  36.375  256.44  64.0628
10  10  2  68.503  464.574  96.4102
10  10  3  107.691  815.748  155.507
10  10  4  351.049  2689.8  453.208
10  10  5  912.239  7272.15  1009.03
For row 10 and col 11, pedestal is 223.649
10  11  1  72.3918  507.102  65.1478
10  11  2  186.786  1324.47  123.552
10  11  3  365.105  2790.77  240.529
10  11  4  838.837  6484.01  480.601
10  11  5  1638.8  13141.2  857.754
For row 11 and col 0, pedestal is 230.487
11  0  1  45.1407  240.049  47.1894
11  0  2  139.528  836.736  123.853
11  0  3  219.237  1442.72  170.45
11  0  4  986.977  7277.04  372.503
11  0  5  1608.3  10769.4  578.869
For row 11 and col 1, pedestal is 200.845
11  1  1  22.6996  128.355  83.5096
11  1  2  54.9681  351.771  133.504
11  1  3  118.853  783.162  280.391
11  1  4  441.482  3288.46  707.637
11  1  5  389.057  2640.99  778.119
For row 11 and col 2, pedestal is 226.446
11  2  1  31.0442  168.346  77.995
11  2  2  110.955  709.325  126.499
11  2  3  208.988  1394  216.066
11  2  4  751.985  5499.35  473.312
11  2  5  907.565  5995.78  642.338
For row 11 and col 3, pedestal is 238.599
11  3  1  62.4703  330.253  130.472
11  3  2  106.25  637.698  190.82
11  3  3  183.933  1088.04  293.014
11  3  4  427.216  2957.22  560.391
11  3  5  1023.26  7186.18  1218.2
For row 11 and col 4, pedestal is 230.506
11  4  1  82.0837  523.673  109.995
11  4  2  172.302  1101.71  183.142
11  4  3  352.966  2420.78  408.02
11  4  4  781.379  5881.96  683.028
11  4  5  1969.97  15273.3  1313.18
For row 11 and col 5, pedestal is 229.967
11  5  1  93.5717  421.506  79.4125
11  5  2  247.982  1336.66  192.677
11  5  3  539.059  3141.05  358.29
11  5  4  808.734  5354.18  533.823
11  5  5  2610.5  17731.1  1197.48
For row 11 and col 6, pedestal is 221.78
11  6  1  92.8784  434.106  96.8605
11  6  2  116.128  717.736  213.178
11  6  3  146.624  996.238  236.435
11  6  4  392.139  2898.26  545.876
11  6  5  625.931  4867.71  893.256
For row 11 and col 7, pedestal is 189.386
11  7  1  68.1686  402.465  158.352
11  7  2  94.561  683.505  168.968
11  7  3  208.949  1655.06  308.513
11  7  4  362.026  2839.74  545.303
11  7  5  618.265  5029.69  901.146
For row 11 and col 8, pedestal is 213.969
11  8  1  165.456  1045.26  115.684
11  8  2  319.559  2080.59  204.851
11  8  3  572.954  4082.74  361.526
11  8  4  1071.32  7591.66  621.954
11  8  5  2077.11  15582.3  1096.25
For row 11 and col 9, pedestal is 194.152
11  9  1  71.0738  543.731  63.9597
11  9  2  151.969  1101.29  114.589
11  9  3  293.513  2274.14  236.558
11  9  4  729.036  5647.62  504.411
11  9  5  1933.96  15478  1147.39
For row 11 and col 10, pedestal is 196.884
11  10  1  66.218  542.696  59.7156
11  10  2  147.979  1055.83  120.116
11  10  3  303.271  2393.12  260.199
11  10  4  818.53  6356.3  541.107
11  10  5  1683.02  13581.4  1054.17
For row 11 and col 11, pedestal is 247.07
11  11  1  57.1515  415.405  66.1467
11  11  2  102.117  727.713  105.565
11  11  3  182.811  1397.42  172.05
11  11  4  513.086  3982.44  434.992
11  11  5  1144.6  9233.62  915.231
