#All information for run 1686.
#Row Col LED <Max> <Int> NPE
For row 0 and col 0, pedestal is 222.045
0  0  1  81.3482  465.383  64.2935
0  0  2  204.102  1243.72  150.413
0  0  3  397.626  2580.29  277.272
0  0  4  600.939  4099.22  396.995
0  0  5  1495.81  11406  739.73
For row 0 and col 1, pedestal is 215.937
0  1  1  65.8333  352.856  40.0272
0  1  2  93.7916  562.103  57.8844
0  1  3  286.271  1785.66  158.867
0  1  4  823.376  5456.04  344.29
0  1  5  2159.85  15961.6  545.028
For row 0 and col 2, pedestal is 216.518
0  2  1  71.6082  393.328  66.6016
0  2  2  196.646  1195.09  158.228
0  2  3  232.321  1506.61  177.627
0  2  4  699.981  4732.46  456.663
0  2  5  1694.65  12777  836.445
For row 0 and col 3, pedestal is 209.468
0  3  1  73.4006  449.342  70.5485
0  3  2  6.4424  -11.2724  nan
0  3  3  460.85  3113.48  337.272
0  3  4  968.83  6663.29  548.779
0  3  5  2064.49  14046.2  936.322
For row 0 and col 4, pedestal is 219.867
0  4  1  39.709  194.494  64.2591
0  4  2  18.7055  3.62538  215.206
0  4  3  244.123  1723.35  296.329
0  4  4  607.369  4345.26  583.393
0  4  5  1131.72  8089.92  962.26
For row 0 and col 5, pedestal is 217.997
0  5  1  43.6909  292.183  62.2733
0  5  2  14.6701  0.69744  531.046
0  5  3  260.19  1829.24  294.444
0  5  4  591.659  4255.36  580.427
0  5  5  1191.81  8515.42  999.544
For row 0 and col 6, pedestal is 217.153
0  6  1  72.3836  576.332  115.787
0  6  2  130.275  1002.18  133.086
0  6  3  231.86  1481.7  226.971
0  6  4  571.697  5075.58  564.316
0  6  5  2518.56  17551.7  1285.69
For row 0 and col 7, pedestal is 187.877
0  7  1  80.4881  604.391  127.035
0  7  2  128.903  1077.08  186.546
0  7  3  311.437  2061.36  338.119
0  7  4  812.03  7352.12  802.737
0  7  5  2385.53  17140.9  1462.34
For row 0 and col 8, pedestal is 190.304
0  8  1  110.682  823.777  154.733
0  8  2  165.459  1298.72  206.973
0  8  3  426.048  2626.94  377.506
0  8  4  1029.12  8552.11  758.977
0  8  5  3466.74  23216.2  1040.67
For row 0 and col 9, pedestal is 208.893
0  9  1  172.095  1068.01  88.224
0  9  2  398.882  2672.48  182.198
0  9  3  694.166  4987.16  289.382
0  9  4  1230.29  8694.41  439.467
0  9  5  3422.55  25212  565.631
For row 0 and col 10, pedestal is 218.395
0  10  1  132.226  845.608  81.7657
0  10  2  246.539  1690.35  146.61
0  10  3  594.198  4288.02  301.561
0  10  4  921.844  6424.24  442.354
0  10  5  2342.17  17407.4  756.367
For row 0 and col 11, pedestal is 198.37
0  11  1  84.9813  542.504  86.8255
0  11  2  201.967  1351.53  202.523
0  11  3  338.028  2438.44  316.361
0  11  4  462.912  3298.13  385.348
0  11  5  1443.38  10833  802.97
For row 1 and col 0, pedestal is 237.439
1  0  1  153.082  900.266  77.9708
1  0  2  244.16  1608.65  121.814
1  0  3  529.493  3646.32  240.297
1  0  4  891.934  6535.06  363.41
1  0  5  2129.73  17322.5  691.505
For row 1 and col 1, pedestal is 221.461
1  1  1  63.3133  359.655  62.5484
1  1  2  131.493  816.968  118.452
1  1  3  252.511  1698.73  202.908
1  1  4  661.379  4685.86  374.323
1  1  5  1566.91  12376.3  521.06
For row 1 and col 2, pedestal is 222.682
1  2  1  147.409  810.226  66.3825
1  2  2  321.74  1912.25  122.169
1  2  3  666.395  4206.77  199.532
1  2  4  1371.81  9134.1  274.421
1  2  5  3243.57  23994.7  241.67
For row 1 and col 3, pedestal is 223.584
1  3  1  93.0078  565.921  57.8342
1  3  2  6.39098  -17.2571  nan
1  3  3  516.47  3395.95  272.412
1  3  4  1379.6  9237.99  567.086
1  3  5  2111.69  14102.5  745.002
For row 1 and col 4, pedestal is 207.552
1  4  1  24.6293  165.128  68.8364
1  4  2  19.7313  2.04889  nan
1  4  3  145.427  1120.01  355.098
1  4  4  405.855  2955.89  588.908
1  4  5  820.328  5850.66  999.154
For row 1 and col 5, pedestal is 207.818
1  5  1  60.6883  370.604  88.9852
1  5  2  14.8687  -0.910846  708.503
1  5  3  368.753  2538.8  371.295
1  5  4  846.597  5959.57  619.67
1  5  5  1563.31  10932.4  997.536
For row 1 and col 6, pedestal is 217.112
1  6  1  111.084  1018.73  123.773
1  6  2  237.655  2041.67  175.967
1  6  3  424.684  2943.53  281.149
1  6  4  1514.71  14550.3  869.43
For row 1 and col 7, pedestal is 198.648
1  7  1  106.834  813.245  135.345
1  7  2  165.046  1318.71  161.875
1  7  3  368.478  2281.41  284.825
1  7  4  1164.72  9822.41  819.371
1  7  5  3924.02  27100  2317.01
For row 1 and col 8, pedestal is 229.159
1  8  1  448.838  3323.32  159.733
1  8  2  590.4  4541.9  184.053
1  8  3  1591.84  9628.26  340.842
1  8  4  3818.23  31827.9  7987.53
For row 1 and col 9, pedestal is 203.422
1  9  1  172.617  1099.56  150.524
1  9  2  19.7487  127.883  25.0897
1  9  3  504.57  3672.61  376.271
1  9  4  874.663  6246.17  552.219
1  9  5  1710.9  13033.5  815.736
For row 1 and col 10, pedestal is 218.705
1  10  1  71.9369  423.617  84.1275
1  10  2  155.653  1006.31  169.447
1  10  3  303.83  2162.08  318.464
1  10  4  27.6022  161.356  33.1167
1  10  5  1055.66  7973.94  758.727
For row 1 and col 11, pedestal is 223.841
1  11  1  49.7611  286.501  87.7534
1  11  2  140.35  924.194  213.441
1  11  3  210.126  1484.85  298.596
1  11  4  408.378  2890.21  470.305
1  11  5  886.8  6650.61  787.741
For row 2 and col 0, pedestal is 184.162
2  0  1  89.2807  499.993  52.6432
2  0  2  182.257  1107.28  104.023
2  0  3  385.773  2458.95  196.37
2  0  4  883.31  5918.73  353.58
2  0  5  1740.67  12983.2  469.161
For row 2 and col 1, pedestal is 208.577
2  1  1  44.0373  246.924  71.0234
2  1  2  53.9944  333.827  90.3271
2  1  3  152.281  985.984  220.561
2  1  4  454.783  3086.19  529.954
2  1  5  342.546  2578.83  451.286
For row 2 and col 2, pedestal is 201.779
2  2  1  116.752  663.937  74.1812
2  2  2  139.117  858.819  86.4277
2  2  3  521.356  3430.65  291.132
2  2  4  1263.39  8652.54  555.312
2  2  5  2220.31  17002.7  812.551
For row 2 and col 3, pedestal is 220.144
2  3  1  76.2297  452.183  69.1452
2  3  2  4.06938  -13.9938  nan
2  3  3  450.146  3037.58  325.84
2  3  4  941.591  6511.08  563.121
2  3  5  1911.26  13091  880.026
For row 2 and col 4, pedestal is 227.315
2  4  1  28.0529  196.591  64.0972
2  4  2  18.2944  33.249  nan
2  4  3  168.582  1213.2  288.501
2  4  4  479.596  3429.99  590.716
2  4  5  882.203  6230.41  971.393
For row 2 and col 5, pedestal is 208.175
2  5  1  57.7013  412.357  79.452
2  5  2  17.9429  -8.65251  3112.55
2  5  3  370.227  2656.86  310.768
2  5  4  874.793  6207.99  600.488
2  5  5  1668.88  11808  940.175
For row 2 and col 6, pedestal is 233.188
2  6  1  77.5133  606.121  110.411
2  6  2  135.977  1198.25  190.536
2  6  3  213.075  1517.84  290.085
2  6  4  914.689  8598.97  953.711
2  6  5  2355.72  17683.5  1664.46
For row 2 and col 7, pedestal is 212.068
2  7  1  65.021  531.307  135.88
2  7  2  118.535  1018.91  198.022
2  7  3  292.555  1951.31  372.656
2  7  4  658.664  6003.46  775.212
2  7  5  1724.67  12621.2  1475.77
For row 2 and col 8, pedestal is 227.82
2  8  1  170.63  1323.31  185.616
2  8  2  267.252  2191.23  287.749
2  8  3  585.888  3796.71  423.985
2  8  4  1669.77  14371.9  930.105
2  8  5  3293.53  22634.2  971.841
For row 2 and col 9, pedestal is 198.687
2  9  1  7.6836  25.8271  nan
2  9  2  427.435  2974.9  278.775
2  9  3  462.658  3465.26  309.95
2  9  4  895.494  6576.76  484.164
2  9  5  2093.5  16281.7  760.557
For row 2 and col 10, pedestal is 204.245
2  10  1  87.3471  534.605  100.652
2  10  2  179.75  1218.06  180.823
2  10  3  383.202  2783.38  332.438
2  10  4  599.951  4322.91  465.444
2  10  5  1364.29  10430.4  708.417
For row 2 and col 11, pedestal is 189.927
2  11  1  133.369  829.144  98.5668
2  11  2  200.346  1354.28  156.291
2  11  3  502.248  3625.45  315.346
2  11  4  899.262  6373.38  456.092
2  11  5  1828.46  13876.7  691.17
For row 3 and col 0, pedestal is 167.003
3  0  1  68.0009  374.139  68.8987
3  0  2  10.6957  53.4208  29.9101
3  0  3  263.166  1681.21  249.633
3  0  4  685.946  4673.59  510.58
3  0  5  1433.86  10804.8  825.308
For row 3 and col 1, pedestal is 226.28
3  1  1  61.4747  324.683  49.8128
3  1  2  144.631  830.626  115.271
3  1  3  295.26  1822.43  198.954
3  1  4  515.221  3339.27  344.787
3  1  5  1686.31  12324.9  608.433
For row 3 and col 2, pedestal is 206.46
3  2  1  131.232  747.526  75.7096
3  2  2  263.375  1583.84  142.373
3  2  3  577.97  3699.21  264.447
3  2  4  1116.22  7454  383.72
3  2  5  2084.97  15602.7  491.576
For row 3 and col 3, pedestal is 189.331
3  3  1  54.4012  340.114  55.6735
3  3  2  5.98265  -4.64994  nan
3  3  3  334.782  2249.1  268.61
3  3  4  788.172  5421.58  561.097
3  3  5  1297.04  8807.64  813.775
For row 3 and col 4, pedestal is 218.146
3  4  1  70.2235  419.222  45.6213
3  4  2  8.65279  6.69725  nan
3  4  3  10.9619  64.3294  108.618
3  4  4  952.683  6166.78  443.803
3  4  5  2356.55  15200.1  796.53
For row 3 and col 5, pedestal is 190.641
3  5  1  112.642  662.376  68.4759
3  5  2  9.62676  2.98177  nan
3  5  3  688.571  4382.33  322.875
3  5  4  1575.13  10162.3  593.187
3  5  5  2814.16  18135  730.954
For row 3 and col 6, pedestal is 229.827
3  6  1  73.6711  486.422  78.8566
3  6  2  254.19  1822.08  227.963
3  6  3  325.038  1815.44  246.852
3  6  4  1092.58  8691.1  756.542
3  6  5  3725.34  24495.5  1384.95
For row 3 and col 7, pedestal is 198.785
3  7  1  58.8121  481.113  124.478
3  7  2  108.36  887.516  161.96
3  7  3  258.666  1729.39  261.017
3  7  4  787.116  7001.18  795.117
3  7  5  2099.62  14727.8  1344.48
For row 3 and col 8, pedestal is 239.449
3  8  1  228.173  1721.14  171.373
3  8  2  316.27  2484.93  205.842
3  8  3  598.573  3684.61  316.099
3  8  4  2290.28  19138.6  774.644
For row 3 and col 9, pedestal is 221.056
3  9  1  139.652  831.77  114.155
3  9  2  268.178  1787.6  197.852
3  9  3  534.133  3817.24  349.602
3  9  4  998.145  7048.89  540.829
3  9  5  2096.46  15798.9  893.79
For row 3 and col 10, pedestal is 217.648
3  10  1  90.2749  533.647  115.385
3  10  2  208.301  1381.75  222.316
3  10  3  406.873  2876.22  342.013
3  10  4  699.408  4841.54  514.663
3  10  5  1410.77  10532.3  805.957
For row 3 and col 11, pedestal is 197.955
3  11  1  139.521  821.44  94.9891
3  11  2  290.897  1903.63  184.474
3  11  3  562.429  3952.15  313.121
3  11  4  935.124  6527.85  436.342
3  11  5  1832.89  13646.4  623.504
For row 4 and col 0, pedestal is 214.288
4  0  1  65.3185  376.542  56.4551
4  0  2  105.547  659.863  89.1729
4  0  3  270.858  1815.51  197.881
4  0  4  679.057  4809.95  437.803
4  0  5  1395.55  11010.3  723.013
For row 4 and col 1, pedestal is 189.927
4  1  1  55.7625  305  60.387
4  1  2  137.601  856.182  137.057
4  1  3  237.45  1563.54  224.656
4  1  4  552.636  3889.99  452.454
4  1  5  929.952  7281.07  633.09
For row 4 and col 2, pedestal is 187.874
4  2  1  22.3649  121.75  49.2519
4  2  2  70.9403  447.06  152.738
4  2  3  107.307  746.074  197.019
4  2  4  289.559  2054.3  472.465
4  2  5  596.497  4761.3  754.509
For row 4 and col 3, pedestal is 204.555
4  3  1  58.7467  362.124  69.1237
4  3  2  5.53999  -20.236  nan
4  3  3  339.681  2358.9  288.455
4  3  4  805.301  5741.45  533.54
4  3  5  1393.93  9952.81  793.789
For row 4 and col 4, pedestal is 176.394
4  4  1  95.6512  583.963  64.5198
4  4  2  18.2442  -1.31202  1236.61
4  4  3  476.746  3084.98  284.524
4  4  4  1427.62  9417.34  628.673
4  4  5  2478.47  16224.9  880.289
For row 4 and col 5, pedestal is 195.199
4  5  1  72.9335  461.458  60.7336
4  5  2  11.1099  -4.08893  nan
4  5  3  454.177  2957.12  305.454
4  5  4  1186.74  7833.54  620.575
4  5  5  1399.11  9245.06  760.888
For row 4 and col 6, pedestal is 236.491
4  6  1  81.8724  602.689  112.137
4  6  2  171.641  1391.89  196.998
4  6  3  307.955  2111.35  290.312
4  6  4  584.284  5550.58  601.625
4  6  5  2123.05  15695.2  1231.18
For row 4 and col 7, pedestal is 206.256
4  7  1  92.1019  711.694  141.866
4  7  2  146.174  1243.54  255.649
4  7  3  234.374  1709.84  203.228
4  7  4  754.673  7243.58  687.233
4  7  5  2546.09  18907.9  1359.32
For row 4 and col 8, pedestal is 242.952
4  8  1  157.86  1236.09  153.269
4  8  2  255.548  2092.1  220.47
4  8  3  489.227  3063.01  307.497
4  8  4  1442.15  12478.2  727.801
4  8  5  3447.58  23332.5  824.92
For row 4 and col 9, pedestal is 210.743
4  9  1  81.9643  504.811  106.709
4  9  2  158.627  1083.49  186.302
4  9  3  325.298  2414.8  343.104
4  9  4  625.519  4558.06  549.946
4  9  5  1578.93  12336.2  965.721
For row 4 and col 10, pedestal is 235.324
4  10  1  92.9357  575.89  83.1678
4  10  2  246.071  1679.08  202.627
4  10  3  344.655  2503.46  259.604
4  10  4  860.024  6116.57  497.592
4  10  5  1571  11922.3  744.132
For row 4 and col 11, pedestal is 202.201
4  11  1  40.5868  235.22  98.7807
4  11  2  94.6848  614.819  170.633
4  11  3  173.956  1251.36  289.232
4  11  4  358.233  2539.22  523.33
4  11  5  668.502  5114.86  813.141
For row 5 and col 0, pedestal is 231.991
5  0  1  33.4873  176.168  29.8815
5  0  2  106.445  618.042  89.3391
5  0  3  186.761  1167.55  150.931
5  0  4  447.126  2941.51  320.616
5  0  5  1028.17  7545.2  614.216
For row 5 and col 1, pedestal is 200.335
5  1  1  95.1121  526.635  61.4509
5  1  2  188.367  1113.05  116.756
5  1  3  405.881  2599.86  233.981
5  1  4  765.129  5099.06  382.779
5  1  5  1902.65  14187.5  637.193
For row 5 and col 2, pedestal is 215.671
5  2  1  52.4693  287.569  79.2017
5  2  2  102.247  631.343  148.013
5  2  3  178.625  1143.85  257.049
5  2  4  162.275  1084.43  238.709
5  2  5  1018.96  7684.66  1093.35
For row 5 and col 3, pedestal is 203.745
5  3  1  73.1391  440.257  72.9737
5  3  2  4.63843  -5.38712  nan
5  3  3  375.651  2458.98  283.858
5  3  4  1064.65  7197.84  586.434
5  3  5  1833.2  12258.2  822.698
For row 5 and col 4, pedestal is 226.317
5  4  1  38.9309  262.046  71.6759
5  4  2  13.3477  -4.45705  nan
5  4  3  197.772  1479.7  276.454
5  4  4  563.144  4122.02  643.643
5  4  5  1054.48  7675.83  1017.98
For row 5 and col 5, pedestal is 181.238
5  5  1  67.3794  443.182  62.0583
5  5  2  11.2193  -7.84671  nan
5  5  3  343.219  2434.02  279.77
5  5  4  1023.81  7242.05  592.793
5  5  5  1738.58  12252.6  892.492
For row 5 and col 6, pedestal is 218.505
5  6  1  172.593  1219.55  134.246
5  6  2  342.587  2520.44  229.907
5  6  3  816.827  4680.58  397.165
5  6  4  990.627  8025.4  605.559
For row 5 and col 7, pedestal is 237.09
5  7  1  63.5801  483.774  184.099
5  7  2  105.216  859.328  205.422
5  7  3  181.749  1192.66  256.403
5  7  4  640.677  5657.83  802.997
5  7  5  1479.54  10347.5  1252.79
For row 5 and col 8, pedestal is 189.14
5  8  1  2.05093  -16.437  nan
5  8  2  2.04374  -15.3193  nan
5  8  3  2.04241  -16.5087  nan
5  8  4  1.9993  -16.8573  nan
5  8  5  2.01162  -17.1417  nan
For row 5 and col 9, pedestal is 210.829
5  9  1  117.363  718.947  78.1551
5  9  2  240.834  1608.22  154.719
5  9  3  599.898  4269.22  321.792
5  9  4  1034.72  7226.41  475.729
5  9  5  2008.9  14953.7  704.528
For row 5 and col 10, pedestal is 189.443
5  10  1  114.171  672.79  95.3864
5  10  2  242.34  1615.57  189.583
5  10  3  354.689  2541.79  264.842
5  10  4  791.09  5640.14  477.694
5  10  5  1537.73  11681.2  777.856
For row 5 and col 11, pedestal is 213.184
5  11  1  105.472  615.144  78.1659
5  11  2  229.058  1501.66  151.585
5  11  3  433.726  3056.75  255.48
5  11  4  814.246  5683.5  403.374
5  11  5  1693.24  12611.2  648.019
For row 6 and col 0, pedestal is 208.648
6  0  1  61.28  420.405  89.8888
6  0  2  108.783  795.288  146.765
6  0  3  186.13  1140.33  214.392
6  0  4  697.061  4690.05  511.283
6  0  5  1161.8  7858.22  718.361
For row 6 and col 1, pedestal is 210.266
6  1  1  90.2728  619.994  93.4378
6  1  2  196.342  1395.71  190.862
6  1  3  338.354  2016.18  289.485
6  1  4  836.437  5497.14  573.102
6  1  5  1354.77  8890.14  835.257
For row 6 and col 2, pedestal is 221.307
6  2  1  151.084  1031.86  100.301
6  2  2  274.47  1968.94  180.319
6  2  3  535.897  3216.65  293.092
6  2  4  1245.99  8294.56  595.565
6  2  5  3124.31  20801.2  898.298
For row 6 and col 3, pedestal is 207.867
6  3  1  101.512  518.364  100.105
6  3  2  220.923  1274.86  199.694
6  3  3  469.245  2876.92  366.098
6  3  4  670.57  4175.57  534.454
6  3  5  1375.24  9060.56  865.011
For row 6 and col 4, pedestal is 184.758
6  4  1  58.3407  293.707  93.8141
6  4  2  164.21  962.632  200.198
6  4  3  296.361  1850.85  343.753
6  4  4  569.286  3675.26  613.952
6  4  5  553.055  3774.95  659.702
For row 6 and col 5, pedestal is 192.441
6  5  1  63.1375  217.703  91.8253
6  5  2  126.31  494.005  187.746
6  5  3  179.115  757.24  260.229
6  5  4  266.084  1113.13  407.215
6  5  5  549.275  2347.47  993.202
For row 6 and col 6, pedestal is 210.497
6  6  1  61.5025  509.889  112.278
6  6  2  140.182  1089.19  189.395
6  6  3  336.081  2289  357.259
6  6  4  802.195  5980.11  777.721
6  6  5  1297.5  9904.19  1183.58
For row 6 and col 7, pedestal is 214.352
6  7  1  42.6996  396.013  162.567
6  7  2  66.5101  557.276  152.138
6  7  3  236.807  1726.92  413.64
6  7  4  519.231  3934.71  772.27
6  7  5  1033.73  8000.44  1466.57
For row 6 and col 8, pedestal is 228.198
6  8  1  114.638  841.722  75.5792
6  8  2  240.182  1812.6  135.577
6  8  3  574.02  3542.74  256.28
6  8  4  1122.11  7678.63  441.904
6  8  5  2290.79  15907  624.374
For row 6 and col 9, pedestal is 233.101
6  9  1  147.667  895.707  126.176
6  9  2  286.638  1688.55  225.584
6  9  3  751.537  4945.22  451.226
6  9  4  774.1  5420.78  488.734
6  9  5  1312.88  9668.72  675.961
For row 6 and col 10, pedestal is 233.636
6  10  1  133.515  842.434  116.777
6  10  2  240.446  1429.71  203.211
6  10  3  373.049  2454.44  301.119
6  10  4  989.01  6839.95  681.219
6  10  5  2031.65  14801  1019.72
For row 6 and col 11, pedestal is 213.952
6  11  1  196.542  1217.19  81.3115
6  11  2  407.571  2369.33  151.77
6  11  3  651.052  4175.86  230.127
6  11  4  996.744  6887.88  332.822
6  11  5  2705.96  19728.4  605.242
For row 7 and col 0, pedestal is 227.633
7  0  1  180.187  1272.86  101.423
7  0  2  321.087  2443.48  166.75
7  0  3  640.79  3981.85  279.597
7  0  4  1544.77  10769.7  552.331
7  0  5  3765.75  26526.5  1029.97
For row 7 and col 1, pedestal is 269.817
7  1  1  136.639  978.234  91.3819
7  1  2  203.083  1556.2  137.393
7  1  3  511.218  3254.68  272.843
7  1  4  1391.23  9949.16  577.188
7  1  5  2766.55  19904.8  873.904
For row 7 and col 2, pedestal is 219.404
7  2  1  106.689  725.002  86.0826
7  2  2  204.412  1514.28  161.046
7  2  3  347.619  2113.01  230.589
7  2  4  1236.78  8474.15  617.656
7  2  5  1794.85  12366.4  833.242
For row 7 and col 3, pedestal is 217.509
7  3  1  204.364  1115.67  120.545
7  3  2  444.248  2627.55  239.606
7  3  3  766.152  4848.4  365.024
7  3  4  1292.59  8289.36  552.968
7  3  5  1527.77  10433.1  649.355
For row 7 and col 4, pedestal is 201.127
7  4  1  123.722  593.136  92.5852
7  4  2  326.002  1706.26  212.777
7  4  3  563.861  3227.58  350.294
7  4  4  840.008  4884.66  509.981
7  4  5  1984.07  12290.9  986.055
For row 7 and col 5, pedestal is 245.016
7  5  1  129.943  621.333  75.1518
7  5  2  353.532  1871.84  197.307
7  5  3  549.521  3139.74  279.529
7  5  4  1353.96  7870.14  589.714
7  5  5  1571.35  9757.88  686.398
For row 7 and col 6, pedestal is 212.682
7  6  1  106.184  717.028  87.275
7  6  2  165.624  1325.04  149.124
7  6  3  508.383  3573.4  357.751
7  6  4  1072.56  8343.06  678.515
7  6  5  2219.51  17803.4  1259.06
For row 7 and col 7, pedestal is 226.243
7  7  1  78.0934  528.642  87.4572
7  7  2  133.281  1005.3  171.776
7  7  3  364.034  2515.35  367.379
7  7  4  775.349  5911.78  745.041
7  7  5  1530.03  11993.2  1359.23
For row 7 and col 8, pedestal is 248.586
7  8  1  114.058  794.355  84.7502
7  8  2  231.837  1725.04  168.741
7  8  3  585.218  3662.29  313.277
7  8  4  1028.33  7220.75  511.995
7  8  5  2258.67  16084.4  942.34
For row 7 and col 9, pedestal is 233.518
7  9  1  248.602  1500.72  113.642
7  9  2  453.166  2649.49  189.888
7  9  3  1061.29  6816.85  343.949
7  9  4  1187.4  8182.64  390.409
7  9  5  2752.75  19759.5  497.097
For row 7 and col 10, pedestal is 245.181
7  10  1  110.321  673.093  114.952
7  10  2  245.828  1418.85  236.894
7  10  3  550.437  3515.03  471.275
7  10  4  407.187  2770.87  397.048
7  10  5  1254.86  8921.58  907.71
For row 7 and col 11, pedestal is 234.948
7  11  1  74.6403  418.042  92.8694
7  11  2  134.715  731.779  160.296
7  11  3  320.89  1964.64  345.367
7  11  4  547.171  3651.69  492.102
7  11  5  945.92  6696.53  759.818
For row 8 and col 0, pedestal is 195.613
8  0  1  79.837  507.947  90.4994
8  0  2  114.645  807.326  124.59
8  0  3  295.011  1699.48  250.12
8  0  4  740.078  4783.72  447.609
8  0  5  1831.97  11893.2  693.794
For row 8 and col 1, pedestal is 210.659
8  1  1  156.699  1069.74  83.2147
8  1  2  322.463  2307.41  177.981
8  1  3  496.909  2960.55  236.504
8  1  4  1442.38  9503.68  536.387
8  1  5  2964.64  19427  707.577
For row 8 and col 2, pedestal is 227.304
8  2  1  73.8807  511.376  75.4599
8  2  2  153.433  1127.24  147.767
8  2  3  247.636  1504.5  226.742
8  2  4  836.191  5542.54  549.528
8  2  5  1560.78  10363.3  930.88
For row 8 and col 3, pedestal is 224.176
8  3  1  153.955  832.393  78.303
8  3  2  362.696  2078.1  173.765
8  3  3  741.292  4531.08  301.766
8  3  4  810.371  5027.68  347.869
8  3  5  1794.31  11805.3  620.971
For row 8 and col 4, pedestal is 209.811
8  4  1  49.0195  235.888  110.307
8  4  2  90.6348  593.21  165.223
8  4  3  213.323  1588.46  350.97
8  4  4  310.023  2457.76  478.556
8  4  5  703.55  5889.95  949.388
For row 8 and col 5, pedestal is 221.327
8  5  1  96.7758  512.177  117.959
8  5  2  206.98  1222.87  213.343
8  5  3  214.2  1360.06  227.647
8  5  4  739.331  5045.87  625.287
8  5  5  1493.57  10943.8  1047.15
For row 8 and col 6, pedestal is 200.273
8  6  1  89.2807  647.306  125.904
8  6  2  159.715  1187.98  174.006
8  6  3  471.405  2845.86  368.72
8  6  4  917.014  5989.77  652.886
8  6  5  2025.75  13499  1261.81
For row 8 and col 7, pedestal is 193.345
8  7  1  63.1289  367.15  105.201
8  7  2  109.281  799.35  177.692
8  7  3  301.37  1947.59  305.422
8  7  4  682.412  4920.94  703.276
8  7  5  1346.1  9953.48  1231
For row 8 and col 8, pedestal is 197.901
8  8  1  135.679  973.497  94.6859
8  8  2  233.576  1781.26  149.041
8  8  3  448.609  2790.63  240.253
8  8  4  1030.67  7095.5  412.812
8  8  5  2296.88  15921.8  650.801
For row 8 and col 9, pedestal is 229.346
8  9  1  165.748  997.45  120.14
8  9  2  269.599  1583.82  190.275
8  9  3  669.371  4341.44  410.499
8  9  4  925.953  6364.54  526.868
8  9  5  1623.48  11766  748.713
For row 8 and col 10, pedestal is 198.922
8  10  1  97.3775  562.148  118.551
8  10  2  140.209  811.522  158.175
8  10  3  331.491  2137.78  331.413
8  10  4  678.381  4766.94  567.377
8  10  5  1074.91  8016.05  768.941
For row 8 and col 11, pedestal is 198.735
8  11  1  125.513  753.931  83.075
8  11  2  265.091  1573.37  164.015
8  11  3  634.191  4150.86  350.362
8  11  4  1137.82  8045.69  579.821
8  11  5  1975.3  14821.5  813.634
For row 9 and col 0, pedestal is 194.313
9  0  1  80.4063  545.22  105.956
9  0  2  147.889  1069.15  184.174
9  0  3  300.896  1807.31  307.799
9  0  4  832.207  5586.6  684.364
9  0  5  1889.68  12696.5  1130.3
For row 9 and col 1, pedestal is 200.271
9  1  1  75.7546  514.982  88.5547
9  1  2  152.564  1122.73  167.379
9  1  3  386.555  2321.08  343.419
9  1  4  840.017  5604.77  564.561
9  1  5  1772.86  11859.7  930.968
For row 9 and col 2, pedestal is 239.486
9  2  1  82.5853  539.003  77.8572
9  2  2  166.458  1195.63  147.681
9  2  3  393.163  2290.61  299.44
9  2  4  1034.89  6715.29  596.736
9  2  5  1818.38  11824.6  912.632
For row 9 and col 3, pedestal is 222.347
9  3  1  102.474  526.295  101.923
9  3  2  174.815  1038.96  156.899
9  3  3  474.09  2860.03  361.14
9  3  4  705.549  4317.6  525.86
9  3  5  1210.87  7833.39  800.256
For row 9 and col 4, pedestal is 216.808
9  4  1  142.977  705.941  108.698
9  4  2  300.121  1587.06  202.123
9  4  3  506.14  2952.29  316.321
9  4  4  1082.09  6494.92  594.449
9  4  5  1804.44  11697  904.604
For row 9 and col 5, pedestal is 239.926
9  5  1  150.517  734.016  108.373
9  5  2  335.605  1888.31  213.878
9  5  3  616.848  3718.64  373.421
9  5  4  950.106  5850.38  521.21
9  5  5  1817.35  12037.9  944.779
For row 9 and col 6, pedestal is 180.472
9  6  1  84.3703  580.254  154.813
9  6  2  143.784  1124.06  162.483
9  6  3  360.088  2489.63  311.74
9  6  4  778.224  5728.28  641.964
9  6  5  1722.06  12990  1234.52
For row 9 and col 7, pedestal is 213.863
9  7  1  45.0925  354.127  138.544
9  7  2  87.5723  731.745  128.228
9  7  3  226.169  1617.27  236.608
9  7  4  564.462  4163.4  569.561
9  7  5  1140.67  8524.45  1152.77
For row 9 and col 8, pedestal is 231.739
9  8  1  226.106  1576.63  90.8177
9  8  2  351.107  2551.39  126.572
9  8  3  774.287  4660.27  228.881
9  8  4  1996.32  13355.8  417.946
9  8  5  3791.33  26620.1  3673.27
For row 9 and col 9, pedestal is 241.233
9  9  1  91.7898  506.74  117.944
9  9  2  134.934  739.743  170.015
9  9  3  387.814  2406.58  410.756
9  9  4  415.793  2754.53  435.246
9  9  5  811.091  5747.46  709.123
For row 9 and col 10, pedestal is 243.168
9  10  1  84.9336  522.492  87.2169
9  10  2  169.286  991.941  167.38
9  10  3  369.388  2391.12  306.205
9  10  4  654.985  4574.34  479.109
9  10  5  1288.34  9518.81  704.372
For row 9 and col 11, pedestal is 184.148
9  11  1  18.7305  101.905  35.4894
9  11  2  120.034  726.738  121.321
9  11  3  225.279  1485.39  236.916
9  11  4  530.313  3715.48  472.01
9  11  5  989.53  7363.27  803.591
For row 10 and col 0, pedestal is 246.609
10  0  1  90.8232  626.463  78.6025
10  0  2  156.171  1192.49  138.413
10  0  3  376.207  2330.87  274.842
10  0  4  842.808  5870.5  491.725
10  0  5  2196.57  15355.7  729.548
For row 10 and col 1, pedestal is 197.327
10  1  1  73.4829  525.086  88.8673
10  1  2  145.103  1091.71  162.761
10  1  3  239.514  1494.24  241.265
10  1  4  739.747  5122.51  537.99
10  1  5  1172.96  8174.89  797.408
For row 10 and col 2, pedestal is 219.31
10  2  1  98.0652  669.34  88.7439
10  2  2  210.031  1605.16  185.409
10  2  3  384.634  2335.89  293.258
10  2  4  910.53  6249.45  578.106
10  2  5  1716.07  11862.2  903.911
For row 10 and col 3, pedestal is 216.519
10  3  1  61.1453  341.53  74.2503
10  3  2  133.365  775.778  171.24
10  3  3  188.861  1219.55  207.601
10  3  4  357.374  2324.62  343.261
10  3  5  775.318  5305.61  570.835
For row 10 and col 4, pedestal is 225.974
10  4  1  153.784  808.059  97.6487
10  4  2  296.392  1678.94  174.821
10  4  3  696.11  4248.61  374.14
10  4  4  1388.9  8629.15  664.698
10  4  5  1810.51  12093.2  850.499
For row 10 and col 5, pedestal is 192.85
10  5  1  91.2849  554.3  83.1905
10  5  2  233.487  1447.67  225.839
10  5  3  412.325  2927.12  369.408
10  5  4  800.393  5657.32  654.321
10  5  5  1692.16  12719.9  1157.68
For row 10 and col 6, pedestal is 219.654
10  6  1  81.141  566.723  112.852
10  6  2  87.0329  686.028  104.774
10  6  3  288.292  1960.81  203.508
10  6  4  821.037  6303.05  554.553
10  6  5  475.689  3778.32  401.039
For row 10 and col 7, pedestal is 232.028
10  7  1  75.6389  518.506  90.4253
10  7  2  179.85  1366.02  144.692
10  7  3  529.48  3475.18  333.468
10  7  4  850.256  6272.4  571.786
10  7  5  1945.22  14776.1  1119.09
For row 10 and col 8, pedestal is 202.86
10  8  1  159.293  1154.15  94.0056
10  8  2  274.002  2068.97  148.219
10  8  3  853.797  5330.32  333.205
10  8  4  1400.97  9779.69  472.183
10  8  5  3112.6  22108.5  569.838
For row 10 and col 9, pedestal is 199.243
10  9  1  282.242  1679.34  119.137
10  9  2  424.524  2455.04  178.998
10  9  3  1012  6482.51  351.64
10  9  4  1366.84  9448.53  470.027
10  9  5  3012.36  22022.4  711.349
For row 10 and col 10, pedestal is 238.08
10  10  1  195.66  1231.11  92.8188
10  10  2  327.542  1975.96  149.677
10  10  3  832.288  5516.16  320.993
10  10  4  999.14  7102.21  377.32
10  10  5  2289.1  17129.8  620.244
For row 10 and col 11, pedestal is 231.378
10  11  1  152.126  946.651  97.6398
10  11  2  270.348  1583.22  175.107
10  11  3  568.268  3698.14  334.172
10  11  4  1079.92  7543.64  543.068
10  11  5  2241.09  16600.3  891.959
For row 11 and col 0, pedestal is 207.956
11  0  1  62.8741  424.022  106.199
11  0  2  148.27  1051.11  295.596
11  0  3  126.805  759.831  188.898
11  0  4  697.432  4572.84  598.897
11  0  5  1267.67  8251.91  855.681
For row 11 and col 1, pedestal is 195.224
11  1  1  146.982  992.862  83.321
11  1  2  259.908  1935.9  146.81
11  1  3  755.542  4530.43  311.241
11  1  4  1394.24  9229.88  524.962
11  1  5  2527.7  16682.6  755.182
For row 11 and col 2, pedestal is 238.727
11  2  1  128.947  898.958  104.551
11  2  2  233.741  1703.1  181.226
11  2  3  480.343  2934.36  319.331
11  2  4  810.224  5424  447.363
11  2  5  2245.98  15085.5  875.681
For row 11 and col 3, pedestal is 193.747
11  3  1  127.869  699.178  94.2139
11  3  2  295.751  1708.13  199.183
11  3  3  610.416  3759.35  344.958
11  3  4  1081.75  6678.9  571.308
11  3  5  1694.24  11054.2  757.422
For row 11 and col 4, pedestal is 224.493
11  4  1  68.2968  444.295  61.8272
11  4  2  157.607  978.978  144.921
11  4  3  376.247  2516.1  343.149
11  4  4  712.477  4732.72  564.915
11  4  5  922.979  6429.87  769.87
For row 11 and col 5, pedestal is 223.632
11  5  1  74.3782  469.295  75.4534
11  5  2  193.47  1184.25  200.056
11  5  3  335.473  2284.64  334.03
11  5  4  709.762  4798.01  658.435
11  5  5  1486.52  10595.5  1189
For row 11 and col 6, pedestal is 197.02
11  6  1  91.137  632.298  177.66
11  6  2  151.82  1122.13  228.978
11  6  3  378.207  2374.31  411.414
11  6  4  818.115  5750.99  733.444
11  6  5  1354.61  9657.78  1095.7
For row 11 and col 7, pedestal is 214.931
11  7  1  73.5678  466.438  191.446
11  7  2  108.003  698.954  208.661
11  7  3  223.209  1497.82  275.747
11  7  4  601.375  4333.32  659.904
11  7  5  813.152  5906.14  876.426
For row 11 and col 8, pedestal is 196.744
11  8  1  74.6212  506.773  59.6633
11  8  2  206.935  1485.91  131.988
11  8  3  641.37  3859.08  290.586
11  8  4  1090.87  7388.5  440.233
11  8  5  2162.23  14855.1  626.485
For row 11 and col 9, pedestal is 197.384
11  9  1  110.967  664.604  93.0461
11  9  2  237.334  1374.81  197.734
11  9  3  19.0778  117.218  26.0082
11  9  4  49.5976  337.816  44.7151
11  9  5  1796.89  12717.8  912.195
For row 11 and col 10, pedestal is 227.836
11  10  1  98.9644  602.365  96.5257
11  10  2  145.442  823.913  148.963
11  10  3  391.479  2447.29  343.873
11  10  4  751.026  5025.76  544.234
11  10  5  1162.57  8221.62  711.374
For row 11 and col 11, pedestal is 188.627
11  11  1  160.207  946.613  96.5894
11  11  2  251.834  1423.07  152.828
11  11  3  457.104  2849.46  251.907
11  11  4  1062.08  7173.75  508.855
11  11  5  2138.29  15309  762.036
For row 12 and col 0, pedestal is 239.264
12  0  1  2.56273  -13.0041  nan
12  0  2  2.59464  -15.0915  nan
12  0  3  2.5428  -14.7141  nan
12  0  4  2.40966  -14.9222  nan
12  0  5  2.45995  -14.1819  nan
For row 12 and col 1, pedestal is 194.721
12  1  1  2.51471  -13.1046  nan
12  1  2  2.49082  -13.9202  nan
12  1  3  2.67451  -13.0732  nan
12  1  4  2.47409  -13.1543  nan
12  1  5  2.58358  -14.311  nan
For row 12 and col 2, pedestal is 215.794
12  2  1  2.63496  -12.6223  nan
12  2  2  2.80549  -14.0925  nan
12  2  3  2.9072  -14.0753  nan
12  2  4  2.58319  -15.212  nan
12  2  5  2.68206  -13.6272  nan
For row 12 and col 3, pedestal is 217.294
12  3  1  2.28923  -15.9762  nan
12  3  2  2.17887  -15.4279  nan
12  3  3  2.34134  -15.0555  nan
12  3  4  2.22069  -14.8331  nan
12  3  5  2.24019  -15.2622  nan
For row 12 and col 4, pedestal is 233.074
12  4  1  4.06262  -12.6203  nan
12  4  2  4.75697  -16.356  nan
12  4  3  4.37642  -12.0081  nan
12  4  4  3.42671  -12.4684  nan
12  4  5  4.00002  -13.7066  nan
For row 12 and col 5, pedestal is 208.777
12  5  1  5.1363  -17.8485  nan
12  5  2  4.64168  -19.8487  nan
12  5  3  4.52725  -17.5005  nan
12  5  4  4.66728  -19.1278  nan
12  5  5  4.55592  -18.5282  nan
For row 12 and col 6, pedestal is 204.902
12  6  1  5.1683  -11.185  nan
12  6  2  5.66721  -12.0094  nan
12  6  3  4.76743  -9.15487  nan
12  6  4  4.47328  -12.7813  nan
12  6  5  5.5361  -15.2191  nan
For row 12 and col 7, pedestal is 197.691
12  7  1  3.41258  -13.4877  nan
12  7  2  4.10885  -12.1632  nan
12  7  3  3.5316  -11.6974  nan
12  7  4  3.11743  -12.3939  nan
12  7  5  3.21048  -14.0667  nan
For row 12 and col 8, pedestal is 235.315
12  8  1  2.83112  -13.9927  nan
12  8  2  2.92356  -14.9413  nan
12  8  3  2.74437  -14.1722  nan
12  8  4  2.4522  -15.181  nan
12  8  5  2.64424  -15.775  nan
For row 12 and col 9, pedestal is 231.538
12  9  1  2.96862  -14.2492  nan
12  9  2  2.92225  -15.0627  nan
12  9  3  3.12107  -13.0077  nan
12  9  4  2.88722  -15.2554  nan
12  9  5  2.99352  -14.8287  nan
For row 12 and col 10, pedestal is 215.928
12  10  1  2.52131  -13.2305  nan
12  10  2  2.63373  -13.4037  nan
12  10  3  2.61825  -11.7289  nan
12  10  4  2.53356  -12.6593  nan
12  10  5  2.5524  -13.8669  nan
For row 12 and col 11, pedestal is 184.634
12  11  1  2.54599  -11.9684  nan
12  11  2  2.66895  -12.0505  nan
12  11  3  2.47747  -11.9815  nan
12  11  4  2.39781  -12.9938  nan
12  11  5  2.45206  -14.6068  nan
For row 13 and col 0, pedestal is 169.412
13  0  1  3.11165  -15.4818  nan
13  0  2  3.19685  -15.0418  nan
13  0  3  3.15596  -16.0715  nan
13  0  4  2.97892  -15.9996  nan
13  0  5  3.12969  -16.4882  nan
For row 13 and col 1, pedestal is 199.899
13  1  1  2.23379  -14.249  nan
13  1  2  2.25431  -13.7323  nan
13  1  3  2.24651  -13.3886  nan
13  1  4  2.19981  -13.5429  nan
13  1  5  2.24865  -12.9193  nan
For row 13 and col 2, pedestal is 215.287
13  2  1  2.65752  -15.634  nan
13  2  2  3.20789  -14.4945  nan
13  2  3  2.80502  -14.7478  nan
13  2  4  2.62075  -15.3502  nan
13  2  5  2.76213  -16.1299  nan
For row 13 and col 3, pedestal is 196.644
13  3  1  3.00082  -16.3957  nan
13  3  2  2.94517  -15.5222  nan
13  3  3  3.20142  -14.4849  nan
13  3  4  2.9651  -14.1566  nan
13  3  5  3.03001  -16.283  nan
For row 13 and col 4, pedestal is 205.493
13  4  1  2.81352  -16.0411  nan
13  4  2  3.51214  -16.6665  nan
13  4  3  2.91682  -16.8749  nan
13  4  4  2.61347  -17.1183  nan
13  4  5  2.75382  -17.2538  nan
For row 13 and col 5, pedestal is 204.694
13  5  1  3.65493  -12.5067  nan
13  5  2  3.85545  -12.8223  nan
13  5  3  4.04382  -14.3086  nan
13  5  4  3.91454  -12.1939  nan
13  5  5  4.13957  -13.4926  nan
For row 13 and col 6, pedestal is 150.64
13  6  1  3.08065  -14.6815  nan
13  6  2  4.53624  -12.705  nan
13  6  3  3.29625  -15.2117  nan
13  6  4  3.18259  -14.6836  nan
13  6  5  3.73897  -17.0806  nan
For row 13 and col 7, pedestal is 197.548
13  7  1  3.75386  -11.5604  nan
13  7  2  6.16324  -7.48533  nan
13  7  3  3.63425  -6.4972  nan
13  7  4  3.30889  -9.74197  nan
13  7  5  3.49949  -15.179  nan
For row 13 and col 8, pedestal is 226.119
13  8  1  2.485  -13.3085  nan
13  8  2  2.67684  -13.6701  nan
13  8  3  2.6002  -12.7559  nan
13  8  4  2.47385  -12.928  nan
13  8  5  2.67831  -12.0327  nan
For row 13 and col 9, pedestal is 215.701
13  9  1  3.07484  -12.1688  nan
13  9  2  3.20699  -12.4055  nan
13  9  3  3.04791  -12.3298  nan
13  9  4  3.06951  -11.9693  nan
13  9  5  3.03908  -13.7885  nan
For row 13 and col 10, pedestal is 196.682
13  10  1  2.82148  -14.7197  nan
13  10  2  3.06976  -13.6883  nan
13  10  3  2.79593  -15.7968  nan
13  10  4  2.61707  -14.6915  nan
13  10  5  2.89807  -14.9152  nan
For row 13 and col 11, pedestal is 211.645
13  11  1  2.49938  -11.514  nan
13  11  2  2.78917  -11.2084  nan
13  11  3  2.54583  -12.4245  nan
13  11  4  2.46177  -10.9137  nan
13  11  5  2.63769  -11.9353  nan
For row 14 and col 0, pedestal is 203.269
14  0  1  2.73016  -14.0253  nan
14  0  2  2.79076  -15.0683  nan
14  0  3  2.71654  -13.6263  nan
14  0  4  2.53657  -13.5175  nan
14  0  5  2.64312  -14.1954  nan
For row 14 and col 1, pedestal is 227.681
14  1  1  2.48447  -13.4418  nan
14  1  2  2.45763  -13.2617  nan
14  1  3  2.42119  -12.895  nan
14  1  4  2.44792  -12.347  nan
14  1  5  2.43063  -14.0112  nan
For row 14 and col 2, pedestal is 189.957
14  2  1  2.61396  -14.8462  nan
14  2  2  2.91277  -14.7695  nan
14  2  3  2.75512  -14.2484  nan
14  2  4  2.73339  -14.644  nan
14  2  5  2.75993  -14.7779  nan
For row 14 and col 3, pedestal is 212.764
14  3  1  2.68925  -14.8776  nan
14  3  2  2.45753  -14.9521  nan
14  3  3  2.74789  -15.468  nan
14  3  4  2.75797  -15.5425  nan
14  3  5  3.1998  -14.6522  nan
For row 14 and col 4, pedestal is 186.596
14  4  1  4.41311  -13.9233  nan
14  4  2  7.15342  -12.4299  nan
14  4  3  4.855  -9.66658  nan
14  4  4  3.89681  -13.5265  nan
14  4  5  4.73475  -14.1417  nan
For row 14 and col 5, pedestal is 218.667
14  5  1  2.62017  -17.4784  nan
14  5  2  2.45801  -16.3277  nan
14  5  3  2.96212  -16.7979  nan
14  5  4  2.63897  -16.1017  nan
14  5  5  2.91833  -17.0545  nan
For row 14 and col 6, pedestal is 181.435
14  6  1  4.32617  -15.0305  nan
14  6  2  4.99319  -13.2567  nan
14  6  3  4.9135  -15.6637  nan
14  6  4  4.18621  -16.2947  nan
14  6  5  5.5706  -20.4985  nan
For row 14 and col 7, pedestal is 228.459
14  7  1  4.07963  -13.8737  nan
14  7  2  5.87417  -9.17395  nan
14  7  3  5.07782  -10.747  nan
14  7  4  4.28647  -13.0516  nan
14  7  5  5.48725  -18.3085  nan
For row 14 and col 8, pedestal is 201.742
14  8  1  2.58903  -10.1356  nan
14  8  2  2.7396  -10.1518  nan
14  8  3  2.80341  -8.93365  nan
14  8  4  2.72132  -9.97357  nan
14  8  5  2.55503  -13.3044  nan
For row 14 and col 9, pedestal is 213.312
14  9  1  2.63468  -14.8833  nan
14  9  2  2.81035  -11.188  nan
14  9  3  2.919  -12.2532  nan
14  9  4  2.70929  -12.925  nan
14  9  5  2.77387  -14.3995  nan
For row 14 and col 10, pedestal is 238.671
14  10  1  2.47055  -14.3806  nan
14  10  2  2.64378  -13.9498  nan
14  10  3  2.65602  -12.0376  nan
14  10  4  2.35125  -13.3064  nan
14  10  5  2.46774  -15.8387  nan
For row 14 and col 11, pedestal is 210.48
14  11  1  2.87386  -13.185  nan
14  11  2  3.5725  -12.502  nan
14  11  3  2.80435  -12.9821  nan
14  11  4  2.54616  -13.8072  nan
14  11  5  2.97711  -13.5936  nan
For row 15 and col 0, pedestal is 232.905
15  0  1  2.78011  -16.6822  nan
15  0  2  2.87579  -13.8762  nan
15  0  3  2.94568  -15.3332  nan
15  0  4  2.72743  -13.8664  nan
15  0  5  3.03808  -16.1906  nan
For row 15 and col 1, pedestal is 201.118
15  1  1  2.73963  -13.4084  nan
15  1  2  2.67758  -14.6904  nan
15  1  3  2.86333  -14.51  nan
15  1  4  2.51154  -14.1268  nan
15  1  5  2.9861  -14.581  nan
For row 15 and col 2, pedestal is 221.476
15  2  1  2.34695  -13.8178  nan
15  2  2  2.38924  -13.1815  nan
15  2  3  2.3131  -13.7349  nan
15  2  4  2.19159  -13.9396  nan
15  2  5  2.34134  -13.518  nan
For row 15 and col 3, pedestal is 174.909
15  3  1  2.22297  -14.0046  nan
15  3  2  2.31319  -14.7636  nan
15  3  3  2.18344  -13.8428  nan
15  3  4  2.18531  -14.2699  nan
15  3  5  2.3859  -15.2735  nan
For row 15 and col 4, pedestal is 213.346
15  4  1  4.8017  -16.3448  nan
15  4  2  3.79732  -15.7865  nan
15  4  3  4.86016  -14.4056  nan
15  4  4  4.20422  -13.1168  nan
15  4  5  4.34962  -16.4119  nan
For row 15 and col 5, pedestal is 181.293
15  5  1  4.12472  -14.3957  nan
15  5  2  3.52876  -12.0879  nan
15  5  3  3.79561  -12.2179  nan
15  5  4  3.44573  -12.193  nan
15  5  5  4.23378  -12.5985  nan
For row 15 and col 6, pedestal is 220.774
15  6  1  3.07773  -12.7847  nan
15  6  2  3.33273  -14.8493  nan
15  6  3  3.09845  -14.0079  nan
15  6  4  2.93966  -11.3836  nan
15  6  5  3.22644  -16.6921  nan
For row 15 and col 7, pedestal is 224.455
15  7  1  4.42792  -6.69919  nan
15  7  2  5.18004  -6.41254  nan
15  7  3  4.67208  0.86767  nan
15  7  4  5.35434  -0.182267  nan
15  7  5  6.43839  -7.13336  nan
For row 15 and col 8, pedestal is 176.657
15  8  1  2.44348  -14.7936  nan
15  8  2  2.42993  -15.3006  nan
15  8  3  2.51542  -14.7914  nan
15  8  4  2.5037  -15.4305  nan
15  8  5  2.64523  -15.6048  nan
For row 15 and col 9, pedestal is 190.834
15  9  1  2.62548  -13.6129  nan
15  9  2  2.78767  -13.0565  nan
15  9  3  2.58017  -12.454  nan
15  9  4  2.489  -13.4634  nan
15  9  5  2.66429  -13.392  nan
For row 15 and col 10, pedestal is 185.738
15  10  1  2.50089  -13.9294  nan
15  10  2  2.63686  -12.3372  nan
15  10  3  2.44805  -13.6151  nan
15  10  4  2.43911  -12.9151  nan
15  10  5  2.58567  -12.9812  nan
For row 15 and col 11, pedestal is 206.022
15  11  1  2.54206  -13.7852  nan
15  11  2  3.28138  -14.2197  nan
15  11  3  2.57423  -14.4362  nan
15  11  4  2.61447  -15.8678  nan
15  11  5  2.96537  -16.3531  nan
For row 16 and col 0, pedestal is 182.909
16  0  1  2.32937  -13.1305  nan
16  0  2  2.43067  -12.9247  nan
16  0  3  2.48848  -12.6372  nan
16  0  4  2.27812  -12.6011  nan
16  0  5  2.44781  -13.7433  nan
For row 16 and col 1, pedestal is 218.516
16  1  1  2.34858  -12.8331  nan
16  1  2  2.40035  -12.5328  nan
16  1  3  2.34087  -11.819  nan
16  1  4  2.31889  -12.978  nan
16  1  5  2.35011  -13.0415  nan
For row 16 and col 2, pedestal is 210.024
16  2  1  2.54115  -15.157  nan
16  2  2  2.63749  -14.1755  nan
16  2  3  2.73927  -14.2706  nan
16  2  4  2.48677  -14.549  nan
16  2  5  2.46049  -15.1437  nan
For row 16 and col 3, pedestal is 203.815
16  3  1  2.51444  -16.0329  nan
16  3  2  2.78622  -14.6578  nan
16  3  3  2.74941  -15.5901  nan
16  3  4  2.6253  -15.5095  nan
16  3  5  2.94468  -15.9905  nan
For row 16 and col 4, pedestal is 229.828
16  4  1  4.68718  -7.23118  nan
16  4  2  6.17925  -8.04754  nan
16  4  3  4.39934  -2.44381  nan
16  4  4  3.43455  -8.19407  nan
16  4  5  4.47963  -6.87416  nan
For row 16 and col 5, pedestal is 194.557
16  5  1  3.89759  -13.3504  nan
16  5  2  3.73334  -13.7516  nan
16  5  3  4.14127  -9.57629  nan
16  5  4  3.76643  -10.8144  nan
16  5  5  4.91539  -15.6462  nan
For row 16 and col 6, pedestal is 190.999
16  6  1  8.36206  -5.87599  nan
16  6  2  9.65337  -2.57717  nan
16  6  3  8.52554  3.30262  nan
16  6  4  8.11959  0.679786  nan
16  6  5  8.3343  -2.91491  nan
For row 16 and col 7, pedestal is 221.742
16  7  1  7.87825  -2.31256  nan
16  7  2  9.51875  -3.48844  757.307
16  7  3  8.67291  1.44645  nan
16  7  4  6.82777  -4.37623  nan
16  7  5  7.00287  -7.41823  nan
For row 16 and col 8, pedestal is 191.647
16  8  1  3.30546  -14.3176  nan
16  8  2  3.3469  -10.787  nan
16  8  3  3.48505  -12.9107  nan
16  8  4  3.21903  -13.251  nan
16  8  5  3.49013  -16.5312  nan
For row 16 and col 9, pedestal is 217.148
16  9  1  2.9521  -17.1214  nan
16  9  2  3.84575  -15.3746  nan
16  9  3  3.01632  -17.6227  nan
16  9  4  2.82006  -14.9833  nan
16  9  5  3.31606  -17.0769  nan
For row 16 and col 10, pedestal is 212.507
16  10  1  2.96908  -13.4989  nan
16  10  2  3.19708  -11.7837  nan
16  10  3  2.96761  -10.6915  nan
16  10  4  2.82984  -11.1568  nan
16  10  5  3.05398  -13.6978  nan
For row 16 and col 11, pedestal is 208.08
16  11  1  4.01293  -10.9644  nan
16  11  2  3.29586  -5.76189  nan
16  11  3  3.91363  -5.43231  nan
16  11  4  3.99218  -5.74006  nan
16  11  5  4.20314  -14.32  nan
For row 17 and col 0, pedestal is 193.168
17  0  1  2.88619  -15.4471  nan
17  0  2  2.5367  -15.4481  nan
17  0  3  2.97318  -14.5219  nan
17  0  4  2.7794  -14.2993  nan
17  0  5  3.38003  -14.6871  nan
For row 17 and col 1, pedestal is 201.445
17  1  1  2.3805  -15.9245  nan
17  1  2  2.99451  -15.7894  nan
17  1  3  2.61205  -17.1743  nan
17  1  4  2.40897  -16.2214  nan
17  1  5  2.7221  -15.7101  nan
For row 17 and col 2, pedestal is 200.581
17  2  1  2.79312  -16.3061  nan
17  2  2  2.93793  -15.6844  nan
17  2  3  2.61436  -16.1162  nan
17  2  4  2.61978  -16.2502  nan
17  2  5  2.83032  -14.8995  nan
For row 17 and col 3, pedestal is 226.552
17  3  1  2.76675  -15.3962  nan
17  3  2  2.58101  -14.3736  nan
17  3  3  2.6664  -16.0471  nan
17  3  4  2.46487  -15.4544  nan
17  3  5  2.79125  -16.4719  nan
For row 17 and col 4, pedestal is 211.596
17  4  1  4.86607  -10.2331  nan
17  4  2  4.78629  -10.7638  nan
17  4  3  5.25319  -6.27053  nan
17  4  4  4.56769  -8.03798  nan
17  4  5  4.49701  -10.9353  nan
For row 17 and col 5, pedestal is 176.423
17  5  1  3.46248  -12.681  nan
17  5  2  4.25252  -13.3759  nan
17  5  3  3.47065  -14.0434  nan
17  5  4  3.26994  -13.1952  nan
17  5  5  3.75287  -14.7291  nan
For row 17 and col 6, pedestal is 221.331
17  6  1  4.15007  -7.88316  nan
17  6  2  5.42316  -8.40767  nan
17  6  3  4.2705  -6.46981  nan
17  6  4  3.27121  -7.01005  nan
17  6  5  4.80388  -9.40464  nan
For row 17 and col 7, pedestal is 231.644
17  7  1  5.32055  -18.796  nan
17  7  2  6.82789  -10.722  nan
17  7  3  6.17633  -4.60507  nan
17  7  4  5.03727  -10.2441  nan
17  7  5  6.6573  -17.2462  nan
For row 17 and col 8, pedestal is 215.505
17  8  1  3.57717  -10.315  nan
17  8  2  3.39835  -9.25634  nan
17  8  3  3.6742  -6.4215  nan
17  8  4  3.32323  -9.21056  nan
17  8  5  3.85864  -11.1136  nan
For row 17 and col 9, pedestal is 218.142
17  9  1  3.97204  -20.6637  nan
17  9  2  3.90542  -19.6391  nan
17  9  3  4.32742  -19.7593  nan
17  9  4  3.6811  -18.5233  nan
17  9  5  4.52542  -20.2755  nan
For row 17 and col 10, pedestal is 206.356
17  10  1  2.79576  -11.5519  nan
17  10  2  3.38038  -11.7407  nan
17  10  3  2.77982  -9.98346  nan
17  10  4  2.75401  -10.1378  nan
17  10  5  2.95275  -11.4657  nan
For row 17 and col 11, pedestal is 244.405
17  11  1  4.40318  -9.65935  nan
17  11  2  7.68352  -6.36925  nan
17  11  3  5.00145  -9.3009  nan
17  11  4  4.26573  -10.6377  nan
17  11  5  6.39371  -14.0918  nan
For row 18 and col 0, pedestal is 211.211
18  0  1  2.35211  -16.8089  nan
18  0  2  2.41567  -16.4149  nan
18  0  3  2.37619  -15.4524  nan
18  0  4  2.21003  -15.6322  nan
18  0  5  2.49422  -15.5358  nan
For row 18 and col 1, pedestal is 216.741
18  1  1  2.54226  -14.611  nan
18  1  2  2.48449  -15.0085  nan
18  1  3  2.44964  -14.2412  nan
18  1  4  2.46075  -13.9454  nan
18  1  5  2.58135  -13.5508  nan
For row 18 and col 2, pedestal is 210.979
18  2  1  3.24361  -13.0311  nan
18  2  2  3.34376  -13.0594  nan
18  2  3  3.43689  -12.1298  nan
18  2  4  3.28647  -12.4661  nan
18  2  5  3.31428  -13.5256  nan
For row 18 and col 3, pedestal is 241.21
18  3  1  2.82366  -15.9535  nan
18  3  2  2.73873  -15.0461  nan
18  3  3  2.79983  -16.5116  nan
18  3  4  2.53874  -15.82  nan
18  3  5  2.81436  -16.3294  nan
For row 18 and col 4, pedestal is 195.918
18  4  1  3.97533  -13.2181  nan
18  4  2  3.99444  -11.9771  nan
18  4  3  4.72026  -11.3563  nan
18  4  4  3.84623  -13.3073  nan
18  4  5  3.68932  -12.9348  nan
For row 18 and col 5, pedestal is 190.154
18  5  1  4.75146  -13.1425  nan
18  5  2  4.73962  -9.77334  nan
18  5  3  5.93902  -8.82911  nan
18  5  4  4.66949  -10.2867  nan
18  5  5  5.50044  -12.5118  nan
For row 18 and col 6, pedestal is 209.734
18  6  1  4.83333  -11.9385  nan
18  6  2  4.16331  -13.1911  nan
18  6  3  4.25767  -7.2668  nan
18  6  4  3.45845  -12.1906  nan
18  6  5  4.89402  -19.6493  nan
For row 18 and col 7, pedestal is 231.264
18  7  1  4.07839  -10.7467  nan
18  7  2  4.71229  -8.71485  nan
18  7  3  4.80992  -10.3884  nan
18  7  4  3.62612  -12.8481  nan
18  7  5  4.83207  -14.8594  nan
For row 18 and col 8, pedestal is 240.219
18  8  1  3.0889  -13.7449  nan
18  8  2  3.33826  -12.3889  nan
18  8  3  3.202  -13.2256  nan
18  8  4  3.13648  -11.7919  nan
18  8  5  3.22856  -13.5352  nan
For row 18 and col 9, pedestal is 232.462
18  9  1  2.97486  -10.8414  nan
18  9  2  2.98071  -10.7749  nan
18  9  3  3.17904  -10.8032  nan
18  9  4  2.87597  -11.0063  nan
18  9  5  3.02384  -11.3199  nan
For row 18 and col 10, pedestal is 218.274
18  10  1  2.68888  -15.2636  nan
18  10  2  2.69412  -15.2803  nan
18  10  3  2.60966  -15.7761  nan
18  10  4  2.52413  -14.6686  nan
18  10  5  2.7296  -16.9687  nan
For row 18 and col 11, pedestal is 183.983
18  11  1  3.454  -11.4835  nan
18  11  2  3.97394  -12.2436  nan
18  11  3  3.40192  -12.7864  nan
18  11  4  3.58336  -13.4472  nan
18  11  5  3.724  -14.6579  nan
For row 19 and col 0, pedestal is 190.304
19  0  1  2.56696  -17.3973  nan
19  0  2  2.33553  -16.4618  nan
19  0  3  2.71278  -16.1472  nan
19  0  4  2.55031  -17.5676  nan
19  0  5  2.80519  -15.9176  nan
For row 19 and col 1, pedestal is 221.61
19  1  1  2.4023  -14.6703  nan
19  1  2  2.54534  -14.5076  nan
19  1  3  2.4621  -13.5377  nan
19  1  4  2.13504  -13.7914  nan
19  1  5  2.42815  -15.1075  nan
For row 19 and col 2, pedestal is 251.326
19  2  1  2.26992  -14.1634  nan
19  2  2  2.58245  -13.6125  nan
19  2  3  2.2989  -13.4191  nan
19  2  4  2.21219  -13.9368  nan
19  2  5  2.39256  -13.4599  nan
For row 19 and col 3, pedestal is 232.658
19  3  1  2.61862  -15.2517  nan
19  3  2  2.58399  -14.3866  nan
19  3  3  2.75041  -15.2191  nan
19  3  4  2.38092  -14.3877  nan
19  3  5  2.49509  -14.9557  nan
For row 19 and col 4, pedestal is 204.693
19  4  1  4.18801  -13.9169  nan
19  4  2  4.97258  -15.6098  nan
19  4  3  4.08976  -16.6235  nan
19  4  4  4.16597  -13.8215  nan
19  4  5  3.93265  -14.4397  nan
For row 19 and col 5, pedestal is 219.294
19  5  1  2.88194  -17.3206  nan
19  5  2  3.45146  -16.4505  nan
19  5  3  2.85005  -16.6237  nan
19  5  4  2.41798  -15.678  nan
19  5  5  2.74954  -17.236  nan
For row 19 and col 6, pedestal is 220.36
19  6  1  2.74678  -11.9016  nan
19  6  2  3.86496  -12.7992  nan
19  6  3  2.76347  -12.0857  nan
19  6  4  2.51418  -11.4208  nan
19  6  5  2.74038  -14.2684  nan
For row 19 and col 7, pedestal is 238.247
19  7  1  4.31693  -16.5678  nan
19  7  2  4.50756  -13.2487  nan
19  7  3  6.26026  -13.6533  nan
19  7  4  4.3814  -13.0115  nan
19  7  5  6.19239  -17.033  nan
For row 19 and col 8, pedestal is 208.824
19  8  1  2.16253  -13.7809  nan
19  8  2  2.29886  -13.7226  nan
19  8  3  2.38525  -15.0265  nan
19  8  4  2.26241  -14.5138  nan
19  8  5  2.46559  -15.8017  nan
For row 19 and col 9, pedestal is 184.212
19  9  1  2.17286  -14.1531  nan
19  9  2  2.16256  -14.7571  nan
19  9  3  2.2062  -14.3773  nan
19  9  4  2.144  -14.1164  nan
19  9  5  2.15726  -16.0038  nan
For row 19 and col 10, pedestal is 200.956
19  10  1  2.35063  -17.1039  nan
19  10  2  2.56059  -16.2778  nan
19  10  3  2.36666  -15.871  nan
19  10  4  2.35055  -15.6181  nan
19  10  5  2.53247  -18.0686  nan
For row 19 and col 11, pedestal is 195.796
19  11  1  2.54974  -12.5342  nan
19  11  2  2.73375  -12.6168  nan
19  11  3  2.71772  -13.6467  nan
19  11  4  2.40457  -13.5289  nan
19  11  5  2.5886  -14.4632  nan
For row 20 and col 0, pedestal is 238.502
20  0  1  2.38716  -13.3447  nan
20  0  2  2.60393  -13.1287  nan
20  0  3  2.5731  -13.1289  nan
20  0  4  2.42382  -12.7371  nan
20  0  5  2.66167  -14.3622  nan
For row 20 and col 1, pedestal is 233.739
20  1  1  2.55346  -14.0374  nan
20  1  2  2.68478  -15.6134  nan
20  1  3  2.55483  -15.2468  nan
20  1  4  2.36497  -14.7087  nan
20  1  5  2.62419  -13.5237  nan
For row 20 and col 2, pedestal is 210.791
20  2  1  2.64145  -14.5067  nan
20  2  2  2.69653  -14.7816  nan
20  2  3  2.96932  -13.0844  nan
20  2  4  2.57776  -13.9195  nan
20  2  5  2.90882  -14.0727  nan
For row 20 and col 3, pedestal is 214.295
20  3  1  3.14514  -13.8014  nan
20  3  2  2.80433  -15.8392  nan
20  3  3  3.42754  -15.1791  nan
20  3  4  2.81905  -15.1868  nan
20  3  5  3.28859  -14.9371  nan
For row 20 and col 4, pedestal is 170.28
20  4  1  5.37542  -6.62199  nan
20  4  2  6.2159  -8.15352  nan
20  4  3  4.99686  -3.23629  nan
20  4  4  3.71307  -7.22055  nan
20  4  5  3.99195  -6.93552  nan
For row 20 and col 5, pedestal is 186.544
20  5  1  4.61279  -7.71805  nan
20  5  2  4.22969  -7.17653  nan
20  5  3  4.81779  -7.79497  nan
20  5  4  4.02176  -8.34601  nan
20  5  5  4.33326  -8.85716  nan
For row 20 and col 6, pedestal is 220.555
20  6  1  4.66178  -7.81821  nan
20  6  2  6.13422  -7.97332  nan
20  6  3  4.68364  2.10879  nan
20  6  4  4.12121  -0.879838  nan
20  6  5  4.90456  -10.9999  nan
For row 20 and col 7, pedestal is 193.13
20  7  1  4.95226  -10.1043  nan
20  7  2  4.3933  -7.25428  nan
20  7  3  5.45948  -4.66367  nan
20  7  4  4.81756  -6.76051  nan
20  7  5  6.39333  -13.4182  nan
For row 20 and col 8, pedestal is 212.384
20  8  1  2.37348  -11.8057  nan
20  8  2  2.61101  -11.8779  nan
20  8  3  2.56978  -9.71833  nan
20  8  4  2.50974  -11.3301  nan
20  8  5  2.41155  -11.7175  nan
For row 20 and col 9, pedestal is 209.353
20  9  1  2.76285  -11.0904  nan
20  9  2  2.58805  -11.2948  nan
20  9  3  2.88991  -11.2924  nan
20  9  4  2.76899  -13.4062  nan
20  9  5  2.99619  -14.4677  nan
For row 20 and col 10, pedestal is 222.37
20  10  1  2.63606  -10.8628  nan
20  10  2  2.71982  -10.7731  nan
20  10  3  2.80125  -11.3059  nan
20  10  4  2.63505  -12.4529  nan
20  10  5  2.62077  -12.5873  nan
For row 20 and col 11, pedestal is 208.496
20  11  1  2.72135  -12.4747  nan
20  11  2  2.6766  -12.7262  nan
20  11  3  2.8315  -10.8499  nan
20  11  4  2.67375  -13.8931  nan
20  11  5  2.84691  -11.3867  nan
For row 21 and col 0, pedestal is 220.532
21  0  1  2.46332  -16.3467  nan
21  0  2  2.50175  -16.5479  nan
21  0  3  2.49004  -17.7694  nan
21  0  4  2.35592  -17.343  nan
21  0  5  2.55173  -17.2874  nan
For row 21 and col 1, pedestal is 292.936
21  1  1  2.83948  -16.1361  nan
21  1  2  3.06587  -16.2063  nan
21  1  3  3.26552  -16.4463  nan
21  1  4  2.62414  -17.0747  nan
21  1  5  2.88842  -16.4359  nan
For row 21 and col 2, pedestal is 214.178
21  2  1  3.07536  -14.5915  nan
21  2  2  2.99465  -14.7262  nan
21  2  3  2.84414  -15.0697  nan
21  2  4  2.6846  -14.7091  nan
21  2  5  2.98489  -13.5914  nan
For row 21 and col 3, pedestal is 254.456
21  3  1  3.41483  -13.8564  nan
21  3  2  2.83472  -14.075  nan
21  3  3  3.24352  -13.6264  nan
21  3  4  2.8294  -14.5278  nan
21  3  5  3.14714  -13.3386  nan
For row 21 and col 4, pedestal is 205.352
21  4  1  6.8609  -9.60016  nan
21  4  2  7.06269  -8.88299  nan
21  4  3  7.11125  -7.5838  nan
21  4  4  5.45565  -10.9729  nan
21  4  5  6.17061  -10.7215  nan
For row 21 and col 5, pedestal is 187.962
21  5  1  4.73815  -9.93585  nan
21  5  2  4.30139  -11.904  nan
21  5  3  5.2263  -11.6818  nan
21  5  4  4.39457  -12.7189  nan
21  5  5  4.5581  -12.4391  nan
For row 21 and col 6, pedestal is 239.516
21  6  1  5.12905  -12.6918  nan
21  6  2  4.84347  -13.2578  nan
21  6  3  4.51734  -11.0215  nan
21  6  4  3.63932  -12.1671  nan
21  6  5  4.14857  -14.2758  nan
For row 21 and col 7, pedestal is 247.396
21  7  1  3.96131  -9.79935  nan
21  7  2  4.79256  -8.11103  nan
21  7  3  4.42567  -5.21826  nan
21  7  4  4.02134  -5.35091  nan
21  7  5  4.89742  -12.8393  nan
For row 21 and col 8, pedestal is 239.731
21  8  1  3.60269  -11.638  nan
21  8  2  3.37098  -11.5104  nan
21  8  3  3.29792  -9.63274  nan
21  8  4  3.04432  -10.4411  nan
21  8  5  3.55793  -13.2659  nan
For row 21 and col 9, pedestal is 248.458
21  9  1  3.07728  -14.3428  nan
21  9  2  3.05885  -16.2381  nan
21  9  3  3.01687  -14.1497  nan
21  9  4  2.74138  -14.8783  nan
21  9  5  3.00858  -15.8314  nan
For row 21 and col 10, pedestal is 234.204
21  10  1  3.00909  -13.0802  nan
21  10  2  2.97228  -12.9522  nan
21  10  3  3.06924  -12.372  nan
21  10  4  3.04144  -13.7938  nan
21  10  5  3.28952  -15.1478  nan
For row 21 and col 11, pedestal is 219.577
21  11  1  2.65799  -13.2313  nan
21  11  2  2.8666  -8.38936  nan
21  11  3  3.28668  -6.75505  nan
21  11  4  2.77119  -6.14516  nan
21  11  5  3.34705  -13.1525  nan
For row 22 and col 0, pedestal is 267.534
22  0  1  3.41782  -14.0607  nan
22  0  2  3.06476  -15.4449  nan
22  0  3  3.58987  -13.7149  nan
22  0  4  3.04543  -14.2252  nan
22  0  5  3.75767  -14.1717  nan
For row 22 and col 1, pedestal is 224.272
22  1  1  3.35798  -14.8032  nan
22  1  2  4.78035  -10.4314  nan
22  1  3  3.81139  -13.7038  nan
22  1  4  3.11659  -15.1387  nan
22  1  5  4.18104  -16.6025  nan
For row 22 and col 2, pedestal is 245.966
22  2  1  3.21055  -18.0709  nan
22  2  2  2.93412  -18.0054  nan
22  2  3  3.27274  -17.335  nan
22  2  4  3.03093  -17.5056  nan
22  2  5  3.52257  -17.3358  nan
For row 22 and col 3, pedestal is 254.009
22  3  1  2.7814  -18.0084  nan
22  3  2  3.23034  -16.8788  nan
22  3  3  3.22724  -18.1056  nan
22  3  4  2.87757  -17.0725  nan
22  3  5  3.50132  -18.3808  nan
For row 22 and col 4, pedestal is 218.02
22  4  1  5.22853  -21.6595  nan
22  4  2  6.62722  -17.7578  nan
22  4  3  5.26161  -21.8162  nan
22  4  4  4.26583  -21.7084  nan
22  4  5  4.78964  -23.8155  nan
For row 22 and col 5, pedestal is 231.719
22  5  1  5.342  -18.0244  nan
22  5  2  5.12785  -12.376  nan
22  5  3  5.77873  -18.5971  nan
22  5  4  4.12397  -17.1064  nan
22  5  5  5.0508  -16.8269  nan
For row 22 and col 6, pedestal is 250.468
22  6  1  3.83501  -15.5686  nan
22  6  2  6.27395  -13.8181  nan
22  6  3  3.80963  -15.4071  nan
22  6  4  3.39457  -15.3162  nan
22  6  5  4.19993  -14.2418  nan
For row 22 and col 7, pedestal is 246.537
22  7  1  5.41999  -13.1969  nan
22  7  2  7.32961  -13.4736  nan
22  7  3  5.69778  -12.5212  nan
22  7  4  6.42474  -15.5253  nan
22  7  5  6.36637  -16.6035  nan
For row 22 and col 8, pedestal is 236.969
22  8  1  3.03362  -13.6465  nan
22  8  2  2.91683  -11.9974  nan
22  8  3  3.15814  -12.6587  nan
22  8  4  2.94307  -13.648  nan
22  8  5  3.16326  -13.9265  nan
For row 22 and col 9, pedestal is 207.559
22  9  1  2.88675  -8.2182  nan
22  9  2  2.97737  -10.9303  nan
22  9  3  2.8742  -10.1672  nan
22  9  4  2.71689  -11.1426  nan
22  9  5  2.99423  -11.2279  nan
For row 22 and col 10, pedestal is 229.487
22  10  1  3.16786  -14.1921  nan
22  10  2  3.45702  -16.7479  nan
22  10  3  2.96979  -17.3843  nan
22  10  4  2.87718  -16.5353  nan
22  10  5  3.07965  -18.5958  nan
For row 22 and col 11, pedestal is 223.337
22  11  1  2.67632  -15.0912  nan
22  11  2  2.89588  -15.2437  nan
22  11  3  2.64766  -13.4257  nan
22  11  4  2.60504  -15.9078  nan
22  11  5  3.02629  -18.7075  nan
For row 23 and col 0, pedestal is 229.871
23  0  1  3.26368  -17.1718  nan
23  0  2  2.88398  -16.5442  nan
23  0  3  3.99039  -16.4126  nan
23  0  4  3.16332  -18.7094  nan
23  0  5  3.36484  -16.2894  nan
For row 23 and col 1, pedestal is 201.68
23  1  1  2.56234  -16.8864  nan
23  1  2  2.50182  -16.3829  nan
23  1  3  2.60068  -17.9854  nan
23  1  4  2.16075  -17.3043  nan
23  1  5  2.35346  -15.1471  nan
For row 23 and col 2, pedestal is 226.735
23  2  1  2.71617  -13.1223  nan
23  2  2  3.09971  -13.6908  nan
23  2  3  2.982  -14.4699  nan
23  2  4  2.73192  -13.3962  nan
23  2  5  3.14919  -14.5578  nan
For row 23 and col 3, pedestal is 239.063
23  3  1  2.2491  -13.6646  nan
23  3  2  2.42208  -14.0999  nan
23  3  3  2.28586  -13.5985  nan
23  3  4  2.16697  -15.0084  nan
23  3  5  2.41042  -15.5005  nan
For row 23 and col 4, pedestal is 231.789
23  4  1  4.56381  -13.1052  nan
23  4  2  5.1413  -10.2936  nan
23  4  3  5.96531  -13.5254  nan
23  4  4  4.28865  -11.3794  nan
23  4  5  6.2472  -12.5195  nan
For row 23 and col 5, pedestal is 232.708
23  5  1  2.91243  -18.1102  nan
23  5  2  2.81568  -15.8057  nan
23  5  3  3.17232  -16.9619  nan
23  5  4  2.85235  -17.1767  nan
23  5  5  2.80614  -18.5001  nan
For row 23 and col 6, pedestal is 224.35
23  6  1  5.8298  -15.4898  nan
23  6  2  10.462  -12.5213  310.535
23  6  3  6.23968  -16.6587  nan
23  6  4  5.44757  -16.0058  nan
23  6  5  6.98744  -18.217  nan
For row 23 and col 7, pedestal is 189.947
23  7  1  5.00641  -13.6764  nan
23  7  2  5.27302  -14.8531  nan
23  7  3  5.77698  -15.3563  nan
23  7  4  5.28219  -15.348  nan
23  7  5  5.54203  -17.573  nan
For row 23 and col 8, pedestal is 214.757
23  8  1  2.55383  -15.0523  nan
23  8  2  2.94678  -14.5624  nan
23  8  3  2.63216  -16.4993  nan
23  8  4  2.46005  -17.467  nan
23  8  5  2.83478  -15.6943  nan
For row 23 and col 9, pedestal is 194.455
23  9  1  2.89618  -14.0768  nan
23  9  2  3.00638  -15.9447  nan
23  9  3  2.90625  -14.3731  nan
23  9  4  2.61173  -16.0742  nan
23  9  5  2.94935  -16.9626  nan
For row 23 and col 10, pedestal is 197.15
23  10  1  2.21937  -14.5539  nan
23  10  2  2.4035  -11.6392  nan
23  10  3  2.50631  -11.6148  nan
23  10  4  2.3814  -15.9888  nan
23  10  5  2.53324  -11.9112  nan
For row 23 and col 11, pedestal is 249.061
23  11  1  2.92283  -14.8142  nan
23  11  2  3.50048  -12.5614  nan
23  11  3  3.11587  -10.8692  nan
23  11  4  2.63325  -12.9469  nan
23  11  5  3.22758  -14.8502  nan
