6.31122  6.19864  8.89867  7.64475  -7.72338  -6.30348  -2.29412  -4.2148  7.95477  7.68067  8.98928  5.44022  
9.28857  9.43363  7.48547  9.06917  -4.26752  -3.76132  -2.76876  -2.01504  10.1013  8.0651  8.32378  6.83678  
7.66547  6.11925  8.37502  9.28695  -4.78689  -4.02952  -4.46346  -5.0971  9.39668  8.79251  7.13884  6.46886  
11.349  11.6625  14.3837  13.1806  -0.627214  -1.12352  0  -0.0157792  11.5832  12.946  10.9849  8.55806  
-1.49642  -1.15287  -1.04296  -0.145115  -8.62704  -11.9357  -12.5574  -12.9523  -0.554507  0.509712  -0.351878  -1.35425  
13.2406  12.9669  14.9238  14.7745  -11.9541  -10.0035  2.13631  1.84958  16.552  15.2087  0.775445  0.889806  
4.94206  9.0504  10.4875  11.0807  -4.33045  -2.60522  -2.49634  -4.09649  15.1228  13.68  9.43608  7.45322  
11.3858  10.6095  11.631  10.9661  -0.825903  -1.61937  -2.4669  -1.17921  10.3323  13.116  7.98222  6.99877  
13.3582  15.1214  13.5827  13.1911  0.703838  0.571627  2.39768  1.28996  13.6303  14.2027  13.4841  12.6041  
9.85982  11.5211  12.8383  12.0732  2.18965  2.17765  2.21581  2.54462  14.4685  10.8074  13.1775  12.8775  
15.5735  13.0611  12.8952  12.3372  4.46066  2.6272  4.71265  4.66913  13.7238  14.1011  12.8972  10.4173  
12.7252  13.3374  14.3637  13.1939  0.352021  -0.818926  1.61084  1.77679  15.0918  14.4027  10.9454  10.6031  
-3.50908  -1.67326  -2.00132  -0.310727  -14.1496  -12.3296  -13.4901  -12.5589  1.27422  0.206245  -0.537067  -1.89525  
15.2883  13.3649  14.3279  12.4785  5.9707  1.67345  6.28664  4.85486  13.1724  13.5777  16.7245  12.743  
11.6907  14.4956  13.5566  12.2945  2.73172  3.55737  5.31526  3.82268  13.0828  10.5947  12.3013  13.6721  
0.0828089  -1.36344  15.3793  16.2295  4.00783  1.05778  -9.71197  -9.78746  14.7541  16.8671  13.1562  12.9927  
11.5212  11.0484  15.4761  16.644  2.60778  5.26143  0.592505  -1.79572  17.926  15.8569  15.9485  12.5573  
-8.81855  -8.53406  0.0279481  -3.3772  7.34988  6.59504  -14.7028  -15.7391  1.05206  -1.59587  18.1784  15.7829  
12.3618  11.0123  16.442  14.261  -13.0829  -10.9361  3.47859  4.62878  16.205  14.5232  -1.6327  -4.84177  
13.9376  16.7572  17.5587  17.9154  -15.7733  -14.9243  7.57652  5.03576  18.4623  20.0286  -4.62593  -4.99685  
9.06649  12.5247  11.826  13.7375  -13.0486  -12.4817  3.83967  2.80976  13.3936  13.0083  -4.75293  -5.6404  
10.3902  10.3228  14.3978  13.1298  1.94914  4.30138  7.84029  2.74697  13.166  12.2743  12.3696  9.01172  
12.3185  16.1393  14.5298  13.5144  3.82626  5.74915  3.68725  4.50162  14.9882  12.9132  11.8854  12.3943  
-6.46948  -5.91409  11.4611  10.4687  2.68443  4.49744  -14.2535  -17.677  13.082  11.1636  10.274  13.0963  
