-1469.08
-1430.02
-1408.5
-1420.81
-2211
-1608.97
-1476.36
-1457.6
-1384.07
-1366.92
-1330.79
-1394.51
-1415.83
-1367.19
-1409.94
-1356.96
-1669.74
-1465.2
-1952.88
-5635.02
-1845.16
-1428.69
-1535.57
-1555.74
-1402.46
-1566.51
-1448.53
-1361.98
-1917.96
-1453.04
-5115.49
-2500
-1321.83
-1370.68
-1509.89
-1323.93
-1429.76
-1378.6
-1295.58
-1435.15
-1337.86
-1337.62
-1398.89
-1575.39
-1399.91
-1359.86
-1374.83
-1375.06
-1411.07
-1394.5
-1490.13
-1435.37
-1233.49
-1242.85
-1503.61
-1557.32
-1389.24
-1392.21
-1300.56
-1456.14
-1405.94
-1340.69
-1445.43
-1366.3
-1528.22
-1377.61
-1389.29
-1546.48
-1371.23
-1386.7
-1444.66
-1320.55
-1696.09
-1634.1
-1574.94
-1529.92
-2493.44
-2500
-1474.55
-1331.51
-1312.45
-1380.94
-1298.5
-1227.13
-1337.36
-1361.79
-1400.47
-1382.98
-1333.07
-1293.06
-1172
-1302.43
-1397.03
-1465.38
-1392.64
-1403.8
-1405.28
-1374.12
-1454.55
-1342.05
-1645.54
-1118.01
-3540.84
-1668.64
-1314.2
-1325.5
-1405.17
-1317.65
-1682.17
-1403.43
-1370.48
-1389.64
-1388.6
-1274.66
-1350.05
-1146.56
-1322.99
-1351.67
-1324.66
-1373.08
-1347.63
-1362.41
-1391.5
-1408.86
-1205.2
-1324.68
-1367.36
-1143.53
-1323.93
-1313.93
-1455.73
-1434.36
-1365.92
-1299.1
-1382.56
-1424.49
-1399.22
-1391.48
-1480.68
-1317.28
-1386.82
-1380.9
-1375.05
-1364.94
-1589.09
-1502.78
-1450.94
-2197.04
-2500
-2164.95
-1761.87
-1511.88
-1374.35
-1417.87
-1399.35
-1378.51
-1406.92
-1407.67
-1460.84
-1321.71
-1346.09
-1685.8
-1331
-1449.56
-1380.06
-1376.3
-1393.35
-1423.86
-1472.63
-1399.89
-1377.39
-1423.57
-1598.32
-1201.06
-1367.98
-1479.96
-1381.48
-1534.35
-1348.65
-1402.12
-1351.24
-1365.77
-1341.24
-1407.74
-1363.56
-1531.09
-1310.44
-1332.3
-1434.2
-1425.73
-1375.68
-1332.01
-1363.24
-1445.95
-1407.6
-1394.14
-1722.2
-1415.88
-1823
-1746.08
-1302.35
-1340.48
-1342.84
-1588.69
-1384.02
-1400.98
-1380.35
-1496.18
-1293.67
-1341.35
-1252.31
-1642.19
-1316.13
-1382.76
-1349.52
-1391.99
-1344.94
-1632.83
-1347.95
-1365.28
-1416.58
-1375.28
-1164.02
-1407.59
-1249.09
-1350.39
-1355.69
-1417.06
-1342.62
-1340.31
-1394.26
-1373.59
-2274.51
-1517.46
-1443.12
-1597.84
-1391.34
-1394.63
-1410.84
-1438.53
-1451.71
-1415.25
-1647.11
-1450.97
-1503.86
-1191
-1602.84
-1627.21
-1355.63
-1322.7
-1327.31
-1419.55
-1501.43
-1322.16
-1318.99
-1345.59
-1426.67
-1277.19
-1225.6
-1295.35
-1346.06
-1248.14
-1317.06
-1193.72
-1527.12
-1358.53
-1352.42
-1332.16
-1271.29
-1196.69
-1664.78
-1569.37
-1328.86
-1311.95
-1395.82
-1322.82
-1313.35
-1455.67
-1388.97
-1367.14
-1453.8
-1173.63
-1627.61
-2072.1
-1398.81
-1380.35
-1377.35
-1430.66
