Run Number: 528 Desired Peak Position: 78.355
Module   Target HV   Stat   ErrStat   Peak Pos   ErrPPos   Peak Width   ErrPWid   NGoodEvents    Flag 
    0     2855.59       59.34       18.09        0.30        8.85        0.28     5922.00   1568.0222        Good
    1     3966.05       68.04       18.46        0.34       10.56        0.36     8660.00   1545.7593        Good
    2     4571.01       71.52       19.92        0.22        8.01        0.17     8444.00   1564.0213        Good
    3     4742.57       73.96       19.59        0.21        7.24        0.15     7673.00   1530.3418        Good
    4     2585.09       54.79       19.49        0.45       12.43        0.52     7114.00   2648.8983        Good
    5     4149.12       71.43       18.90        0.24        6.95        0.16     6567.00   2119.0250        Good
    6     2504.02       58.04       17.07        0.27        6.57        0.20     3742.00   2053.7710        Good
    7     2076.45       53.51       15.84        0.28        6.29        0.21     3052.00   2186.7296        Good
    8     4280.04       71.36       18.88        0.26        7.55        0.19     6787.00   1531.4062        Good
    9     3728.52       68.67       18.44        0.27        7.22        0.19     6054.00   1512.6602        Good
   10     3452.76       66.91       18.47        0.27        6.86        0.19     5222.00   1483.2312        Good
   11     3677.93       61.91       19.91        0.30        9.66        0.27     7702.00   1550.1068        Good
   12     4660.99       86.02       15.66        0.26        7.25        0.24     7437.00   1511.6973        Good
   13    10023.35      121.36       17.82        0.21        6.82        0.16    14239.00   1517.5296        Good
   14     6551.10       91.30       18.45        0.22        7.79        0.17    11613.00   1508.2593        Good
   15     7710.68       98.72       18.39        0.16        6.62        0.11    11847.00   1488.0194        Good
   16     8895.85      108.16       18.63        0.16        6.53        0.11    12408.00   2340.9364        Good
   17     7005.83       98.33       17.43        0.16        6.13        0.11     9951.00   2065.9582        Good
   18     2791.13      154.67        5.86        6.41       16.83        3.15     4711.00   2468.7955        Good
   19        0.00        0.00        0.00        0.00        0.00        0.00        0.00      1.0000      Narrow
   20    45325.36    43949.97     -127.22       18.28       14.54        6.04     8329.00        -nan        Good
   21     4268.34       84.98       12.26        0.45        8.71        0.49     7184.00   1557.8985        Good
   22     3477.41       67.88       11.32        1.03       10.98        0.82     6382.00   1633.6065        Good
   23   261059.70    90738.26      -73.67        2.80        3.37        0.65     7522.00        -nan        Good
   24     6922.63      101.21       15.45        0.16        6.17        0.12    10047.00   1514.6204        Good
   25     5084.48      396.49       -2.24        5.58       17.67        0.68    13165.00        -nan        Good
   26     6688.02      108.78       15.08        0.20        7.51        0.21    11898.00   1540.5195        Good
   27    11250.17      128.90       16.12        0.13        5.69        0.09    14758.00   1498.6501        Good
   28     9211.05      106.44       18.10        0.17        7.03        0.11    14179.00   2321.0732        Good
   29     8550.57      108.23       16.60        0.15        6.28        0.11    12463.00   2100.8395        Good
   30   294308.45   147136.12      -51.48        4.01        2.75        0.68     5793.00        -nan        Good
   31        0.00        0.00        0.00        0.00        0.00        0.00        0.00      1.0000   Big_error
   32     6217.35       93.23       17.51        0.47       11.21        0.61    10125.00   1520.0573        Good
   33     6411.01       90.47       17.36        0.22        7.83        0.18    10896.00   1548.3321        Good
   34   294925.23   113049.12      -68.44        3.54        3.60        0.67     8534.00        -nan        Good
   35     7937.81      103.67       16.21        0.16        6.69        0.13    11986.00   1505.9298        Good
   36     7729.58      106.75       15.74        0.14        5.48        0.09    10422.00   1539.7441        Good
   37    13971.23      151.41       17.01        0.10        5.53        0.08    18924.00   1507.7972        Good
   38    11870.99      129.51       17.16        0.13        6.01        0.09    15877.00   1485.9090        Good
   39     9619.95      112.12       17.31        0.15        6.79        0.11    15187.00   1532.2960        Good
   40     9677.06      113.35       17.22        0.14        6.63        0.10    15049.00   1971.2030        Good
   41     8305.08      104.89       17.37        0.15        6.54        0.11    12786.00   1993.8686        Good
   42     5979.78       94.96       15.30        0.16        5.70        0.11     8274.00   2073.6506        Good
   43     6956.15      103.36       15.24        0.15        5.25        0.10     8716.00   2139.2922        Good
   44     8294.09      102.56       17.82        0.16        6.76        0.11    13004.00   1494.3395        Good
   45     9311.43      117.45       15.68        0.14        5.84        0.10    12443.00   1512.0894        Good
   46     9337.63      117.66       15.92        0.14        5.63        0.09    12176.00   1525.9558        Good
   47     5855.73       87.37       17.95        0.28        8.72        0.25    10013.00   1518.9464        Good
   48     8524.32      110.99       15.83        0.14        5.93        0.10    11632.00   1535.3414        Good
   49    12032.94      127.12       17.05        0.13        6.26        0.09    17354.00   1538.3597        Good
   50    10935.67      119.14       17.44        0.15        6.63        0.10    16321.00   1603.9507        Good
   51    12548.23      134.07       16.52        0.11        5.74        0.08    16575.00   1538.5644        Good
   52    11386.46      125.30       17.30        0.14        6.03        0.09    15194.00   1883.3612        Good
   53     8185.12      101.87       17.75        0.17        7.03        0.12    13138.00   1968.0967        Good
   54     5493.24       84.76       17.02        0.18        6.36        0.12     8397.00   2209.1442        Good
   55     6782.80       94.89       17.49        0.18        6.75        0.13    10232.00   2197.9935        Good
   56     9531.64      112.62       17.68        0.14        6.26        0.10    13171.00   1521.5168        Good
   57     9514.42      115.23       16.87        0.14        6.11        0.10    12988.00   1527.5431        Good
   58     9627.24      116.47       16.67        0.15        5.96        0.10    12883.00   1515.6058        Good
   59     7215.31       96.94       17.37        0.17        6.91        0.13    11091.00   1593.3116        Good
   60    10393.64      133.69       14.07        0.11        5.04        0.08    12832.00   1535.7217        Good
   61    13144.10      140.89       16.15        0.12        5.79        0.09    17424.00   1502.9949        Good
   62    11617.05      133.90       15.47        0.13        5.59        0.09    15248.00   1541.7901        Good
   63    13460.49      139.01       16.88        0.12        5.88        0.08    17920.00   1530.2488        Good
   64    10452.73      119.71       16.77        0.14        6.39        0.10    15325.00   2300.5774        Good
   65     9863.16      118.26       16.82        0.15        6.03        0.10    13303.00   1985.2252        Good
   66     6556.43       99.78       15.70        0.15        5.56        0.10     8651.00   1998.0169        Good
   67     9153.62      114.50       16.63        0.13        5.88        0.10    12296.00   2291.9016        Good
   68     8951.72      108.92       17.54        0.14        6.49        0.10    13712.00   1510.5323        Good
   69     7820.75      105.54       17.06        0.20        7.55        0.17    13210.00   1522.9704        Good
   70     8183.70      103.29       17.54        0.17        7.34        0.13    13960.00   1563.7662        Good
   71     7818.50      105.40       16.43        0.15        6.33        0.11    11498.00   1514.8198        Good
   72    33815.19    38047.47      -17.83        7.81        4.68        2.00     8922.00        -nan        Good
   73     7290.75      207.83        5.49        1.50       10.01        0.36    13003.00   1677.8774        Good
   74     5467.13      679.41       -2.16        5.45       11.61        0.51     9321.00        -nan        Good
   75     7233.73      103.38       13.80        0.23        8.30        0.20    14110.00   1622.2934        Good
   76     7249.17      105.91       15.01        0.21        7.97        0.22    11997.00   2454.2677        Good
   77     3166.32       51.69       21.62        0.39       13.16        0.34     9706.00   2849.8439        Good
   78     7484.58      105.39       16.20        0.15        5.65        0.10     9783.00   2092.7879        Good
   79     8772.07      110.15       17.19        0.15        6.32        0.11    12758.00   2443.9208        Good
   80    10434.75      123.00       17.09        0.13        5.87        0.09    13839.00   1480.0845        Good
   81    10865.44      122.28       16.86        0.13        5.69        0.08    14205.00   1498.0105        Good
   82    11532.91      130.81       16.53        0.12        5.75        0.09    15136.00   1507.7310        Good
   83    13106.56      219.77        8.94        0.09        3.44        0.10    10169.00   1722.0009        Good
   84    11961.62      156.46       12.94        0.10        4.79        0.08    13295.00   1502.8075        Good
   85    13598.05      144.94       15.32        0.11        5.72        0.08    17992.00   1514.5115        Good
   86    24140.96     8392.33        5.19        8.29        1.96        8.25     7668.00   1511.3726        Good
   87    13528.55      141.40       15.84        0.12        6.13        0.09    18708.00   1500.3507        Good
   88    10291.35      120.69       16.92        0.13        5.97        0.09    13866.00   2029.0194        Good
   89     6024.50       93.80       16.59        0.17        5.99        0.12     8828.00   1926.1954        Good
   90     9616.33      126.34       14.98        0.12        4.94        0.08    11184.00   2074.6339        Good
   91    10129.87      123.78       16.25        0.13        5.72        0.09    13359.00   2222.7941        Good
   92     9322.85      113.88       17.18        0.14        6.15        0.10    13395.00   1503.8699        Good
   93     9323.00      114.57       16.78        0.13        6.35        0.10    14663.00   1523.7077        Good
   94    10525.64      118.49       17.62        0.13        6.16        0.09    14994.00   1530.2644        Good
   95    10069.13      123.84       15.14        0.12        5.77        0.09    13573.00   1671.6891        Good
   96    10874.31      128.26       15.29        0.12        5.94        0.09    14866.00   1554.9891        Good
   97    13157.26      140.84       16.21        0.11        5.55        0.08    16407.00   1494.1462        Good
   98     8218.13      109.55       15.97        0.15        6.06        0.11    12246.00   1558.0736        Good
   99    12734.63      133.37       16.95        0.14        6.25        0.10    17488.00   1489.9883        Good
  100    21549.38      252.08        9.91        0.07        2.97        0.05    14974.00   2507.6331        Good
  101        0.00        0.00        0.00        0.00        0.00        0.00        0.00      1.0000      Narrow
  102     7278.07      108.78       14.71        0.17        6.64        0.15    11044.00   2366.0155        Good
  103     8567.54      109.85       16.65        0.14        6.20        0.10    12392.00   2462.4023        Good
  104    10831.61      128.94       16.47        0.12        5.44        0.08    13291.00   1485.2625        Good
  105    11870.33      137.03       16.21        0.11        5.25        0.07    14320.00   1491.4227        Good
  106    13899.23      157.51       16.43        0.10        4.74        0.07    15668.00   1535.1370        Good
  107     9573.56      114.01       16.98        0.14        6.80        0.11    14593.00   1520.6845        Good
  108     5840.31       90.65       14.79        0.26        8.69        0.27    10774.00   1622.1552        Good
  109    11720.42      128.02       16.78        0.14        6.18        0.10    16036.00   1549.9168        Good
  110    12130.64      133.06       17.46        0.14        5.81        0.09    14905.00   1501.1640        Good
  111    16102.60      179.26       15.60        0.09        4.45        0.07    17726.00   1505.3651        Good
  112    10838.96      123.54       17.50        0.14        6.18        0.10    14722.00   1912.1586        Good
  113     8823.53      139.07       12.09        0.14        4.03        0.10     7739.00   1985.0442        Good
  114    10174.61      125.02       16.04        0.12        5.44        0.08    13035.00   2128.7424        Good
  115    10075.11      123.46       16.07        0.13        5.76        0.09    13376.00   2172.3698        Good
  116    10408.19      124.14       16.44        0.13        5.63        0.09    13511.00   1454.9118        Good
  117    10336.36      120.65       17.69        0.14        5.97        0.10    13745.00   1569.3703        Good
  118    13047.10      145.46       16.28        0.12        5.48        0.09    15944.00   1504.0120        Good
  119    14114.71      144.71       16.54        0.13        6.23        0.10    18466.00   1538.0886        Good
  120     8819.99      127.84       16.32        0.12        4.57        0.09     9805.00   1515.5314        Good
  121    14665.30      148.85       16.78        0.12        5.67        0.08    18024.00   1531.7118        Good
  122    10782.11      118.16       17.54        0.13        6.43        0.09    16397.00   1528.3252        Good
  123    13818.98      141.29       17.30        0.12        5.95        0.08    18426.00   1539.0136        Good
  124    11898.62      132.35       16.90        0.14        5.77        0.09    14724.00   1798.2354        Good
  125     8537.34      116.35       15.74        0.12        5.16        0.08    10591.00   2021.5397        Good
  126     9765.47      119.86       16.26        0.13        5.68        0.09    12779.00   2122.0928        Good
  127    10843.37      130.42       15.83        0.11        5.27        0.08    13090.00   2126.0097        Good
  128    10513.66      124.15       16.63        0.13        5.69        0.09    13723.00   1473.2801        Good
  129    10636.42      126.59       16.78        0.12        5.51        0.08    13074.00   1449.5863        Good
  130     6223.84       88.52       17.06        0.24        9.57        0.25    12556.00   1569.8903        Good
  131    10369.74      148.87       14.38        0.89        9.91        0.43    16601.00   1598.7717        Good
  132        0.00        0.00        0.00        0.00        0.00        0.00        0.00      1.0000        Wide
  133    15647.75      150.96       16.07        0.12        6.55        0.10    22152.00   1481.6897        Good
  134    10698.92      120.80       17.04        0.13        6.03        0.09    14563.00   1533.4976        Good
  135    13617.58      132.13       17.74        0.13        6.54        0.09    20060.00   1580.2302        Good
  136    10198.17      118.55       16.89        0.15        6.37        0.10    14251.00   2064.5419        Good
  137     6760.95       93.75       18.05        0.18        6.38        0.12     9755.00   2082.2169        Good
  138     8786.66      111.75       16.46        0.14        5.97        0.10    12390.00   2208.3265        Good
  139     9897.00      120.66       16.26        0.13        5.79        0.09    13207.00   2490.8925        Good
  140     9019.89      112.31       16.45        0.14        6.12        0.10    12954.00   1514.8414        Good
  141     9561.61      114.76       17.24        0.13        5.95        0.09    13395.00   1515.4729        Good
  142    10658.52      128.31       18.01        0.12        5.77        0.10    14763.00   1511.3164        Good
  143     4638.34       40.97       70.35        0.62       27.71        0.47    23159.00   1507.6919        Good
  144     1221.67       18.81       51.17        1.70       43.72        1.68     9978.00   1578.9506        Good
  145     3077.31       36.22       28.39        2.06       35.15        1.70    15870.00   1589.3586        Good
  146     8424.67      138.22       12.00        0.15        5.54        0.16    10849.00   1579.7117        Good
  147   204101.53    56592.69     -144.01        5.37        8.26        1.13    15645.00        -nan        Good
  148     5476.58       89.46       14.76        0.24        8.46        0.22    11489.00   2877.1766        Good
  149     3053.35       68.87       15.17        0.30        7.80        0.30     5453.00   2334.0270        Good
  150     9323.60      112.34       16.67        0.13        5.93        0.09    13102.00   2380.3996        Good
  151     9414.46      114.38       16.87        0.15        6.33        0.11    13717.00   2209.5884        Good
  152     9513.24      116.29       16.75        0.14        6.06        0.09    13473.00   1490.6793        Good
  153     6071.03       80.25       20.62        0.27        9.61        0.22    12309.00   1503.2355        Good
  154     8303.80      105.43       17.50        0.16        6.83        0.12    13683.00   1545.3874        Good
  155    12867.44      123.35       18.28        0.14        7.61        0.10    22349.00   1527.2074        Good
  156    13203.30      135.65       16.36        0.11        5.36        0.07    15928.00   1527.3209        Good
  157    11191.67      111.92       19.65        0.18        8.73        0.14    20700.00   1480.2647        Good
  158     8529.47      103.79       18.35        0.19        7.49        0.14    14156.00   1550.2308        Good
  159    11738.83      113.59       20.22        0.24        7.84        0.15    17626.00   1485.5570        Good
  160     6225.49       86.51       21.06        0.41       12.24        0.55    12389.00   1800.8562        Good
  161        0.00        0.00        0.00        0.00        0.00        0.00        0.00      1.0000      Narrow
  162     8642.11      113.72       16.04        0.17        6.98        0.15    13427.00   1877.8745        Good
  163     9267.18      109.83       17.55        0.15        6.44        0.10    13558.00   2160.8106        Good
  164     6990.53       95.35       18.14        0.21        8.11        0.18    12645.00   1498.1809        Good
  165     7312.76       94.26       18.09        0.17        6.99        0.12    11737.00   1504.3538        Good
  166     9148.52      103.76       19.35        0.19        7.68        0.13    15202.00   1519.2828        Good
  167    11225.81      127.18       16.38        0.16        7.16        0.14    17697.00   1557.9850        Good
  168     9479.43      122.64       15.23        0.17        7.31        0.16    15079.00   1583.5327        Good
  169    13652.34      135.36       17.45        0.13        6.29        0.09    18659.00   1503.7204        Good
  170     8973.36      102.64       18.96        0.18        7.52        0.13    14881.00   1502.1914        Good
  171    10969.83      115.81       18.67        0.16        6.98        0.11    16605.00   1544.4064        Good
  172     6164.24       87.34       18.02        0.17        6.23        0.11     9136.00   2098.4790        Good
  173     3964.00       69.54       18.79        0.23        6.61        0.15     6009.00   1839.7090        Good
  174     8806.57      106.81       17.92        0.17        6.76        0.12    13184.00   2286.2097        Good
  175     9216.65      114.37       17.09        0.15        6.30        0.11    13408.00   2171.2458        Good
  176     8671.43      109.21       16.81        0.16        6.55        0.11    13452.00   1512.6175        Good
  177   293932.23   221132.27      -63.62        3.37        3.70        1.39     8518.00        -nan        Good
  178     8379.32      102.47       18.44        0.20        7.70        0.15    14188.00   1485.6258        Good
  179     7003.15       76.15       25.52        0.22       10.79        0.17    16445.00   1493.8313        Good
  180     9651.34      114.60       16.84        0.14        6.80        0.11    14722.00   1500.1378        Good
  181    10579.12      115.48       18.39        0.17        7.21        0.12    17141.00   1549.8623        Good
  182    12011.74      130.94       17.52        0.13        6.13        0.09    15519.00   1481.0431        Good
  183    10917.66      136.11       16.89        0.14        6.16        0.12    15172.00   1522.0390        Good
  184        0.00        0.00        0.00        0.00        0.00        0.00        0.00      1.0000      Narrow
  185     5349.61       87.25       16.22        0.24        7.45        0.21     8576.00   2111.9250        Good
  186     9245.95      109.38       17.48        0.14        6.44        0.10    14071.00   1887.7359        Good
  187    10070.91      118.66       17.03        0.15        6.17        0.10    13746.00   2097.6538        Good
  188     8183.22      105.82       17.03        0.15        6.54        0.11    12188.00   1560.5171        Good
  189     7067.91       99.21       16.84        0.17        6.47        0.12    10471.00   1547.4557        Good
  190     9859.37      116.18       16.92        0.12        6.07        0.09    14182.00   1529.0522        Good
  191    11298.22      132.94       15.18        0.12        5.75        0.09    15094.00   1499.3366        Good
  192     8014.33      104.95       17.38        0.17        6.96        0.13    12862.00   1569.5523        Good
  193     9550.01      115.27       17.15        0.19        7.48        0.16    14506.00   1512.5524        Good
  194    10945.88      124.06       17.26        0.14        5.97        0.09    14530.00   1539.6134        Good
  195     9807.79      115.33       17.31        0.14        6.04        0.09    13878.00   1525.1046        Good
  196     4384.25       74.22       17.57        0.22        7.15        0.17     7446.00   2296.4967        Good
  197    14957.45      223.31        9.45        0.09        3.03        0.07    10670.00   5076.5152        Good
  198     7720.24       99.65       18.04        0.18        7.45        0.14    12810.00   2441.0955        Good
  199     6529.80      102.05       15.53        0.20        7.67        0.20    11572.00   2442.3614        Good
  200     7956.98      103.87       17.22        0.15        6.34        0.11    11588.00   1471.7710        Good
  201     7426.16      101.45       17.05        0.17        6.23        0.12    10736.00   1554.4336        Good
  202     7866.38      105.62       16.69        0.14        5.76        0.10    10826.00   1495.2610        Good
  203     6318.95       95.88       11.39        0.40        8.29        0.31    10586.00   1677.3846        Good
  204     7195.85      106.02       15.65        0.16        6.23        0.12    10908.00   1550.2176        Good
  205     8424.11       93.78       21.61        0.19        8.42        0.14    15732.00   1626.3667        Good
  206     8004.17      105.70       16.88        0.14        5.78        0.09    11068.00   1490.6211        Good
  207     8009.76      110.28       15.99        0.15        6.14        0.11    12107.00   1576.9762        Good
  208     6947.45       96.11       18.63        0.16        6.19        0.11     9822.00   2070.2943        Good
  209     7455.00      105.23       15.75        0.14        5.81        0.10    10421.00   1859.4613        Good
  210    10439.93      132.41       17.26        0.11        5.25        0.08    13637.00   1867.0803        Good
  211    10526.27      122.66       17.03        0.14        6.04        0.10    14085.00   2336.4220        Good
  212     9154.17      116.68       16.20        0.13        5.57        0.09    11983.00   1470.9381        Good
  213     8543.08      111.65       16.36        0.14        5.58        0.09    11031.00   1514.5573        Good
  214     6827.29      111.40       14.42        0.15        4.67        0.10     7263.00   1483.5044        Good
  215     8142.63      110.04       15.63        0.14        5.92        0.10    11494.00   1580.5753        Good
  216     7990.42      111.86       15.27        0.12        5.31        0.09    10253.00   1503.0360        Good
  217     8173.51       93.12       21.32        0.17        7.85        0.12    14247.00   1632.3590        Good
  218     6683.95      103.49       15.51        0.13        4.72        0.08     7541.00   1479.9283        Good
  219     9367.96      117.30       16.37        0.13        5.69        0.09    12319.00   1523.2311        Good
  220     8309.42      107.73       16.72        0.14        5.87        0.09    11131.00   1901.9724        Good
  221     7482.87      106.15       16.00        0.17        6.02        0.12    10235.00   2236.0867        Good
  222     9551.31      116.87       16.54        0.13        5.64        0.08    12503.00   2054.8119        Good
  223     9818.20      115.81       17.35        0.14        6.14        0.09    13397.00   1938.2140        Good
  224     8881.06      111.82       16.51        0.13        5.61        0.09    11575.00   1442.3622        Good
  225    11824.76      164.98       11.77        0.11        4.02        0.08    11203.00   1523.9603        Good
  226      353.33       31.60       10.41        0.55        3.52        0.42      321.00   1510.6856        Good
  227     6694.90      106.50       14.49        0.19        6.29        0.17     9492.00   1544.8370        Good
  228     6296.93       98.73       15.16        0.15        5.62        0.11     8633.00   1525.7871        Good
  229     9296.22      105.34       15.35        0.16        6.78        0.11    14033.00   1467.8235        Good
  230        0.00        0.00        0.00        0.00        0.00        0.00        0.00      1.0000     No_Data
  231     9223.16      121.58       14.43        0.13        5.69        0.10    12777.00   1548.5953        Good
  232     6490.80       97.11       16.56        0.17        6.14        0.12     9713.00   2288.2172        Good
  233     6472.25      100.53       15.96        0.21        6.55        0.17     9311.00   2023.1967        Good
  234     7533.14      101.60       16.95        0.17        6.64        0.12    11773.00   2078.5901        Good
  235     7628.94      104.46       16.26        0.16        6.66        0.12    12432.00   2608.2941        Good
  236     8050.09      112.01       15.36        0.14        5.60        0.10    11059.00   1521.7691        Good
  237     6349.98       95.97       16.51        0.18        6.35        0.13     9675.00   1493.9623        Good
  238     3455.38       72.45       15.54        0.22        5.47        0.15     4454.00   1522.0202        Good
  239     5615.73       95.57       14.66        0.18        6.02        0.15     7750.00   1545.5465        Good
  240     5412.56      109.73       11.73        0.16        4.87        0.14     6655.00   1615.2194        Good
  241     8310.29      131.29       12.52        0.13        4.76        0.10     9762.00   1538.0566        Good
  242     7131.33      163.19        8.85        0.10        2.42        0.07     4125.00   2043.3446        Good
  243     6555.63      104.37       14.96        0.19        6.05        0.15     9082.00   1543.9935        Good
  244     5730.23       93.38       15.75        0.18        5.67        0.12     7933.00   2417.0669        Good
  245     7229.45      103.92       15.74        0.14        5.41        0.09     9638.00   1853.4549        Good
  246     7393.36      106.58       15.55        0.16        5.79        0.11    10363.00   2398.3373        Good
  247     8946.23      114.92       16.22        0.13        5.70        0.09    12330.00   2430.3626        Good
  248     8704.94      118.45       15.33        0.12        5.09        0.08    10750.00   1497.1047        Good
  249     7167.26      106.77       14.78        0.13        5.07        0.09     8500.00   1551.1700        Good
  250     4467.08       80.95       17.12        0.18        5.57        0.12     5994.00   1513.3708        Good
  251     4728.43       84.20       14.96        0.17        5.80        0.13     6656.00   1548.1855        Good
  252     4126.53      113.11       13.27        0.16        4.33        0.16     4750.00   1598.6105        Good
  253     5976.89      110.48       12.71        0.14        4.71        0.10     7177.00   1514.5760        Good
  254     4989.51       91.93       15.78        0.16        4.90        0.11     5971.00   1455.2491        Good
  255     7002.59      105.72       15.36        0.14        5.14        0.09     8684.00   1482.5051        Good
  256     6454.62      100.76       15.19        0.13        5.04        0.09     8031.00   2135.4661        Good
  257     7311.84      108.89       15.24        0.13        5.06        0.09     9057.00   1728.6143        Good
  258     8705.52      117.38       15.28        0.12        5.05        0.08    10339.00   1883.0360        Good
  259     9205.40      114.73       16.13        0.14        5.62        0.09    11928.00   2041.8343        Good
  260     6844.98      105.93       15.92        0.13        5.15        0.10     8555.00   1495.7590        Good
  261     7285.47      106.91       15.22        0.12        4.60        0.07     8089.00   1483.7103        Good
  262     5407.08       93.34       15.21        0.14        5.10        0.10     6746.00   1497.1223        Good
  263     4331.08       86.07       14.61        0.16        5.02        0.12     5379.00   1465.6793        Good
  264     3156.57       74.12       14.05        0.22        5.61        0.18     4376.00   1667.6298        Good
  265     5209.99       92.31       15.37        0.17        5.14        0.12     6183.00   1487.8754        Good
  266     4896.32       87.51       15.91        0.16        4.99        0.10     5919.00   1480.0671        Good
  267     5279.57       90.79       15.38        0.14        4.90        0.09     6417.00   1491.1268        Good
  268     4929.95       86.51       16.10        0.16        5.32        0.11     6285.00   2169.7430        Good
  269     5300.58       88.95       16.45        0.17        5.47        0.12     6753.00   1734.2080        Good
  270     4833.09       88.16       15.51        0.18        5.90        0.13     7106.00   2299.6493        Good
  271     5266.88       86.00       17.48        0.27        7.34        0.21     7945.00   2140.5070        Good
  272     4625.10       87.72       14.83        0.15        4.65        0.10     5237.00   1469.6090        Good
  273     4882.16       86.62       16.59        0.17        5.40        0.12     6194.00   1478.1172        Good
  274     4153.90       80.88       15.55        0.16        4.88        0.10     5052.00   1517.5140        Good
  275     3128.49       71.08       15.31        0.19        5.17        0.13     3996.00   1478.1876        Good
  276     1876.39       50.01       16.82        0.31        6.97        0.25     3029.00   1553.3842        Good
  277     2335.01       55.28       17.42        0.27        6.68        0.20     3793.00   1613.6465        Good
  278     2595.88       60.14       17.03        0.23        5.86        0.16     3666.00   1555.9511        Good
  279     2384.97       56.89       18.36        0.28        6.54        0.20     3663.00   1544.9201        Good
  280     2845.21       59.88       17.84        0.21        6.21        0.14     4488.00   2082.3958        Good
  281     2919.08       64.34       17.54        0.21        5.86        0.15     4285.00   1914.6179        Good
  282     3307.92       66.59       16.84        0.22        6.20        0.15     4823.00   2481.0571        Good
  283   171552.10    99843.78      -89.64        5.69        4.40        1.30     5356.00        -nan        Good
  284        0.00        0.00        0.00        0.00        0.00        0.00        0.00      1.0000        Wide
  285     2320.71       56.27       17.42        0.29        6.99        0.23     3864.00   1510.3887        Good
  286     1948.50       50.83       17.97        0.29        6.48        0.21     3117.00   1507.8097        Good
  287     1494.48       39.49       20.09        0.36        8.02        0.26     2945.00   1560.9716        Good
