HCal_prot_cfac = 
       0.005713,       0.005713,       0.005713,       0.005713,       0.005713,       0.005713,       0.005713,       0.005713,
       0.005713,       0.005713,       0.005713,       0.005713,       0.005713,       0.005713,       0.005713,       0.005713,
       0.005713,       0.005713,       0.005713,       0.005713,       0.005713,       0.005713,       0.005713,       0.005713,
       0.005713,       0.005713,       0.005713,       0.005713,       0.005713,       0.005713,      0.0001931,       0.005713,
       0.005713,       0.005713,       0.005713,       0.005713,       0.005713,       0.005713,       0.005713,       0.005713,
       0.005713,       0.005713,       0.005713,       0.005713,       0.005713,       0.005713,       0.005713,       0.005713,
       0.005713,       0.005713,       0.005713,       0.005713,       0.005713,       0.005713,       0.005713,       0.005713,
       0.005713,       0.005713,       0.005713,       0.005713,       0.005713,       0.005713,       0.005713,       0.005713,
       0.005713,       0.005713,       0.005713,       0.005713,       0.005713,       0.005713,       0.005713,       0.005713,
       0.005713,       0.005713,       0.005713,       0.005713,       0.005713,       0.005713,       0.005713,       0.005713,
       0.005713,       0.005713,       0.005713,       0.005713,       0.005713,       0.005713,       0.005713,       0.005713,
       0.005713,       0.005713,       0.005713,       0.005713,       0.005713,       0.005713,       0.005713,       0.005713,
       0.005713,       0.005713,       0.005713,       0.005713,       0.005713,       0.005713,       0.005713,       0.005713,
       0.005713,       0.005713,       0.005713,       0.005713,       0.005713,       0.005713,       0.005713,       0.005713,
       0.005713,       0.005713,       0.005713,       0.005713,       0.005713,       0.005713,       0.005713,       0.005713,
       0.005713,       0.005713,       0.005713,       0.005713,       0.005713,       0.005713,       0.005713,       0.005713,
       0.005713,       0.005713,       0.005713,       0.005713,       0.005713,       0.005713,       0.005713,       0.005713,
       0.005713,       0.005713,       0.005713,       0.005713,       0.005713,       0.005713,       0.005713,       0.005713,
       0.005713,       0.005713,       0.005713,       0.005947,       0.007787,       0.005713,       0.005713,       0.005713,
       0.005713,       0.005713,       0.005713,       0.005713,       0.005713,       0.005713,       0.005713,       0.005713,
       0.005713,       0.005713,       0.005713,       0.005713,       0.005713,       0.005713,       0.005713,       0.005713,
       0.005713,       0.005713,       0.005713,       0.005713,       0.005713,       0.005713,       0.005713,       0.005713,
       0.005713,       0.005713,       0.005713,       0.005713,       0.005713,       0.005713,       0.005713,       0.005713,
       0.005713,       0.005713,       0.005713,       0.005713,       0.005713,       0.005713,       0.005713,       0.005713,
       0.005713,       0.005713,       0.005713,       0.005713,       0.005713,       0.005713,       0.005713,       0.005713,
       0.005713,       0.005713,       0.005713,       0.005713,       0.005713,       0.005713,       0.005713,       0.005713,
       0.005713,       0.005713,       0.005713,       0.005713,       0.005713,       0.005713,       0.005713,       0.005713,
       0.005713,       0.005713,       0.005713,       0.005713,       0.005713,       0.005713,       0.005713,       0.005713,
       0.005713,       0.005713,       0.005713,       0.005713,       0.005713,       0.005713,       0.005713,       0.005713,
       0.005713,       0.005713,       0.005713,       0.005713,       0.005713,       0.005713,       0.005713,       0.005713,
       0.005713,       0.005713,       0.005713,       0.005713,       0.005713,       0.005713,       0.005713,       0.005713,
       0.005713,       0.005713,       0.005713,       0.005713,       0.005713,       0.005713,       0.005713,       0.005713,
       0.005713,       0.005713,       0.005713,       0.005713,       0.005713,       0.005713,       0.005713,       0.005713,
       0.005713,       0.005713,       0.005713,       0.005713,       0.005713,       0.005713,       0.005713,       0.005713,
       0.005713,       0.005713,       0.005713,       0.008927,       0.005713,       0.005713,       0.005713,       0.005713,
       0.005713,       0.005713,       0.005713,       0.005713,       0.005713,       0.005713,       0.005713,       0.005713
Error: ncell > nrows * ncols

HCal_prot_gain_cor = 
         1.0000,         1.0000,         1.0000,         1.0000,         1.0000,         1.0000,         1.0000,         1.0000,
         1.0000,         1.0000,         1.0000,         1.0000,         1.0000,         1.0000,         1.0000,         1.0000,
         1.0000,         1.0000,         1.0000,         1.0000,         1.0000,         1.0000,         1.0000,         1.0000,
         1.0000,         1.0000,         1.0000,         1.0000,         1.0000,         1.0000,         1.0000,         1.0000,
         1.0000,         1.0000,         1.0000,         1.0000,         1.0000,         1.0000,         1.0000,         1.0000,
         1.0000,         1.0000,         1.0000,         1.0000,         1.0000,         1.0000,         1.0000,         1.0000,
         1.0000,         1.0000,         1.0000,         1.0000,         1.0000,         1.0000,         1.0000,         1.0000,
         1.0000,         1.0000,         1.0000,         1.0000,         1.0000,         1.0000,         1.0000,         1.0000,
         1.0000,         1.0000,         1.0000,         1.0000,         1.0000,         1.0000,         1.0000,         1.0000,
         1.0000,         1.0000,         1.0000,         1.0000,         1.0000,         1.0000,         1.0000,         1.0000,
         1.0000,         1.0000,         1.0000,         1.0000,         1.0000,         1.0000,         1.0000,         1.0000,
         1.0000,         1.0000,         1.0000,         1.0000,         1.0000,         1.0000,         1.0000,         1.0000,
         1.0000,         1.0000,         1.0000,         1.0000,         1.0000,         1.0000,         1.0000,         1.0000,
         1.0000,         1.0000,         1.0000,         1.0000,         1.0000,         1.0000,         1.0000,         1.0000,
         1.0000,         1.0000,         1.0000,         1.0000,         1.0000,         1.0000,         1.0000,         1.0000,
         1.0000,         1.0000,         1.0000,         1.0000,         1.0000,         1.0000,         1.0000,         1.0000,
         1.0000,         1.0000,         1.0000,         1.0000,         1.0000,         1.0000,         1.0000,         1.0000,
         1.0000,         1.0000,         1.0000,         1.0000,         1.0000,         1.0000,         1.0000,         1.0000,
         1.0000,         1.0000,         1.0000,         1.0000,         1.0000,         1.0000,         1.0000,         1.0000,
         1.0000,         1.0000,         1.0000,         1.0000,         1.0000,         1.0000,         1.0000,         1.0000,
         1.0000,         1.0000,         1.0000,         1.0000,         1.0000,         1.0000,         1.0000,         1.0000,
         1.0000,         1.0000,         1.0000,         1.0000,         1.0000,         1.0000,         1.0000,         1.0000,
         1.0000,         1.0000,         1.0000,         1.0000,         1.0000,         1.0000,         1.0000,         1.0000,
         1.0000,         1.0000,         1.0000,         1.0000,         1.0000,         1.0000,         1.0000,         1.0000,
         1.0000,         1.0000,         1.0000,         1.0000,         1.0000,         1.0000,         1.0000,         1.0000,
         1.0000,         1.0000,         1.0000,         1.0000,         1.0000,         1.0000,         1.0000,         1.0000,
         1.0000,         1.0000,         1.0000,         1.0000,         1.0000,         1.0000,         1.0000,         1.0000,
         1.0000,         1.0000,         1.0000,         1.0000,         1.0000,         1.0000,         1.0000,         1.0000,
         1.0000,         1.0000,         1.0000,         1.0000,         1.0000,         1.0000,         1.0000,         1.0000,
         1.0000,         1.0000,         1.0000,         1.0000,         1.0000,         1.0000,         1.0000,         1.0000,
         1.0000,         1.0000,         1.0000,         1.0000,         1.0000,         1.0000,         1.0000,         1.0000,
         1.0000,         1.0000,         1.0000,         1.0000,         1.0000,         1.0000,         1.0000,         1.0000,
         1.0000,         1.0000,         1.0000,         1.0000,         1.0000,         1.0000,         1.0000,         1.0000,
         1.0000,         1.0000,         1.0000,         1.0000,         1.0000,         1.0000,         1.0000,         1.0000,
         1.0000,         1.0000,         1.0000,         1.0000,         1.0000,         1.0000,         1.0000,         1.0000,
         1.0000,         1.0000,         1.0000,         1.0000,         1.0000,         1.0000,         1.0000,         1.0000
Error: ncell > nrows * ncols
