#Target HV settings for run 371 from hcal_gain_match.C on Fri Sep 24 11:15:16 2021
#
#Row Col targetHVUnlimited targetHV setHV Error
0 0 -1466.49 -1466.49 -1469.98 Good
0 1 -1448.28 -1448.28 -1450.89 Good
0 2 -1452.67 -1452.67 -1459.12 Good
0 3 -1424.6 -1424.6 -1423.99 Good
0 4 -1986.76 -1986.76 -2027.37 Good
0 5 -1661.72 -1661.72 -1654.48 Good
0 6 -1592.66 -1592.66 -1606.96 Good
0 7 -1640.43 -1640.43 -1647.19 Good
0 8 -1427.93 -1427.93 -1429.34 Good
0 9 -1406.19 -1406.19 -1406.17 Good
0 10 -1383.41 -1383.41 -1381.74 Good
0 11 -1445.82 -1445.82 -1442.56 Good
1 0 -1407.88 -1407.88 -1419.36 Good
1 1 -1413.82 -1413.82 -1415.8 Good
1 2 -1409.26 -1409.26 -1415.32 Good
1 3 -1392.93 -1392.93 -1394.41 Good
1 4 -1776.5 -1776.5 -1778.89 Good
1 5 -1579.53 -1579.53 -1571.5 Good
1 6 -1613.27 -1613.27 -1640.44 Big_error
1 7 -1725.64 -1725.64 -1900.5 Good
1 8 -1379.42 -1379.42 -1362 Good
1 9 -1440.12 -1440.12 -1433.34 Good
1 10 -1498.87 -1498.87 -1493.56 Good
1 11 -1529.23 -1529.23 -1527.29 Big_error
2 0 -1412.09 -1412.09 -1417.57 Good
2 1 -1532.25 -1532.25 -1544.55 Good
2 2 -1434.64 -1434.64 -1441.01 Good
2 3 -1396.12 -1396.12 -1395.66 Good
2 4 -1826.1 -1826.1 -1826.46 Good
2 5 -1652.31 -1652.31 -1643.65 Good
2 6 -1707.09 -1707.09 -1681 Good
2 7 -1744.94 -1744.94 -1683 Good
2 8 -1434.39 -1434.39 -1411.23 Good
2 9 -1424.61 -1424.61 -1417.25 Good
2 10 -1468.39 -1468.39 -1455.16 Good
2 11 -1408.28 -1408.28 -1404.03 Good
3 0 -1432.06 -1432.06 -1435.18 Good
3 1 -1410.06 -1410.06 -1413.79 Good
3 2 -1382.46 -1382.46 -1383.54 Good
3 3 -1438.91 -1438.91 -1441.62 Good
3 4 -1512.78 -1512.78 -1520.76 Good
3 5 -1540.5 -1540.5 -1530.66 Good
3 6 -1577.8 -1577.8 -1546.67 Good
3 7 -1656.09 -1656.09 -1644.55 Good
3 8 -1396.45 -1396.45 -1394.48 Good
3 9 -1411.06 -1411.06 -1407.92 Good
3 10 -1425.14 -1425.14 -1420.65 Good
3 11 -1417.87 -1417.87 -1415.55 Good
4 0 -1430.36 -1430.36 -1433.07 Good
4 1 -1435.46 -1435.46 -1435.4 Good
4 2 -1498.66 -1498.66 -1499.94 Good
4 3 -1435.57 -1435.57 -1433.89 Good
4 4 -1468.96 -1468.96 -1460.54 Good
4 5 -1565.36 -1565.36 -1560.55 Good
4 6 -1664.11 -1664.11 -1654.01 Good
4 7 -1681.9 -1681.9 -1680.15 Good
4 8 -1421.92 -1421.92 -1423.43 Good
4 9 -1424.59 -1424.59 -1422.35 Good
4 10 -1414.65 -1414.65 -1414.33 Good
4 11 -1480.32 -1480.32 -1483.03 Good
5 0 -1432.52 -1432.52 -1431.49 Good
5 1 -1401.59 -1401.59 -1401.5 Good
5 2 -1437.21 -1437.21 -1439.17 Good
5 3 -1422.17 -1422.17 -1421.92 Good
5 4 -1762.97 -1762.97 -1759.1 Good
5 5 -1547.04 -1547.04 -1540.77 Good
5 6 -1539.46 -1539.46 -1525.31 Good
5 7 -1744.11 -1744.11 -1737.25 Good
5 8 -1402.67 -1402.67 -1406.15 Good
5 9 -1419.23 -1419.23 -1421 Good
5 10 -1454.81 -1454.81 -1459.33 Good
5 11 -1407.1 -1407.1 -1412.03 Good
6 0 -1575.84 -1575.84 -1599.19 Good
6 1 -1498.4 -1498.4 -1507 Big_error
6 2 -1468.87 -1468.87 -1496.15 Good
6 3 -1498.05 -1498.05 -1506.71 Good
6 4 -1889.66 -1889.66 -1876.67 Good
6 5 -2272.19 -2272.19 -2287.35 Good
6 6 -1614.49 -1614.49 -1609.13 Good
6 7 -1798.85 -1798.85 -1814.72 Good
6 8 -1387.17 -1387.17 -1387.85 Good
6 9 -1397.1 -1397.1 -1400.12 Good
6 10 -1405.98 -1405.98 -1408.81 Good
6 11 -1547.4 -1547.4 -1575.83 Good
7 0 -1392.2 -1392.2 -1392.68 Good
7 1 -1406.07 -1406.07 -1403.9 Good
7 2 -1425.37 -1425.37 -1428.24 Good
7 3 -1389.8 -1389.8 -1389.31 Good
7 4 -1564.51 -1564.51 -1567.57 Good
7 5 -1509.14 -1509.14 -1507.57 Good
7 6 -1489.04 -1489.04 -1484.3 Good
7 7 -1630.47 -1630.47 -1630.35 Good
7 8 -1401.42 -1401.42 -1403.72 Good
7 9 -1423.51 -1423.51 -1428.79 Good
7 10 -1427.26 -1427.26 -1431.96 Good
7 11 -1550.08 -1550.08 -1560.39 Good
8 0 -1444.45 -1444.45 -1443.2 Good
8 1 -1389.45 -1389.45 -1388.73 Good
8 2 -1461.24 -1461.24 -1462.98 Good
8 3 -1397.59 -1397.59 -1398.01 Good
8 4 -1739.72 -1739.72 -1746.36 Good
8 5 -1603.97 -1603.97 -1603.13 Good
8 6 -1846.32 -1846.32 -1864.23 Good
8 7 -1790.29 -1790.29 -1817.61 Good
8 8 -1383.74 -1383.74 -1385.7 Good
8 9 -1384.44 -1384.44 -1389.51 Good
8 10 -1426.43 -1426.43 -1429.31 Good
8 11 -1415.57 -1415.57 -1421.98 Good
9 0 -1530.6 -1530.6 -1537.62 Good
9 1 -1444.3 -1444.3 -1445.46 Good
9 2 -1406.37 -1406.37 -1406.67 Good
9 3 -1397.93 -1397.93 -1396.79 Good
9 4 -1470.53 -1470.53 -1473.38 Good
9 5 -1491.96 -1491.96 -1490.12 Good
9 6 -1564.3 -1564.3 -1557.6 Good
9 7 -1615.64 -1615.64 -1623.91 Good
9 8 -1358.16 -1358.16 -1361.8 Good
9 9 -1455.47 -1455.47 -1465.04 Good
9 10 -1405.22 -1405.22 -1408.13 Good
9 11 -1422.31 -1422.31 -1425.2 Good
10 0 -1405.26 -1405.26 -1410.14 Good
10 1 -1432.21 -1432.21 -1430.96 Good
10 2 -1428.18 -1428.18 -1430.94 Good
10 3 -1439.88 -1439.88 -1440.39 Good
10 4 -1383.77 -1383.77 -1388.11 Good
10 5 -1544.57 -1544.57 -1544.48 Good
10 6 -1553.84 -1553.84 -1551.74 Good
10 7 -1473.37 -1473.37 -1490.65 Good
10 8 -1379.09 -1379.09 -1381 Good
10 9 -1354.2 -1354.2 -1356.8 Good
10 10 -1458.04 -1458.04 -1467.78 Good
10 11 -1486.94 -1486.94 -1494.3 Good
11 0 -1452.27 -1452.27 -1452.44 Good
11 1 -1381.16 -1381.16 -1380.98 Good
11 2 -1432.14 -1432.14 -1430.71 Good
11 3 -1480.09 -1480.09 -1480.89 Good
11 4 -1621.39 -1621.39 -1623.56 Good
11 5 -1649.38 -1649.38 -1650.7 Good
11 6 -1633.78 -1633.78 -1632.06 Good
11 7 -1707.96 -1707.96 -1714.61 Good
11 8 -1412.82 -1412.82 -1415.98 Good
11 9 -1409.91 -1409.91 -1412.08 Good
11 10 -1411.32 -1411.32 -1410.05 Good
11 11 -1431.67 -1431.67 -1430.52 Good
12 0 -1490.37 -1490.37 -1461.15 Good
12 1 -1480.65 -1480.65 -1509.84 Good
12 2 -1485.76 -1485.76 -1487.03 Good
12 3 -1444.32 -1444.32 -1487.19 Good
12 4 -2299.16 -2299.16 -2285.82 Good
12 5 -1885.84 -1885.84 -1866.36 Good
12 6 -1878.36 -1878.36 -1874.6 Good
12 7 -1741.74 -1741.74 -1751 Good
12 8 -1393.5 -1393.5 -1394.39 Good
12 9 -1414.56 -1414.56 -1420.94 Good
12 10 -1449.22 -1449.22 -1446.64 Good
12 11 -1435.3 -1435.3 -1434.52 Good
13 0 -1415.25 -1415.25 -1412.27 Good
13 1 -1398.09 -1398.09 -1401.3 Good
13 2 -1461.94 -1461.94 -1458.79 Good
13 3 -1400.55 -1400.55 -1403.21 Good
13 4 -1492.62 -1492.62 -1501.91 Good
13 5 -1927.98 -1927.98 -1906.6 Good
13 6 -1469.39 -1469.39 -1471 Good
13 7 -1659.51 -1659.51 -1659.64 Good
13 8 -1408.31 -1408.31 -1413.11 Good
13 9 -1411.61 -1411.61 -1413.05 Good
13 10 -1431.71 -1431.71 -1428.75 Good
13 11 -1461.51 -1461.51 -1460.03 Good
14 0 -1481.2 -1481.2 -1494.69 Good
14 1 -1409.39 -1409.39 -1409.53 Good
14 2 -1414.67 -1414.67 -1412.57 Good
14 3 -1448.87 -1448.87 -1449.9 Good
14 4 -1648.82 -1648.82 -1643.06 Good
14 5 -1466.51 -1466.51 -1442.56 Good
14 6 -1679.64 -1679.64 -1677.43 Good
14 7 -1663.6 -1663.6 -1666.85 Good
14 8 -1415.91 -1415.91 -1414.12 Good
14 9 -1503.62 -1503.62 -1508.91 Good
14 10 -1395.39 -1395.39 -1389.6 Good
14 11 -1403.08 -1403.08 -1395.62 Good
15 0 -1404.38 -1404.38 -1403.91 Good
15 1 -1452.82 -1452.82 -1453.27 Good
15 2 -1387.02 -1387.02 -1384.38 Good
15 3 -1425.6 -1425.6 -1423.81 Good
15 4 -1582.87 -1582.87 -1594.26 Good
15 5 -1645.17 -1645.17 -1642.55 Good
15 6 -1492.52 -1492.52 -1487.08 Good
15 7 -1581.24 -1581.24 -1577.43 Good
15 8 -1464.25 -1464.25 -1463.56 Good
15 9 -1447.16 -1447.16 -1447.72 Good
15 10 -1434.15 -1434.15 -1431.78 Good
15 11 -1401.71 -1401.71 -1397.33 Good
16 0 -1451.42 -1451.42 -1450.51 Good
16 1 -1419.57 -1419.57 -1419.19 Good
16 2 -1438.06 -1438.06 -1438.74 Good
16 3 -1430.84 -1430.84 -1431.5 Good
16 4 -1823.88 -1823.88 -1849.54 Good
16 5 -574.134 -574.134 -2075.56 Good
16 6 -1767.44 -1767.44 -1780.56 Good
16 7 -1892.88 -1892.88 -1912.06 Good
16 8 -1386.63 -1386.63 -1387.09 Good
16 9 -1449.15 -1449.15 -1448.54 Good
16 10 -1395.7 -1395.7 -1396.37 Good
16 11 -1538.77 -1538.77 -1537.95 Good
17 0 -1450.76 -1450.76 -1451.53 Good
17 1 -1493.51 -1493.51 -1466.22 Good
17 2 -1393.58 -1393.58 -1395.41 Good
17 3 -1473.27 -1473.27 -1471.38 Good
17 4 -1582.06 -1582.06 -1579.15 Good
17 5 -1425.41 -1425.41 -1430 Good
17 6 -1429.26 -1429.26 -1420.4 Good
17 7 -1773.07 -1773.07 -1761.82 Good
17 8 -1375.62 -1375.62 -1372.92 Good
17 9 -1418.62 -1418.62 -1414.96 Good
17 10 -1383.87 -1383.87 -1384.73 Good
17 11 -1461.15 -1461.15 -1459.45 Good
18 0 -1407.75 -1407.75 -1409.48 Good
18 1 -1538.93 -1538.93 -1524.91 Good
18 2 -1378.82 -1378.82 -1381.03 Good
18 3 -1429.28 -1429.28 -1432.87 Good
18 4 -1452.59 -1452.59 -1462.48 Good
18 5 -1688.29 -1688.29 -1666.84 Good
18 6 -1528.5 -1528.5 -1525.78 Good
18 7 -1497.39 -1497.39 -1496.98 Good
18 8 -1348.14 -1348.14 -1347.89 Good
18 9 -1414.13 -1414.13 -1416.83 Good
18 10 -1396.83 -1396.83 -1400.15 Good
18 11 -1431.85 -1431.85 -1434.56 Good
19 0 -1421.58 -1421.58 -1424.73 Good
19 1 -1362.33 -1362.33 -1365.25 Good
19 2 -1425.4 -1425.4 -1427.93 Good
19 3 -1435.61 -1435.61 -1440.65 Good
19 4 -1760.22 -1760.22 -1775.61 Good
19 5 -1589.87 -1589.87 -1595.54 Good
19 6 -1620.33 -1620.33 -1612.81 Good
19 7 -1963.14 -1963.14 -1973.59 Good
19 8 -1415.47 -1415.47 -1418.44 Good
19 9 -1395.19 -1395.19 -1398.9 Good
19 10 -1417.33 -1417.33 -1426.13 Good
19 11 -1426.73 -1426.73 -1434.39 Good
20 0 -1505.31 -1505.31 -1516.35 Good
20 1 -1427.95 -1427.95 -1439.45 Good
20 2 -1825.04 -1825.04 -1750.62 Good
20 3 -1460.88 -1460.88 -1469.94 Good
20 4 -1829.26 -1829.26 -1842.7 Good
20 5 -1421.35 -1421.35 -1426.34 Good
20 6 -1770.85 -1770.85 -1783.27 Good
20 7 -1808.09 -1808.09 -1826.51 Good
20 8 -1395.67 -1395.67 -1394.71 Good
20 9 -1459.79 -1459.79 -1459.47 Good
20 10 -1422.59 -1422.59 -1424.66 Good
20 11 -1435.62 -1435.62 -1440.76 Good
21 0 -1493.21 -1493.21 -1516.51 Good
21 1 -1418.56 -1418.56 -1423.52 Good
21 2 -1360.61 -1360.61 -1361.57 Good
21 3 -1369.91 -1369.91 -1378.11 Good
21 4 -1609.71 -1609.71 -1616.71 Good
21 5 -1335.55 -1335.55 -1341.91 Good
21 6 -1421.06 -1421.06 -1420.69 Good
21 7 -1571.66 -1571.66 -1581.19 Good
21 8 -1401.12 -1401.12 -1403.14 Good
21 9 -1384.48 -1384.48 -1385.1 Good
21 10 -1392.47 -1392.47 -1397.46 Good
21 11 -1363.66 -1363.66 -1368.65 Good
22 0 -1535.72 -1535.72 -1548.67 Good
22 1 -1385.58 -1385.58 -1389.62 Good
22 2 -1380.16 -1380.16 -1377.88 Good
22 3 -1383.72 -1383.72 -1387.78 Good
22 4 -1590.31 -1590.31 -1614.13 Good
22 5 -1332.22 -1332.22 -1338.89 Good
22 6 -1724.81 -1724.81 -1748.72 Good
22 7 -1746.61 -1746.61 -1769.73 Good
22 8 -1368.68 -1368.68 -1369.75 Good
22 9 -1376.71 -1376.71 -1380.5 Good
22 10 -1416.95 -1416.95 -1417.89 Good
22 11 -1375.16 -1375.16 -1380.72 Good
23 0 -1437.92 -1437.92 -1445.04 Good
23 1 -1497.31 -1497.31 -1500.44 Good
23 2 -1442.08 -1442.08 -1443.23 Good
23 3 -1442.07 -1442.07 -1447.24 Good
23 4 -1592.39 -1592.39 -1609.27 Good
23 5 -1456.96 -1456.96 -1470.87 Good
23 6 -1726.38 -1726.38 -1748.62 Good
23 7 -1957.41 -1957.41 -2016.64 Good
23 8 -1422.16 -1422.16 -1421.89 Good
23 9 -1411.05 -1411.05 -1412.27 Good
23 10 -1414.8 -1414.8 -1418.78 Good
23 11 -1454.01 -1454.01 -1456.13 Good
