0
0
0
0
0.0009568
0.0324588
0.0053704
0.916744
0
0
0
0
0
0.97339
0.0176388
0.0075013
0.005416
0.0028006
0.0038143
0.00021145
0.00627013
0.0185573
0.0128125
0.0112108
0
0.028405
0.0143932
0.016537
0.0035304
2.84e-05
0.00075554
0.00640611
0.0036155
0.0072213
0.0328639
0
0
0
8.06e-05
0.0011635
0.0026626
0.0147229
0.0060312
0.0043575
0.0006102
0.0067387
0.008263
0
0
0.987345
0.0101778
0.0071674
0.0005983
0.004656
0.0052315
0.0033489
0.0090502
0.0137765
0.0080115
0
0
0.0809347
0.015987
0.0126045
0.006171
0.0084816
0.0072695
0.0032206
0.0064505
0.0055252
0.0106303
0
0.0300779
0.0196704
0.0020338
0.00159462
0.00293256
4.16e-05
0.002156
0.0008833
0.0007207
0.0263562
0.0151674
0
0
0.0098558
0.0056791
0.0066689
0.0035461
0.0014725
0.0019347
0.00183
0.0038678
0.030481
0.029328
0
0
0.959695
0.0483208
0.0049907
0.0015802
0.0096546
0.0132422
0.0033787
0.0020119
0.0051188
0.0017549
0
0
0.0034435
0.0103599
0.0043095
0.0007828
0.0025512
1.55e-05
0.0067418
0.0017172
0.0048179
0.012141
0
0
0.946133
0.0179282
0.0045237
0.0021846
0.0009186
0.0070688
0.0009013
0.0050498
0.011763
0.0114492
0.0225359
0
0.0027636
0.0010856
0.0064967
0.0078752
0.0003073
0.0013828
0.0010279
0.0001882
0.0019261
0.006754
0.966174
0.957512
0.0119576
0.008176
0.00119313
0.0026759
0.0054402
0.0065538
0.000435
0.0016258
0.0234419
0.0311949
0.950884
0
0.0072687
0.0928107
0.0053401
0.0066811
0.0083997
0.0026403
0.0078774
0.0052448
0.001532
0.0100755
0.0130936
0
0.0103424
0.0097672
0.0168691
0.005231
0.0013498
0.002053
0.0009502
0.0043141
0.00931457
0.0113494
0.944146
0
0.027203
0.0167651
0.0137343
0.0065596
0.00623133
0.0075214
0.0023634
0.0017638
0.0150218
0.0104278
0.965669
0
0.0349105
0.0076891
0.0137963
0.0016599
0.0011705
0.0023568
0.00715802
0.0047581
0.0070287
0.0162229
0.0170096
0
0.0101795
0.0313752
0.043946
0.0034363
0.0142353
0.0074426
0.0002617
0.0087703
0.0117179
0.0076103
0.072121
0
0
0.0005241
0.0331028
0.0046024
0.0006754
0.0048725
0.0038766
0.0025247
0.0010668
0.0269611
0.932557
0
0.0007849
0.0907309
0.0023142
0.0142003
0.0095807
0.0082713
0.014896
0.0109774
0.0082629
0.0033572
0
0
0.817873
0
0.0086514
0.0055864
0.0023516
0.0012607
0.0028309
0.014699
0.0094239
0.0004451
0
0
0.0119455
0
0.956014
0.0622226
0.0101929
0.0017423
0.0141603
0.0197634
0.0122875
0.0004732
0.934681
0
0.0311763
0.0260309
0.0284853
0.0094431
0.0186343
0.0533625
0.0099328
0.0057892
0.0255412
0.008189
0
0
0
0
0
0
0
0
0
0
0
0
0
