1 1 1 0.00337935 0.00164854 0.00230962 0.00201244 0.00710793 -0.000416046 1 1 1 
1 0.00333309 0.00353048 0.00295787 0.00264026 0.00244526 0.00139603 0.000738734 0.000898896 0.00194063 0.00273136 0.00368359 
1 0.00208004 0.00306856 0.00325928 0.00280094 0.00205955 0.000893805 0.000897856 0.00200273 0.00198815 0.00209699 0.0041314 
1 0.00407084 0.00252788 0.00218334 0.00227034 0.00192688 0.00236939 0.00269045 0.00241055 0.00223061 0.00156348 0.00634535 
1 0.00133902 0.00391863 0.00205525 0.00226808 0.00204132 0.00211453 0.00225602 0.00214008 0.00248649 0.00203071 0.00858486 
1 0.00391378 0.00318082 0.00142485 0.00248024 0.00209339 0.00179929 0.00208895 0.00200112 0.0015048 0.00266949 0.00656464 
0.00377449 0.00214087 0.00140355 0.00103401 0.000991373 0.00141766 0.00228939 0.00191165 0.00231948 0.00249433 0.0029435 0.00198139 
1 0.00312929 0.00261589 0.00259196 0.00206581 0.00215959 0.00234096 0.00225672 0.0023251 0.00263245 0.00271508 1 
1 0.00324013 0.00327524 0.00251387 0.00199067 0.00213864 0.00136342 0.00218603 0.00205661 0.00239848 0.00255277 1 
0.00421778 0.00376582 0.00259111 0.00256183 0.0022858 0.00189232 0.00210538 0.00183777 0.00210983 0.00213879 0.00208191 0.00558652 
1 0.00528101 0.00190696 0.00222101 0.00216255 0.00199366 0.00192813 0.00203936 0.00214894 0.00313313 0.00263011 0.00286253 
1 0.00286124 0.00242556 0.00215476 0.00218151 0.00213513 0.00150282 0.00208711 0.00215713 0.00278457 0.00348189 0.00329273 
0.0041311 0.00277567 0.00220723 0.000587643 0.00147016 0.00112836 0.0022 0.00225489 0.00236684 0.00136229 0.00382223 0.00568214 
1 0.00480523 0.00245271 0.00189921 0.00151342 0.00218493 0.0022187 0.00248585 0.00304057 0.00242755 0.00411192 0.0053777 
1 0.00341719 0.00305363 0.00200529 0.00202637 0.00235475 0.00246129 0.00227573 0.00288092 0.000992127 0.00437592 0.00558261 
1 0.00505549 0.00283352 0.00280469 0.00180843 0.00133786 0.00231097 0.00215337 0.00226622 0.00231023 0.00300755 0.00400717 
1 0.00567112 0.00345551 0.00264572 0.00183654 0.0026317 0.00180981 0.00128916 0.001922 0.00274851 0.00229533 0.00310175 
1 0.00343203 0.00518193 0.0031684 0.00242844 0.00141161 0.00243863 0.00223578 0.00191123 0.00264127 0.00377888 0.00397963 
1 0.0054367 0.00288713 0.00407281 0.00206132 0.00252356 0.00193592 0.00246785 0.00126536 0.00212817 0.00431416 0.00881263 
1 0.00551449 0.00167659 0.0044444 0.00202968 0.00211159 0.00234882 0.00302767 0.00199229 0.00305319 0.00286409 1 
1 0.0043239 1 0.00471757 0.00294207 0.00327707 0.00245035 0.00300056 0.00177536 0.00309758 0.00334223 0.00586443 
1 0.00399077 0.0062012 0.00470979 0.0027308 0.00386483 0.00335969 0.00304152 0.00380395 0.0038448 0.00370375 0.00676297 
1 0.00702132 0.00426618 0.00355624 0.0046591 0.00304405 0.00222581 0.00531062 0.00318422 0.00457675 0.00465471 1 
1 1 1 1 1 1 1 1 1 1 1 1 
