-1
0.156675
0.560529
0.814488
0.876446
1.30703
1.53236
1.66769
0.30528
1.63549
0.813319
0.869599
-1
1.01912
0.547918
0.952044
1.0602
0.957555
1.01403
0.628829
1.08222
0.644492
0.609336
1.08994
-1
0.858305
1.54255
1.03973
0.903456
1.13726
0.924558
1.03483
0.862358
1.46946
0.639905
0.41586
-1
1.41389
0.839548
0.844924
0.873157
1.056
1.16998
1.11946
0.992007
0.786267
1.24794
1.97985
-1
0.575261
1.0348
0.807759
1.0453
0.956863
0.984061
0.979753
0.949376
0.856789
0.666403
2.61312
-1
0.531906
1.27053
0.760968
1.00205
0.944391
0.952669
1.00548
0.97187
1.12
1.63514
0.585882
0.779112
1.45978
0.670794
0.968803
1.057
1.01096
0.959983
0.965122
1.01635
0.986478
0.905878
1.14658
-1
1.08189
0.763333
0.854003
1.18356
1.05838
0.95953
1.00232
0.882542
0.859027
0.879648
0.567146
-1
0.84167
0.618201
1.09872
1.09269
1.13182
0.768197
0.977238
1.06312
0.831083
1.42452
1.21826
0.873193
1.49392
0.783677
0.755899
0.883104
0.938968
1.01592
1.05564
1.01431
1.15201
0.643476
1.54134
-1
1.53295
0.538194
1.00309
0.970504
1.02221
0.996438
0.976099
0.892461
0.935085
0.483184
1.04613
-1
1.77027
1.07624
4.98545
0.748354
0.982751
1.08151
0.862088
1.04835
0.822394
1.10055
0.384212
1.06202
1.60034
0.944832
0.87262
0.753742
0.721123
0.962217
0.935669
0.940418
0.801256
0.763721
0.979648
-1
0.62816
0.705356
1.58855
1.24886
0.606474
0.793588
0.737976
1.07906
1.06987
0.755569
0.723588
3.01542
0.842512
1.53714
1.69755
0.688008
0.984179
0.928675
0.943592
0.879268
0.751284
1.06025
0.970467
-1
0.561411
0.994124
0.619939
0.997245
1.10505
1.03199
0.861764
0.673957
0.939275
1.20297
1.11078
-1
1.5093
1.54795
0.972949
1.57857
1.28607
1.37768
1.28044
0.728884
1.04247
0.520598
1.10726
-1
0.936843
0.779612
1.02168
1.45938
0.790414
0.876335
1.3636
0.769929
0.86677
1.15373
0.727519
3.71602
2.95596
0.662296
1.20525
0.578009
1.1657
0.90214
1.01175
1.7138
1.32569
1.02932
0.39863
-1
0.796742
3.74648
0.802093
1.47711
0.888775
0.779966
1.76256
1.68336
0.822024
1.61751
1.37424
0.351832
0.768454
-1
1.11474
1.21515
1.79844
1.08142
0.95576
1.12124
0.729536
1.07436
1.55911
-1
0.974177
0.642453
1.40041
1.42303
1.13687
1.0501
1.4336
1.74939
0.936853
1.16832
1.55979
-1
0.99326
0.810275
1.86133
1.04031
1.29587
0.882861
0.95003
1.39391
1.18992
1.28242
0.788404
-1
-1
4.89035
2.01301
17.3809
31.3136
0.0424051
1.47888
-1
2.75877
0.176872
0.658419
