0.012448 
0.00138706 
0.00106088 
0.00147302 
0.00202518 
0.00145792 
0.00156426 
0.00281879 
0.00143734 
0.000955855 
0.0016836 
0.00384408 
0.00718033 
0.0041766 
0.00248179 
0.00207181 
0.00196909 
0.00204247 
0.00119673 
0.000553799 
0.000643895 
0.00163457 
0.00203579 
0.00312963 
1 
0.00181064 
0.00194277 
0.00203181 
0.0018949 
0.00163417 
0.000607858 
0.000912239 
0.0013544 
0.00186322 
0.00167483 
0.002196 
0.000576926 
0.00413082 
0.00274493 
0.00175296 
0.00156081 
0.00175278 
0.00176845 
0.00194284 
0.00149383 
0.00218393 
0.00221408 
0.00480366 
1 
0.00301794 
0.0030265 
0.00188851 
0.00185021 
0.00158263 
0.00193527 
0.00183359 
0.00177202 
0.00197771 
0.00183629 
0.00277836 
0.00422467 
0.00408882 
0.0026589 
0.00159012 
0.00171372 
0.00172737 
0.00170245 
0.00168308 
0.00179033 
0.00147703 
0.00292602 
0.00314174 
0.00384181 
0.00122699 
0.00127863 
0.00133057 
0.000938252 
0.00114809 
0.00172817 
0.0016779 
0.00173338 
0.00218716 
0.00234114 
0.00399138 
0.00144336 
0.0040812 
0.00216847 
0.00220117 
0.00187603 
0.00177176 
0.00191182 
0.00167522 
0.00172837 
0.00187687 
0.00298699 
0.00264267 
0.00454427 
0.00353612 
0.00373002 
0.00224483 
0.00195529 
0.00160105 
0.00115151 
0.00176369 
0.00166295 
0.00195097 
0.00189056 
0.00348881 
0.00406817 
0.00452236 
0.00312652 
0.00236023 
0.00168555 
0.00146445 
0.00176562 
0.00153916 
0.00174981 
0.00182446 
0.00262697 
0.00366483 
0.00721312 
0.00473786 
0.00257533 
0.00217688 
0.00180962 
0.00168004 
0.00169685 
0.00168583 
0.0016153 
0.00185571 
0.0020951 
0.00338557 
0.00634724 
0.00454053 
0.00357791 
0.00089072 
0.0019116 
0.00166373 
0.0014564 
0.00176064 
0.00206312 
0.00197643 
0.00334677 
0.00244621 
0.00416679 
0.00226399 
0.00252988 
0.000544266 
0.00153573 
0.00114522 
0.00194894 
0.00190989 
0.00223279 
0.00178145 
0.00360745 
0.00481593 
0.00314285 
0.00395769 
0.00257918 
0.00182195 
0.00146829 
0.00210114 
0.00208802 
0.00239227 
0.00287833 
0.00352839 
0.00346683 
0.00285942 
0.00703783 
0.00540988 
0.00382767 
0.00217898 
0.00238082 
0.00240876 
0.00250336 
0.00224549 
0.00263101 
0.00138688 
0.00448345 
0.00519931 
0.00342624 
0.00481515 
0.00420674 
0.00353352 
0.00163178 
0.00165862 
0.002488 
0.00212629 
0.00232334 
0.00301833 
0.00460776 
0.00314776 
0.0109938 
0.00643501 
0.00453798 
0.00363771 
0.00152526 
0.00195122 
0.00149192 
0.001483 
0.0019762 
0.00326064 
0.00372098 
0.00294934 
0.00767367 
0.00362174 
0.00593023 
0.00263198 
0.00177277 
0.00172425 
0.00190183 
0.00170674 
0.001732 
0.00279784 
0.003969 
0.00423547 
0.0030014 
0.00318346 
0.00441581 
0.00310018 
0.00193694 
0.00195978 
0.00178276 
0.00215349 
0.00179454 
0.00241092 
0.00425305 
0.00263943 
0.0105152 
0.00436935 
0.00282172 
0.00265851 
0.00120464 
0.00207456 
0.00188308 
0.00168644 
0.00229974 
0.00290081 
0.00475723 
0.00622216 
0.00388615 
0.00594343 
0.00572611 
0.00348742 
0.00230662 
0.00171853 
0.00228977 
0.00242593 
0.0024799 
0.00236664 
0.0039896 
0.00448588 
0.00854866 
0.00604772 
0.00344424 
0.00248693 
0.00207489 
0.00207342 
0.00232217 
0.00214082 
0.0022964 
0.00266383 
0.00453884 
0.00398311 
1 
0.00759322 
0.00332487 
0.0030229 
0.00231307 
0.00211987 
0.00231482 
0.00213306 
0.00178274 
0.0025316 
0.00298703 
0.0030268 
0.0107674 
0.00900109 
0.00288502 
0.00326704 
0.00112905 
6.77945e-05 
0.00227894 
0.00265885 
0.00222422 
0.00229637 
0.00215638 
0.00357884 
