1 0.0025531 0.00183514 0.00167499 0.00219937 0.00121273 0.00121153 0.00200741 0.00287533 0.00075269 0.00176328 0.00379721 
1 0.00413983 0.0037975 0.00213383 0.00189691 0.0021025 0.00118388 0.000756013 0.000617257 0.0022033 0.0029091 0.00295784 
1 0.00201355 0.00151105 0.00197716 0.00202716 0.0015073 0.000642654 0.00089035 0.00149213 0.00144628 0.00230253 0.00383817 
1 0.0035042 0.00308803 0.00195008 0.00170865 0.00169256 0.00160293 0.00181753 0.00149748 0.00257438 0.00192584 0.00331357 
1 0.0043114 0.00295708 0.00216473 0.00179946 0.00162854 0.00195437 0.00185612 0.00183528 0.00217378 0.00232559 0.00185391 
1 0.0061663 0.00227792 0.00190949 0.00171148 0.00179037 0.00175741 0.00167723 0.00182404 0.00137815 0.00222319 0.00459108 
0.00454714 0.000995436 0.00167333 0.00135911 0.000906693 0.00113972 0.00177623 0.00171598 0.00171301 0.00220967 0.00249102 0.00371656 
1 0.00386977 0.00258304 0.00244149 0.00168748 0.00171253 0.0019649 0.00167289 0.00187888 0.00207863 0.00320452 0.00408895 
1 0.00391157 0.0052542 0.00210615 0.00184338 0.00147417 0.00138001 0.00178847 0.00159796 0.0021922 0.00162865 0.00312551 
0.00456937 0.00381887 0.00369946 0.00291117 0.00183343 0.00152527 0.0017476 0.00148695 0.00173573 0.00165455 0.00349948 0.00260656 
1 0.00385655 0.00385731 0.00214327 0.00184704 0.00165715 0.00170124 0.00171203 0.00174132 0.0019527 0.00348652 0.00327981 
1 0.00330141 0.00342101 0.000438857 0.00236229 0.00168242 0.00138669 0.00194349 0.00200272 0.0022368 0.00316774 0.00398889 
0.00400452 0.00175472 0.00260152 0.00059923 0.001868 0.00143974 0.00199957 0.00200169 0.0023232 0.00207881 0.00428734 0.0047951 
1 0.00539899 0.00332601 0.00142272 0.00127738 0.00310587 0.00247612 0.00302614 0.00273814 0.00338185 0.00417263 0.00350046 
0.00361757 0.00613882 0.00309317 0.00158811 0.00306594 0.00244416 0.00263414 0.00232769 0.00287429 0.00167094 0.00432248 0.00525184 
1 0.00684336 0.00424621 0.00491618 0.00166248 0.00152771 0.00242737 0.00233673 0.00314051 0.00308013 0.00418682 0.00302133 
1 0.00520769 0.003561 0.00367568 0.0012382 0.00175657 0.00126678 0.00129588 0.00241878 0.00317498 0.00585917 0.00270793 
1 0.00378182 0.00687244 0.00260233 0.0015213 0.00195309 0.00205539 0.00145876 0.00202942 0.00305576 0.00365321 0.00481897 
0.00167216 0.0020475 0.00580709 0.00280983 0.00274518 0.00179326 0.0018881 0.00212032 0.00139314 0.00209137 0.00417342 0.00528952 
1 0.00497349 0.00166892 0.00304203 0.00103422 0.00221757 0.00214935 0.00133765 0.0018481 0.00318649 0.00364382 0.00555361 
0.00879049 0.00699187 0.00569826 0.00329909 0.00212507 0.00142509 0.00219488 0.00248103 0.00234035 0.0029198 0.0038157 0.00349371 
1 0.00614069 0.00460516 0.00213805 0.00181159 0.00200136 0.00228013 0.0018979 0.00185761 0.00278586 0.00411325 0.00340151 
1 0.0076443 0.0037596 0.00235135 0.00231545 0.00194786 0.00247681 0.00216351 0.00156716 0.00228461 0.0025776 0.00343626 
0.0102724 1 0.00207836 0.00243848 0.000144686 -0.00010233 0.00546522 0.00211345 0.00264591 0.00144033 0.0100062 0.00489725 
