1 0.000400008 0.00102865 0.00136426 0.00192763 0.00158507 0.0018565 0.00334774 0.000877782 0.00123102 0.00143411 0.00330205 
1 0.004219 0.00208072 0.0020315 0.0020111 0.00201326 0.00120049 0.000475403 0.000668007 0.00142001 0.00177262 0.00322388 
1 0.00172824 0.00233087 0.00205572 0.00183145 0.00171419 0.000594171 0.000921358 0.00128675 0.00212525 0.0014734 0.00159614 
0.000381666 0.00495456 0.00259255 0.00164767 0.00149192 0.00178734 0.0018754 0.00203466 0.00148551 0.00202415 0.00240333 0.00656037 
1 0.00248018 0.00305998 0.00174858 0.00188097 0.00155829 0.00192322 0.00181854 0.00174237 0.00186247 0.00154978 0.00484449 
1 0.00327989 0.00289417 0.00145306 0.00171498 0.00169081 0.00167423 0.00168642 0.00177273 0.00154353 0.00363523 0.00268983 
0.00354273 0.00145312 0.00112246 0.00131671 0.000958379 0.00115221 0.00170515 0.00165613 0.00174102 0.00217979 0.00225656 0.00426133 
0.00206508 0.00418666 0.00197172 0.00208504 0.00199724 0.0018125 0.00188538 0.00167677 0.00165819 0.0017856 0.00281885 0.00231903 
1 0.00329225 0.00324815 0.00231407 0.00201425 0.00166849 0.00106012 0.00174776 0.00169883 0.0018219 0.00232004 0.00380769 
0.00398994 0.00570509 0.00289918 0.00220055 0.00161911 0.00143218 0.00177542 0.00156968 0.00176056 0.00190606 0.00225183 0.0040176 
1 0.0059119 0.00207598 0.0021499 0.00179256 0.00169396 0.00169518 0.00167111 0.00155406 0.00182594 0.00168463 0.0034311 
0.00462951 0.00584438 0.00368183 0.0021879 0.00176783 0.0016534 0.00149972 0.00167546 0.00209956 0.00183953 0.00348625 0.00153258 
0.0042529 0.00280815 0.002458 0.0005229 0.00140799 0.00103823 0.00192402 0.00187292 0.00218478 0.00166566 0.00327433 0.00469751 
0.00331823 0.00339143 0.00234602 0.00226006 0.00159527 0.00188363 0.00196502 0.00223322 0.00295462 0.00361815 0.00315271 0.00253289 
0.0109085 0.00517203 0.00475463 0.0026959 0.00210939 0.00240549 0.00244626 0.00219639 0.00252727 0.00125535 0.00458291 0.00509674 
0.0076197 0.00384194 0.00422126 0.00304773 0.0016579 0.0016882 0.00250501 0.00201371 0.00211657 0.00289309 0.00503663 0.00335603 
1 0.00785999 0.00551224 0.00357625 0.00195458 0.00225907 0.00174522 0.0016593 0.00176301 0.00330983 0.00305027 0.00299838 
1 0.00354297 0.00535784 0.00265875 0.00222016 0.00154375 0.00180121 0.00198917 0.00156251 0.00264864 0.00421482 0.00350589 
0.00621378 0.00605233 0.00384601 0.00338656 0.00158674 0.0020904 0.00170333 0.00214524 0.00238756 0.0027725 0.00429579 0.00210856 
0.00921182 0.00396259 0.00625258 0.00243999 0.00152766 0.00197092 0.00167642 0.00235769 0.00311101 0.00261937 0.0058939 0.00763198 
0.00309278 0.00537293 1 0.00367764 0.00258227 0.00256294 0.00237358 0.00237127 0.0026241 0.0021301 0.00409942 0.00544707 
0.0125342 0.00598212 0.0029586 0.00299415 0.00257795 0.00227528 0.00239436 0.00272082 0.00324968 0.00260994 0.00480561 0.00530564 
1 0.00759278 0.00304631 0.00437665 0.00240879 0.00252417 0.00218668 0.0020554 0.00218448 0.00271851 0.00330557 0.00270916 
1 0.00837784 0.0101639 0.00490869 0.00251478 0.00320432 0.000231753 0.00312553 1 0.00397354 0.00176982 0.00322444 
