HCal_ratio = 
0.00723187
0.00261632
0.00156183
0.00225072
0.00210279
0.000510238
0.00245716
0.000868878
0.00266585
-0.00898277
-0.000127495
0.00183839
0.00450485
-0.00115486
0.00284575
0.00234696
0.00219923
0.00169139
0.000646162
0.000269476
0.000764106
0.00188332
0.00112817
0.000931422
-0.0195629
0.00116342
0.00217986
0.00243164
0.00219081
0.00202178
0.000834239
0.00110824
0.00155132
0.00130497
0.000808042
0.0026934
-0.0111167
0.00254462
0.00220239
0.00217927
0.00191569
0.00200422
0.00182298
0.00202996
0.00172843
0.0020277
0.00142175
0.0040092
0.00749128
0.00313511
0.00237798
0.00220797
0.00216498
0.00174771
0.00211615
0.00203792
0.00200552
0.00214736
0.00173393
0.00121521
0.00448056
0.0035919
0.00283611
0.00190255
0.00124081
0.00188729
0.00208066
0.00193121
0.00186335
0.00153871
0.00186967
0.00284572
0.00280418
0.000535787
0.000522034
0.000460928
0.00126251
0.00145224
0.00196409
0.00189175
0.00190114
0.00220695
0.00179881
0.00265485
0.00434397
0.00250466
0.00187065
0.000986103
0.00196377
0.00187678
0.00207101
0.00186819
0.00194288
0.00189409
0.00201909
0.00343823
0.00497326
0.00320487
0.00257012
0.00233115
0.00152132
0.00166413
0.0013356
0.00200528
0.00176046
0.00200478
0.00188513
0.000460467
0.00350429
0.00268844
0.00152238
0.00196779
0.0018624
0.00168194
0.00171639
0.00164065
0.00183436
0.0017871
0.00164892
0.00305833
0.00494477
0.00314918
0.00250033
0.0020522
0.00185634
0.00172569
0.00182401
0.00180444
0.00182389
0.00206747
0.00103593
0.00223567
0.00266276
0.00254679
0.00193656
0.00187513
0.00160578
0.0014732
0.00153255
0.00176713
0.00167208
0.00173106
0.00249354
0.00411762
0.00310181
0.00102807
0.000821279
0.000330308
0.00101062
0.000907107
0.00166317
0.00181951
0.00199374
0.00180651
0.00233623
0.00379933
0.0041467
0.00272593
0.00256553
0.00169337
0.000947571
0.00155616
0.0015764
0.00197739
0.00162162
0.00226572
0.00261854
0.00407697
0.00215205
0.00151378
0.0017793
0.00144273
0.000929902
0.00187762
0.000936019
0.000537085
0.00154422
0.000271375
0.00246404
0.00378902
0.00124244
0.000978597
0.00231133
-0.00052277
0.00154157
0.00134741
0.00184005
0.00195864
0.00190031
0.00201936
0.00214364
0.00352466
0.00445042
0.00196911
0.00245066
0.00118104
0.00123882
0.0016521
0.00149479
0.00107069
0.00187596
0.00200102
0.00274963
0.00351114
0.00272324
0.00286853
0.00214118
0.0016699
0.00175342
0.00143342
0.00173601
0.00190322
0.00183775
0.00211099
0.0027914
0.00387582
0.00495003
0.00318952
0.00234706
0.00160628
0.00170312
0.00157125
0.00159157
0.00172715
0.00165337
0.00221285
0.00268338
0.00385822
0.00550151
0.00282151
0.000773434
0.00189334
0.00166651
0.00153021
0.00153984
0.00147919
0.00179977
0.00241893
0.00302779
0.00389797
0.00542093
0.00316564
0.00476256
0.00171132
0.00242578
0.00150442
0.00132769
0.00176865
0.00196933
0.00222121
0.00244362
0.00034114
0.00283101
0.00232019
0.00234419
0.00180781
0.00117375
0.00169458
0.00187106
0.0018138
0.00164886
0.00186073
0.00155117
0.00329431
0.00531377
0.00419393
0.00192163
0.00193126
0.00167938
0.000758117
0.00150647
0.00167632
0.00189754
0.00222417
0.00245603
0.00320286
0.0071295
0.00445342
0.00245969
0.00241076
0.000874104
0.00105247
0.00271421
0.00241548
0.00159806
0.00157296
0.00247425
0.00441617
