HCal_gainCoeff = 
1  1  1  1  1  1  1  1  1  1  1  1  
1  1  1  1  1  1  1  1  1  1  1  1  
1  1  1  1  1  1  1  1  1  1  1  1  
1  1  1  1  1  1  1  1  1  1  1  1  
1  1  1  1  1  1  1  1  1  1  1  1  
1  1  1  1  1  1  1  1  1  1  1  1  
1  1  1  1  1  1  1  1  1  1  1  1  
1  1  1  1  1  1  1  1  1  1  1  1  
1  1  1  1  1  1  1  1  1  1  1  1  
1  1  1  1  1  1  1  1  1  1  1  1  
1  1  1  1  1  1  1  1  1  1  1  1  
1  1  1  1  1  1  1  1  1  1  1  1  
1  1  1  1  1  1  1  1  1  1  1  1  
1  1  1  1  1  1  1  1  1  1  1  1  
1  1  1  1  1  1  1  1  1  1  1  1  
1  1  1  1  1  1  1  1  1  1  1  1  
1  1  1  1  1  1  1  1  1  1  1  1  
1  1  1  1  1  1  1  1  1  1  1  1  
1  1  1  1  1  1  1  1  1  1  1  1  
1  1  1  1  1  1  1  1  1  1  1  1  
1  1  1  1  1  1  1  1  1  1  1  1  
1  1  1  1  1  1  1  1  1  1  1  1  
1  1  1  1  1  1  1  1  1  1  1  1  
1  1  1  1  1  1  1  1  1  1  1  1  
