HCal_gainCoeff = 
1  1  1  1  0.00250762  0.00175919  1  1  1  1  1  1  
1  0.00432867  0.00337162  0.00249192  0.00235195  0.00234699  0.00153758  0.000848242  0.00109984  0.00243618  0.0030885  0.00499405  
1  0.00235436  0.00255926  0.00250967  0.00223605  0.00198968  0.000831919  0.00116117  0.00172346  0.0025184  0.00187801  1  
1  0.00444708  0.00229711  0.00236104  0.0018954  0.00205752  0.00206201  0.00229144  0.00194695  0.00264562  0.00267743  1  
1  0.00364003  0.00245387  0.00232472  0.00218525  0.00183429  0.00224121  0.00217835  0.00218925  0.00263394  0.00277954  1  
1  0.0045171  0.0029942  0.00190557  0.00205354  0.00203601  0.00199452  0.00202188  0.00215601  0.00201099  0.00306144  1  
1  0.00187303  0.00128163  0.00152671  0.00131423  0.00146239  0.00212328  0.00203788  0.00212254  0.00239473  0.00259227  1  
1  0.00440493  0.00292266  0.00261831  0.00227218  0.00211548  0.00220416  0.0020346  0.00232785  0.00262472  0.00311819  1  
1  0.0040634  0.00268731  0.00247888  0.00238054  0.00191068  0.00144576  0.0021455  0.00197736  0.00241394  0.00255821  1  
1  0.0043267  0.00266543  0.00280426  0.00226943  0.00196582  0.00210514  0.00195261  0.00212589  0.00224943  0.0027558  1  
1  0.00561775  0.00322854  0.00251263  0.00231992  0.00199662  0.00206826  0.00208038  0.00208028  0.00238162  0.00302831  0.00460967  
1  0.00509753  0.00301924  0.00253345  0.00245543  0.00195115  0.00181801  0.00216418  0.00237546  0.00259962  0.0031217  1  
1  0.0032791  0.00304489  0.00107447  0.00155267  0.00147008  0.00228728  0.00231782  0.00241549  0.00229259  0.00331419  1  
1  0.00497306  0.00391461  0.00280527  0.00213508  0.00217016  0.00213606  0.00253794  0.00204914  0.00287352  0.00363998  0.00515704  
1  0.00554204  0.00403005  0.00301732  0.00258779  0.00264209  0.00239686  0.00231274  0.00248173  0.00122854  0.00318983  0.00487072  
1  0.00460529  0.00477213  0.00298199  0.00219044  0.00230586  0.00241283  0.00253669  0.00258209  0.00271096  0.00345656  1  
1  0.00390485  0.00436925  0.00393215  0.00171239  0.00288892  0.00214916  0.00174038  0.00261318  0.00286617  0.00332925  0.0049583  
1  0.00525654  0.00414503  0.00338774  0.00291355  0.00271323  0.00283273  0.0027518  0.00263287  0.00321095  0.00386411  1  
1  0.0059755  0.00409014  0.00368687  0.00316705  0.00306044  0.00294544  0.00310249  0.0027448  0.00392331  0.00459535  1  
1  0.00655024  0.00422536  0.00351746  0.00236359  0.00256319  0.00267649  0.00293196  0.0033178  0.00408932  0.00505393  1  
1  0.00633678  1  0.00367155  0.00250182  0.00253476  0.00317421  0.00297613  0.00329041  0.00367478  0.00460369  1  
1  0.00410583  0.00466551  0.00374826  0.00309448  0.00297398  0.00325076  0.00331516  0.00342698  0.00367655  0.004302  1  
1  0.00562149  0.00432153  0.00367007  0.00349267  0.00312553  0.0028161  0.00377182  0.00293383  0.00376635  0.00433666  1  
1  1  1  1  1  1  1  1  1  1  1  1  
