HCal_gainCoeff = 
1  1  1  0.00169968  0.00181251  0.00105251  0.00178848  0.00270005  0.00238104  1  1  1  
1  0.00537379  0.00384844  0.00259626  0.00221056  0.00236826  0.00146744  0.000650008  0.000882057  0.00292922  0.00360199  0.0042096  
1  0.00161704  0.00216819  0.00245956  0.00221925  0.00178611  0.000979268  0.00126973  0.0017639  0.00236184  0.00163955  0.00313183  
1  0.00445902  0.00251283  0.00253203  0.00203725  0.00203459  0.00185973  0.00208938  0.0018957  0.00305556  0.00255466  0.00376702  
1  0.0025656  0.00194664  0.00262836  0.00219215  0.00186066  0.00219875  0.00213311  0.00210702  0.00256654  0.00289583  1  
1  0.00483749  0.00300643  0.00196879  0.00196086  0.00204981  0.00198577  0.00188188  0.00214706  0.00221735  0.00292581  1  
0.00339396  0.00159771  0.00159422  0.00171955  0.0013224  0.00154414  0.00204044  0.00213418  0.00198644  0.00290495  0.00251979  1  
1  0.00518182  0.0026514  0.00285478  0.0022753  0.00211516  0.00236104  0.00190412  0.00219214  0.00259078  0.0027905  1  
1  0.00495229  0.0029401  0.00263578  0.00244975  0.0017052  0.00141578  0.00215689  0.00186891  0.0024184  0.00240643  1  
1  0.00551163  0.00249115  0.00287442  0.00229708  0.00210772  0.00194884  0.00188542  0.00196727  0.00212634  0.00267187  1  
1  0.0058572  0.00323023  0.00237636  0.00224925  0.00200583  0.00207461  0.00210505  0.00216427  0.00226907  0.00323963  0.00599213  
1  0.00551353  0.00278375  0.00156443  0.00250437  0.0019851  0.00197119  0.00209696  0.00223526  0.00269656  0.00310458  0.0062671  
0.00585284  0.00300465  0.00231111  0.00102943  0.00232795  0.00171182  0.00239927  0.00241614  0.00251208  0.00200776  0.00381159  0.00453963  
1  0.00468146  0.00475183  0.00243309  0.00222405  0.00178673  0.0023151  0.00280269  0.00246236  0.00273979  0.00394652  0.00409188  
1  0.00780335  0.00527698  0.00292312  0.0021387  0.00317454  0.00235649  0.00195964  0.00244243  0.000907736  0.00309253  0.00444238  
1  0.00606487  0.00615949  0.00547083  0.00297637  0.00381397  0.00243777  0.00306954  0.00275607  0.00258479  0.00384132  0.00384296  
1  0.00508502  0.00460106  0.00480239  0.000992482  0.0049651  0.00312384  0.0014356  0.00290959  0.00282243  0.00343874  0.00573285  
1  0.00658203  0.00689676  0.00469878  0.00526543  0.00435315  0.00516269  0.00429654  0.00322768  0.00339838  0.00391554  0.00623425  
1  0.00469365  0.00487184  0.00578092  0.0054984  0.00425233  0.00504905  0.00400617  0.00499326  0.00396005  0.00491568  0.00764171  
1  0.0067023  0.00345432  0.00513417  0.00338799  0.00486177  0.00535653  0.00454658  0.00574688  0.00507376  0.00570291  0.00679205  
1  0.00695543  1  0.00491086  0.00355024  0.00360694  0.0050961  0.00520297  0.00455781  0.00363984  0.00519053  0.0037448  
1  0.00397693  0.00600647  0.00586697  0.00465268  0.00398479  0.00431386  0.00536555  0.00474068  0.00406779  0.00503053  0.00476741  
1  0.00873604  0.00581613  0.00471508  0.00512455  0.00565794  0.00321487  0.0046711  0.00444524  0.00359208  0.00484378  1  
1  1  1  1  1  1  1  1  1  1  1  1  
