HCal_gainCoeff_oneBlock = 
1  1  1  1  1  1  1  1  1  1  1  1  
1  0.00269793  0.00379438  0.00294581  0.00272257  0.00247068  0.00181736  0.00041602  0.00199321  0.00301003  0.00143542  1  
1  0.00239243  0.00294658  0.0027945  0.00263349  0.00222026  0.00132677  0.0015767  0.00204676  0.0031572  0.00167029  1  
1  0.00428559  0.00286955  0.00276984  0.00223649  0.00231872  0.00227252  0.00251781  0.00204567  0.00269546  0.00254886  1  
1  0.00326947  0.00240698  0.00250798  0.00237354  0.00199097  0.0022938  0.00244674  0.00230329  0.00256418  0.00221213  1  
1  0.00434253  0.00286284  0.00200998  0.00198964  0.00213303  0.00242386  0.00208765  0.00193078  0.00186162  0.0023724  1  
1  0.00161994  0.00170479  0.00159883  0.00142105  0.00158674  0.00202229  0.00196299  0.00207152  0.00238711  0.00202846  1  
1  0.00463401  0.002931  0.00270197  0.00209487  0.00206374  0.00211203  0.00193586  0.00206478  0.00225482  0.00228895  1  
1  0.00362801  0.00248675  0.00240929  0.0020924  0.00169144  0.00128603  0.00208068  0.0018814  0.00211168  0.00222311  1  
1  0.00311351  0.00245755  0.00244927  0.00193841  0.00163806  0.00178309  0.00174903  0.00201617  0.00213004  0.0023373  1  
1  0.00376971  0.00244366  0.00208182  0.00190907  0.00182617  0.00193937  0.00179341  0.00191585  0.00236187  0.00171501  1  
1  0.0032918  0.00203909  0.00220349  0.0018683  0.00177056  0.00154048  0.00180401  0.00182819  0.0024552  0.0028357  1  
1  0.00181111  0.0017412  0.000331529  0.00111069  0.00108146  0.00153129  0.00182112  0.00214141  0.00200917  0.00279512  1  
1  0.00322583  0.00234264  0.00165408  0.00143446  0.00155295  0.00153304  0.00197201  0.00139906  0.00253491  0.00330832  1  
1  0.00346335  0.00175184  0.00185571  0.00165288  0.00188596  0.00176672  0.00188264  0.00203909  0.000311322  0.00287406  1  
1  0.00289057  0.00244921  0.00193146  0.00141239  0.00130268  0.00168287  0.00195674  0.00208753  0.00261298  0.00357552  1  
1  0.00223678  0.00252842  0.00190627  0.00114073  0.00162226  0.00154033  0.00105722  0.00198854  0.00237851  0.00335501  1  
1  0.00317167  0.00241947  0.00174978  0.00171386  0.00141148  0.00173513  0.00192928  0.00206063  0.00239498  0.0037442  1  
1  0.00338359  0.00241364  0.00161587  0.00163209  0.00148842  0.00164021  0.00171847  0.00170182  0.00260243  0.00339292  1  
1  0.00306236  0.00224599  0.00178239  0.00161421  0.00151009  0.00148037  0.00143686  0.00198365  0.00271508  0.00362545  1  
1  0.00336622  0.00563803  0.00164931  0.00249521  0.00155816  0.00128668  0.00163545  0.00205637  0.00246532  0.0027856  1  
1  0.00220204  0.00237908  0.00208634  0.00177376  0.00170653  0.00186695  0.00188616  0.00224082  0.0022837  0.00305752  1  
1  0.00431212  0.00195502  0.00198746  0.00163508  0.00180515  0.00167744  0.00204211  0.00200885  0.00262854  0.00317456  1  
1  1  1  1  1  1  1  1  1  1  1  1  
