#Averaged int pulse and pulse max data for run 987.
#Total number of pulse events is 1138325.
#Row  Column  pmtIntValue  pmtMaxValue EvTotal
0  0  -2.36177e+06  46908.2  21783
0  1  6295.35  589.084  23006
0  2  231700  1628.35  24476
0  3  5463.53  496.05  23491
0  4  890.217  142.365  7752
0  5  1542.61  198.123  16297
0  6  1031.92  144.548  13689
0  7  1405.69  191.838  15595
0  8  7912.25  930.494  22684
0  9  29657.3  954.052  20798
0  10  95762.1  1094.65  18015
0  11  17624.2  859.132  15579
1  0  195301  1808  17367
1  1  26452.8  1441.24  17801
1  2  28800.5  2680.15  19265
1  3  7796.4  819.524  19402
1  4  2775.51  395.818  16057
1  5  1029.84  133.592  9661
1  6  19759.7  791.593  15988
1  7  1648.1  221.996  13565
1  8  36758.8  1727.58  16863
1  9  9215.82  718.241  15597
1  10  37112.7  921.667  13017
1  11  73380.1  955.077  10994
2  0  4101.81  442.63  14017
2  1  5290.92  751.428  14642
2  2  8138.21  817.732  15053
2  3  41645.2  827.184  15636
2  4  2642.81  226.163  11960
2  5  2907.96  365.584  13338
2  6  1666.72  807.905  11586
2  7  1975.04  223.012  11435
2  8  14884  806.776  13502
2  9  3145.45  293.6  10957
2  10  12715.8  1162.23  9412
2  11  44272.1  1358.41  8213
3  0  15701.4  998.825  11545
3  1  10482.7  4043.93  11939
3  2  5993.17  2051.86  12980
3  3  14282.3  841.154  12616
3  4  1933.59  252.282  10255
3  5  1717.2  215.707  9430
3  6  2709.45  376.575  10501
3  7  1986.42  254.813  9536
3  8  1.47112e+06  6662.12  10409
3  9  6407.95  479.294  9500
3  10  -39754.2  678.036  7869
3  11  67827  1260.94  6856
4  0  5120.49  541.571  9620
4  1  15731.9  1266.98  10054
4  2  210561  1639.52  10441
4  3  73608.1  848.534  10481
4  4  -2766.75  175.889  7073
4  5  34168.5  1153.64  9052
4  6  1287.15  188.392  6666
4  7  3004.6  196.528  5964
4  8  9029.64  1244.16  7892
4  9  8249.3  499.472  7371
4  10  17664.4  979.049  6445
4  11  1055.51  175.178  5071
5  0  16749.6  690.859  8160
5  1  6612.08  437.137  7963
5  2  16189.3  1317.2  8212
5  3  5838.41  484.593  8591
5  4  2110.31  283.322  6941
5  5  4421.18  515.11  7613
5  6  3241.91  461.472  7170
5  7  -676.074  230.596  5580
5  8  19711.6  1542.77  6715
5  9  10119.8  1016.64  6120
5  10  -603504  1080.82  5495
5  11  40858.9  856.796  4985
6  0  -33543.8  995.448  6864
6  1  1199.82  171.089  6097
6  2  22220.1  1284.77  6853
6  3  30457.4  741.112  7141
6  4  3268.9  1188.76  6241
6  5  1778.03  231.514  5469
6  6  85006.5  1547.45  5509
6  7  2724.01  353.876  5234
6  8  10628.4  1455.72  4398
6  9  578.513  679.727  5057
6  10  11127.9  1151.13  4339
6  11  13653.6  700.373  4169
7  0  101214  1212.77  5673
7  1  14066.7  1769.62  5255
7  2  136734  1677.02  6254
7  3  8183.84  517.657  5975
7  4  892.685  191.105  4340
7  5  2315.59  340.509  4755
7  6  2042.5  295.047  4399
7  7  1686.92  155.38  2898
7  8  10335.3  641.459  4541
7  9  202743  4246.9  4118
7  10  -8490.19  1180.64  3882
7  11  116873  1190.33  3663
8  0  2191.67  271.209  4829
8  1  39657  1271.18  5073
8  2  9599.37  1325.09  4650
8  3  4195.81  583.535  4888
8  4  1432.15  197.76  3538
8  5  3839.19  545.78  4296
8  6  1612.95  217.61  3419
8  7  359.769  1199.83  2943
8  8  8950.65  1421.79  4126
8  9  8612.93  507.579  3520
8  10  -2681.12  978.578  3182
8  11  4085.65  741.347  3319
9  0  141030  1601.1  4239
9  1  6987.13  1156.87  4035
9  2  42381.8  1858.99  3870
9  3  21726.1  2634.89  3712
9  4  2414.65  301.314  3150
9  5  5827.64  790.203  3409
9  6  3866.38  526.365  3184
9  7  1596.73  1062.9  2860
9  8  -333990  899.442  3533
9  9  44943.8  1826.28  2989
9  10  7495.12  998.223  3008
9  11  39421.3  1421.06  2428
10  0  1295.88  172.703  3119
10  1  7534.74  1487.76  3725
10  2  252525  5944.84  3741
10  3  124414  3226.31  3596
10  4  -66314.5  294.989  2721
10  5  3579.69  731.785  2935
10  6  34757.4  443.802  2534
10  7  -2529.96  206.467  2205
10  8  850.76  1262.13  2949
10  9  6940.53  1245.8  2816
10  10  14531.1  956.455  2598
10  11  19621.8  1180.55  2410
11  0  8850.18  1026  3540
11  1  5373.17  314.793  2997
11  2  96638.4  972.177  3272
11  3  5612.29  719.458  2974
11  4  2410.66  308.474  2402
11  5  3343.09  594.348  2401
11  6  1931.01  245.423  2092
11  7  1809.47  228.261  1196
11  8  12159.6  1021.95  2377
11  9  18093.8  1490.77  2518
11  10  -16108.9  964.686  2123
11  11  -1064.57  464.072  2156
