0.0826588
0.0469272
0.0335707
0.0269768
0.0195079
0.0281852
0.0276261
0.0313909
0.0301995
0.0314503
0.0379413
0.0544261
0.095273
0.0477914
0.0374146
0.0294776
0.0274842
0.0279615
0.0180943
0.01067
0.0126239
0.0293777
0.0379584
0.028995
0.105476
0.0287295
0.0309242
0.0313912
0.0281258
0.0253218
0.010431
0.0149303
0.0217878
0.0321936
0.0217907
0.0499723
0.0925896
0.0528427
0.0286248
0.0294525
0.0235783
0.025515
0.0255145
0.0290582
0.024427
0.033561
0.0320418
0.0516015
0.105669
0.0460311
0.0313633
0.028548
0.0277506
0.023502
0.0282923
0.0268674
0.0279462
0.0324505
0.033554
0.0595271
0.105117
0.0541064
0.0370114
0.0233834
0.0257021
0.0256447
0.0252702
0.0254618
0.0271123
0.0240074
0.0367624
0.0467634
0.0137454
0.0238238
0.0155805
0.0194811
0.0167017
0.0184659
0.0263946
0.0248753
0.0270703
0.0287853
0.0306883
0.0536982
0.0929192
0.0556693
0.0333942
0.0323631
0.0279802
0.0263527
0.0267206
0.0248625
0.0288528
0.031752
0.0363954
0.0560247
0.0928408
0.0489668
0.0347322
0.0301635
0.0295942
0.0238603
0.0185984
0.0264158
0.0250928
0.0297171
0.0303716
0.0497465
0.0510942
0.0494712
0.0309592
0.0339206
0.0278225
0.02425
0.0262076
0.024451
0.0268239
0.0277717
0.0330601
0.0472791
0.0988968
0.0652404
0.0398688
0.0308726
0.0292427
0.0245783
0.0252694
0.0262677
0.0257907
0.0302418
0.0334058
0.0498759
0.109016
0.059208
0.0357737
0.0330127
0.0304046
0.0248633
0.0235134
0.0265932
0.0281991
0.0315769
0.0370836
0.0545206
0.0271887
0.0408306
0.037702
0.0128158
0.0176208
0.0186971
0.0284764
0.0289057
0.0308089
0.0289057
0.0371635
0.0546524
0.142989
0.0603474
0.0455126
0.0351913
0.0256834
0.0261756
0.0264087
0.0292204
0.0259278
0.0354989
0.0426814
0.0545868
0.0714791
0.0649071
0.0486802
0.0371777
0.0319936
0.0316484
0.0295976
0.0285592
0.0291202
0.0148117
0.03923
0.0590899
0.108232
0.0519232
0.0521277
0.0388994
0.0277538
0.026418
0.030144
0.0305111
0.0304901
0.0331889
0.0408277
0.0554544
0.107227
0.0473573
0.0518274
0.0466745
0.0229931
0.0339715
0.0276963
0.0194464
0.0306444
0.035931
0.0405608
0.0390226
0.090798
0.0685247
0.0491551
0.0356706
0.0367242
0.0337032
0.0351247
0.0351533
0.0324389
0.0386465
0.0439707
0.0605861
0.0679941
0.0695746
0.0467306
0.0439227
0.0403262
0.0389989
0.0327211
0.0371257
0.0355192
0.0472489
0.0524894
0.0730693
0.0988476
0.0706359
0.054018
0.04299
0.0323895
0.0327323
0.0338111
0.0374081
0.0407394
0.0490156
0.0570289
0.0712623
0.0997362
0.0689594
0.0853832
0.0424849
0.0341628
0.0316515
0.0339934
0.0387371
0.0389179
0.047208
0.0562697
0.0663029
0.0880457
0.0545428
0.0574433
0.0458636
0.0394128
0.0376959
0.0391724
0.0375921
0.0406002
0.0441914
0.0482177
0.0636005
0.11557
0.0662047
0.0524857
0.0447808
0.0398145
0.0387244
0.0359081
0.040561
0.0370544
0.0454186
0.0505846
0.062194
0.113919
0.0799991
0.0544676
0.044831
0.0360092
0.0342254
0.0392373
0.0348805
0.0399777
0.0431235
0.0520713
0.0651259
