HCal_gainCoeff = 
0.0829992
0.0467659
0.0335325
0.0270822
0.0195028
0.0282236
0.0278535
0.0313777
0.0302299
0.0314957
0.0379794
0.0544427
0.0949556
0.0483007
0.0372633
0.029393
0.0275216
0.0278997
0.0182616
0.0106008
0.0125241
0.0295676
0.038142
0.0289622
0.105771
0.0286137
0.0308556
0.0313479
0.0281093
0.0253244
0.0103728
0.0148892
0.021844
0.0325725
0.0216988
0.0498463
0.0978474
0.0528476
0.0285135
0.0294814
0.0235188
0.0256262
0.0255012
0.0290346
0.0245257
0.0336527
0.0318813
0.0515608
0.105773
0.0459438
0.0313268
0.0285493
0.0277943
0.0234904
0.0282785
0.0268606
0.0280447
0.0323578
0.0336122
0.0596163
0.105407
0.0544938
0.0369461
0.0233952
0.0256173
0.0257785
0.025308
0.0254412
0.0272072
0.0239875
0.0368031
0.0466137
0.0136644
0.0238685
0.0154987
0.0195235
0.0166754
0.0185194
0.0263666
0.0248547
0.0271108
0.0287053
0.0306741
0.0536967
0.0927611
0.055944
0.0333288
0.032333
0.0281446
0.0263177
0.0268033
0.0249212
0.0289234
0.0317844
0.0363413
0.0569089
0.0931242
0.0493797
0.0347611
0.0303079
0.0296335
0.023951
0.0184892
0.0264255
0.025017
0.0297217
0.0303233
0.0498335
0.0509792
0.0494342
0.0308798
0.0340527
0.0278307
0.024236
0.0262365
0.02447
0.0268147
0.0277434
0.0330452
0.0472082
0.100564
0.0660508
0.0401355
0.0311004
0.0292805
0.0246501
0.0252562
0.0262351
0.0259584
0.0302224
0.0333562
0.0503228
0.108564
0.0615439
0.0362488
0.0330923
0.0304207
0.0248043
0.0235627
0.0266208
0.0281935
0.0315407
0.0372019
0.0548181
0.0276813
0.0411082
0.0385042
0.0133325
0.0174648
0.0188773
0.0284893
0.0290899
0.0308334
0.0288389
0.0370297
0.054636
0.14262
0.060646
0.0456095
0.0352465
0.0259391
0.0262463
0.0263258
0.0301539
0.0259478
0.035655
0.0425683
0.0547825
0.0757259
0.0663376
0.0496761
0.0376206
0.0319897
0.0321532
0.029734
0.0286143
0.0290521
0.0148219
0.0392948
0.0592287
0.107996
0.0522075
0.0534202
0.0401605
0.027708
0.026798
0.0303737
0.0310763
0.0305546
0.0332358
0.0407122
0.0556253
0.10782
0.0472633
0.0527398
0.0481288
0.0230972
0.0353862
0.0277946
0.0195985
0.0307317
0.0358674
0.0408326
0.0389842
0.0904714
0.0687323
0.051111
0.0434514
0.0375961
0.0341382
0.0357306
0.0360812
0.0325024
0.0391445
0.0440265
0.0613898
0.0675804
0.0717738
0.0468786
0.0444765
0.0404403
0.0393791
0.0344867
0.0386484
0.036093
0.0482276
0.0551767
0.0730467
0.0982215
0.0726951
0.0552704
0.0436997
0.0325909
0.0336639
0.0344365
0.037702
0.0412018
0.0497013
0.0573558
0.0715372
0.100382
0.0688065
0.0848747
0.042916
0.0341089
0.0321417
0.0366062
0.0399631
0.0398644
0.0475697
0.0569368
0.0667991
0.0880137
0.0546905
0.0576408
0.0468052
0.0395097
0.0383231
0.040307
0.0407208
0.0415355
0.0450023
0.0494875
0.0641213
0.115405
0.0671984
0.0529582
0.0451456
0.0408857
0.0395325
0.0356075
0.0422147
0.0375757
0.0460513
0.0513034
0.0635289
0.11378
0.0806915
0.0549477
0.0447833
0.0362479
0.0348775
0.0398848
0.0361986
0.040059
0.0445833
0.0527996
0.0655002
