HCal_cfac = 
0.0905778
0.0507542
0.0343148
0.0273285
0.0189206
0.0285481
0.0271936
0.0316596
0.0318231
0.0330865
0.00326886
0.0183711
0.10279
0.0436156
0.0377707
0.0303904
0.0273319
0.028637
0.0190974
0.0106478
0.0124722
0.0371318
0.0387689
-0.00213155
0.10131
0.0272149
0.0285174
0.0308661
0.0264766
0.0246536
0.0110271
0.0163041
0.022998
0.0314791
0.0215767
0.0584519
0.0909321
0.0537112
0.0315306
0.0301369
0.0247071
0.0259392
0.0247316
0.0285378
0.0247372
0.0348447
0.0297998
0.0507404
0.0985435
0.0429666
0.0292441
0.0304739
0.0276048
0.0253031
0.0276889
0.0273159
0.0277772
0.0336907
0.0336959
0.0577759
0.0980104
0.0570777
0.0369574
0.0246617
0.0263934
0.0263878
0.0258837
0.0253021
0.0285534
0.0240539
0.036426
0.0489085
0.018284
0.0229236
0.0157796
0.0186435
0.0159865
0.0188927
0.0260977
0.0255023
0.027966
0.0313348
0.029158
0.0594541
0.100326
0.0670914
0.035666
0.0322357
0.0283322
0.0257813
0.0274448
0.024398
0.0299075
0.032969
0.0358498
0.05801
0.0907863
0.0499747
0.0370347
0.0317952
0.0298931
0.0232159
0.0197961
0.0262358
0.0248164
0.0311577
0.0292639
0.0566942
0.0501621
0.0554815
0.0304247
0.0356619
0.0290652
0.0247258
0.0268819
0.024562
0.0267332
0.0290965
0.0342698
0.0454517
0.113828
0.0741542
0.0429628
0.0304357
0.0290272
0.0239169
0.026279
0.0267822
0.027677
0.0301493
0.0394282
0.052714
0.109263
0.0574591
0.0354412
0.0290658
0.0312955
0.0251612
0.0227255
0.0262792
0.0269162
0.0328265
0.0376224
0.0533941
0.0260864
0.0404606
0.0385751
0.0133167
0.0228768
0.0223015
0.0289815
0.0283458
0.0308813
0.0277395
0.0371908
0.0582721
0.150838
0.064085
0.0505327
0.0361864
0.0234735
0.0272615
0.027077
0.0311247
0.0311396
0.0338371
0.0455026
0.0541642
0.0819
0.067966
0.0505132
0.0349423
0.0308846
0.0332099
0.0295908
0.0272485
0.0311544
0.0126533
0.037519
0.0605636
0.10602
0.0561476
0.0516907
0.0479931
0.032567
0.0246179
0.0299706
0.0321131
0.0319179
0.0330889
0.041642
0.0563257
0.112411
0.0476572
0.053546
0.0454101
0.0207188
0.0340837
0.0236831
0.0173296
0.031047
0.0353487
0.0433791
0.0377839
0.100031
0.0771688
0.0542564
0.0470684
0.0371833
0.0339142
0.0360682
0.034869
0.0346648
0.0387233
0.0465312
0.0589994
0.107456
0.0598648
0.0394516
0.0423801
0.0439121
0.0378359
0.0339292
0.0371124
0.0330056
0.0463468
0.0589608
0.0703037
0.137361
0.076112
0.0497242
0.0411085
0.0302265
0.0338848
0.0322217
0.032179
0.0409755
0.0547259
0.0561788
0.0670524
0.101959
0.0644586
0.0788952
0.0429923
0.0270624
0.0284952
0.0356976
0.0363031
0.0397547
0.0471416
0.0554157
0.0653883
0.0958871
0.0523596
0.0566829
0.0402855
0.0381248
0.0350365
0.0391249
0.0382617
0.0396852
0.0406979
0.0479308
0.062987
0.113823
0.0622597
0.0511893
0.0394133
0.0394495
0.0368139
0.0313874
0.035041
0.0338286
0.041932
0.0516065
0.0607393
0.102592
0.0692052
0.0496196
0.0394411
0.031698
0.0323278
0.0362958
0.0323962
0.0355893
0.0430679
0.058733
0.0617226
