HCal_cfac = 
           -nan,           -nan,              1,              1,       -0.01772,        0.02673,              1,              1,              1,           -nan,              1,              1,
        0.09648,        0.03016,        0.04116,        0.02835,        0.03534,         0.0302,        0.01839,        0.01417,        0.01106,        0.02365,          0.032,         0.1857,
           -nan,        0.02352,        0.03769,        0.02812,        0.02879,        0.02578,       0.006892,        0.01904,        0.01463,        0.03072,        0.01747,              1,
        0.07933,        0.03362,        0.01994,        0.03185,        0.02533,        0.02932,          0.028,        0.02767,        0.03412,         0.0334,        0.03757,           -nan,
         0.1996,        0.06419,        0.03268,        0.02376,        0.02212,        0.02817,        0.02075,        0.02586,        0.02228,         0.0277,        0.02981,              1,
        0.09299,        0.03409,        0.05613,        0.01511,        0.02342,        0.02294,        0.02478,        0.02659,        0.01977,        0.02552,         0.0434,              1,
        0.01874,        0.02674,         0.0174,         0.0202,        0.01607,        0.01633,        0.02869,        0.02037,        0.02344,        0.03754,         0.0294,           -nan,
        0.07083,        0.03442,        0.03112,        0.02689,        0.02755,        0.02479,        0.02358,        0.02671,        0.03039,        0.05004,        0.04491,           -nan,
        0.05895,         0.0401,        0.02727,        0.02648,        0.02199,        0.02235,        0.02451,        0.02608,        0.02519,        0.03442,        0.03742,              1,
        0.06783,        0.03405,         0.0202,        0.03152,        0.02582,        0.02356,        0.02256,        0.02322,        0.02504,        0.02067,        0.02741,              1,
        0.06789,        0.03444,        0.03796,        0.02625,        0.02526,        0.01939,         0.0222,         0.0224,        0.02821,        0.02912,         0.0439,              1,
         0.1092,        0.03629,        0.02603,        0.02707,        0.02383,         0.0295,        0.01985,        0.02443,        0.02289,        0.03599,        0.03983,           -nan,
        0.01747,          0.037,        0.02926,       0.009999,        0.01709,        0.01199,        0.02529,        0.03144,        0.02854,        0.01715,        0.03781,              1,
           -nan,        0.04238,         0.0372,          0.029,         0.0176,        0.02376,        0.02346,        0.03136,        0.01531,        0.03967,        0.03609,         0.0503,
        0.07861,        0.04541,        0.03187,        0.02589,         0.0248,        0.02782,        0.02398,        0.02035,        0.03093,         0.0121,        0.03104,           -nan,
         0.1088,         0.0435,        0.03014,        0.02058,        0.02179,        0.01551,        0.02512,        0.02213,         0.0301,        0.02235,        0.03771,              1,
        0.06434,         0.0328,        0.03531,        0.03177,        0.01533,        0.03359,        0.02676,        0.02071,        0.02757,        0.03511,        0.02901,       -0.01906,
        0.08565,        0.04532,        0.01649,        0.02976,        0.02851,        0.03494,        0.02559,         0.0277,        0.01507,        0.03517,         0.0352,              1,
         0.1415,         0.0434,        0.04921,        0.02074,        0.02601,        0.03011,        0.02356,        0.02656,        0.02739,        0.02902,        0.02161,              1,
        0.09564,        0.05193,        0.04125,        0.03792,        0.03026,        0.02268,        0.03029,        0.03013,         0.0247,        0.03219,        0.03885,              1,
        0.08762,        0.06439,         0.1124,        0.04652,        0.03315,        0.02436,        0.02343,        0.03004,        0.02354,        0.02484,        0.04456,           -nan,
        0.08317,        0.07069,        0.03851,        0.01609,        0.01972,         0.0317,         0.0266,        0.03348,        0.02954,        0.02636,        0.02723,              1,
        0.06159,        0.03648,        0.03271,        0.04047,        0.03688,        0.03887,        0.03706,        0.03819,        0.03029,        0.03316,        0.05148,              1,
         0.1147,         0.0974,        0.05239,        0.04113,        0.03524,        0.02044,        0.04192,        0.02824,        0.03321,        0.02621,        0.04942,           -nan
