#Target HV settings for run 1271.
#
#Row Col targetHV
0  0  5233.31
0  1  5203.14
0  2  5247.43
0  3  5110.19
0  4  7338.14
0  5  6289.44
0  6  6294.79
0  7  6506.09
0  8  5159.87
0  9  5078.66
0  10  5012.08
0  11  5199.53
1  0  5095.98
1  1  5125.38
1  2  5102.65
1  3  5046.9
1  4  7090.04
1  5  6104.02
1  6  7044.93
1  7  7720.59
1  8  5033.2
1  9  5211.47
1  10  5473.54
1  11  5705.27
2  0  5096.43
2  1  7274.24
2  2  5251.57
2  3  5154.04
2  4  7579.26
2  5  6629.98
2  6  7748.48
2  7  7737.42
2  8  5286.33
2  9  5201.93
2  10  4872.91
2  11  5141.86
3  0  5205.54
3  1  5146.25
3  2  5050.72
3  3  5317.76
3  4  6285.24
3  5  6268.2
3  6  6267.61
3  7  6689.45
3  8  5117.67
3  9  5165.78
3  10  5185.67
3  11  5252.52
4  0  5205.04
4  1  5291.82
4  2  5535.96
4  3  5247.67
4  4  5856.22
4  5  6465.25
4  6  6682.4
4  7  6831.51
4  8  5156.29
4  9  5241.52
4  10  5178.53
4  11  5486.96
5  0  5241.62
5  1  5162.09
5  2  5325.67
5  3  5197.59
5  4  7408.16
5  5  6256.97
5  6  6116.83
5  7  7125.79
5  8  6260.7
5  9  5304
5  10  5413.2
5  11  5175.63
6  0  5860.19
6  1  5471.56
6  2  5283.51
6  3  5716.95
6  4  7739.33
6  5  7737.95
6  6  6774.72
6  7  7617.35
6  8  5053.92
6  9  5138.53
6  10  5071.18
6  11  5159.8
7  0  5099.93
7  1  5175.82
7  2  5264.49
7  3  5083.87
7  4  6378.16
7  5  6126.97
7  6  5993.2
7  7  6464.03
7  8  5124.55
7  9  5212.03
7  10  5260.84
7  11  5265.55
8  0  5328.64
8  1  5082.42
8  2  5401.21
8  3  5128.13
8  4  7484.71
8  5  6125.76
8  6  7737.44
8  7  7393.26
8  8  4911.21
8  9  4971.76
8  10  5194.98
8  11  5407.05
9  0  5819.81
9  1  5332.03
9  2  6489.45
9  3  5661.55
9  4  5791.28
9  5  5887.84
9  6  6348.63
9  7  6559.52
9  8  5405.26
9  9  5155.19
9  10  5114.08
9  11  5184.42
10  0  5073.66
10  1  5209.04
10  2  5321.6
10  3  5243.59
10  4  5455.25
10  5  6079.34
10  6  6137.6
10  7  5897.31
10  8  5042.22
10  9  4906.56
10  10  5541.72
10  11  5479.87
11  0  5863.53
11  1  5054.29
11  2  5525.45
11  3  4994.16
11  4  6911.39
11  5  7372.84
11  6  7373.16
11  7  7217.98
11  8  5056.08
11  9  5173.87
11  10  5202.01
11  11  5180.91
12  0  4923.92
12  1  6227.86
12  2  5435.46
12  3  4718.31
12  4  7708.35
12  5  7448
12  6  7446.33
12  7  6945.74
12  8  5069.48
12  9  5202.01
12  10  5247.53
12  11  5251.15
13  0  5118.75
13  1  5159.2
13  2  5233.64
13  3  5148.91
13  4  6137.17
13  5  7745.57
13  6  5814.02
13  7  6556.88
13  8  5166.85
13  9  5156.75
13  10  5219.59
13  11  5363.92
14  0  5591.41
14  1  5213.94
14  2  5247.73
14  3  5318.14
14  4  6891.67
14  5  6079.66
14  6  6902.3
14  7  6732.04
14  8  5273.27
14  9  5455.92
14  10  5127.23
14  11  5152.73
15  0  5174.39
15  1  5470.18
15  2  5036.5
15  3  5258.33
15  4  6823.61
15  5  7183.59
15  6  6030.8
15  7  6450.63
15  8  5409.66
15  9  5358.13
15  10  5286.2
15  11  5317.38
16  0  5339.12
16  1  5289.18
16  2  5254.77
16  3  5258.26
16  4  7750.97
16  5  6225.88
16  6  7594.12
16  7  7737.95
16  8  5102.07
16  9  5328.58
16  10  5131.67
16  11  6119.95
17  0  5356.19
17  1  5529.22
17  2  5117.74
17  3  5384.86
17  4  6615.94
17  5  6011.91
17  6  5715.77
17  7  7701.25
17  8  5294.75
17  9  5481.06
17  10  5437.26
17  11  5722.18
18  0  5102.18
18  1  5620.56
18  2  4803.48
18  3  5242.9
18  4  7249.13
18  5  7111.65
18  6  6637.22
18  7  6553.51
18  8  5113.04
18  9  5240.7
18  10  5168.62
18  11  5802.91
19  0  5064.73
19  1  5135.36
19  2  5213.96
19  3  5326.44
19  4  7263.12
19  5  6855.87
19  6  6784.77
19  7  8370.41
19  8  5278.16
19  9  5154.39
19  10  5265.32
19  11  5465.08
20  0  5620.56
20  1  5314.56
20  2  4959.32
20  3  5428.08
20  4  7716.84
20  5  5681.16
20  6  7434
20  7  7478.19
20  8  5096.49
20  9  5152.77
20  10  5116.72
20  11  5616.21
21  0  5655.54
21  1  5255.73
21  2  4934.7
21  3  4980.42
21  4  6373.25
21  5  5226.63
21  6  5620.56
21  7  6619.46
21  8  5100.01
21  9  5026.15
21  10  5248.62
21  11  5029.57
22  0  5683.87
22  1  5019.11
22  2  5015.6
22  3  4998.01
22  4  6247.07
22  5  5149.25
22  6  7424.78
22  7  7460.08
22  8  4973.39
22  9  4945.82
22  10  5156.29
22  11  4990.98
23  0  5240.7
23  1  5476.36
23  2  5177.39
23  3  5216.08
23  4  6222.01
23  5  5768.29
23  6  6545.6
23  7  7649.64
23  8  4945.27
23  9  5152.77
23  10  5233.95
23  11  5416.74
