HCal_cfac = 
              1,              1,              1,           -nan,              1,              1,        0.01849,        0.01886,        0.01746,        -0.0415,           -nan,           -nan,
        0.04262,          0.111,        0.04181,        0.06126,         0.1158,        0.07861,        0.03506,       0.002957,        0.04108,        0.04998,        0.01029,       0.008604,
          0.128,        0.04424,        0.04586,          0.106,        0.07005,        0.07176,        0.03953,        0.04658,        0.03564,        0.03431,        0.02894,        0.09447,
         0.1377,         0.1174,        0.07631,        0.09229,        0.05139,        0.09396,        0.06613,        0.07673,        0.05197,        0.04007,        0.03636,        0.01073,
         0.1126,         0.1114,         0.1099,        0.06436,         0.1014,        0.07566,        0.08695,        0.08662,        0.06314,        0.05525,        0.02415,           -nan,
         0.1684,        0.09202,        0.07747,        0.06141,          0.118,        0.06754,        0.07701,        0.09299,        0.06131,        0.05738,        0.02833,        0.06615,
       0.002539,        0.04603,        0.04383,        0.03011,          0.057,        0.02876,         0.0771,        0.08872,        0.05892,         0.0545,        0.06803,              1,
        0.04362,        0.06481,        0.05703,        0.03976,        0.07543,        0.05994,        0.05347,        0.07315,         0.0129,        0.04315,        0.08318,           -nan,
         0.1606,         0.1069,        0.04215,         0.1052,        0.09999,        0.03572,        0.07813,        0.08138,        0.06738,         0.0785,         0.0434,        0.06798,
        0.06267,         0.1167,        0.05451,        0.07352,         0.1038,        0.07525,        0.06518,        0.07886,        0.01936,        0.02965,          0.027,        -0.0695,
         0.1599,          0.147,          0.106,        0.08273,        0.08789,        0.07782,        0.06924,        0.05951,        0.07733,        0.06518,        0.01019,       -0.01997,
         0.1463,        0.06147,        0.05565,       0.009228,        0.09049,        0.04362,       0.007454,        0.05372,        0.03154,        0.02326,        0.07713,         0.0522,
        0.03035,        0.06726,        0.08663,       0.005853,        0.05056,        0.05827,         0.0958,        0.09776,        0.07987,         0.0902,        0.09354,        0.04635,
         0.1672,         0.1416,        0.09728,        0.07932,         0.0961,        0.08094,        0.08042,        0.09981,        0.06201,        0.08817,        0.08293,        0.03613,
        0.01389,        0.04658,        0.03832,        0.01948,         0.1094,          0.088,        0.07149,        0.04989,        0.03092,       0.002521,         0.1102,           -nan,
        0.09619,         0.1349,         0.1046,        0.08085,        0.04223,        0.06785,         0.0989,         0.1014,         0.0936,         0.1044,        0.09447,       0.005107,
          0.161,        0.03426,        0.09295,        0.08105,          0.109,        0.04787,        0.08823,        0.04636,        0.07722,        0.08063,        0.08965,        0.04831,
         0.1457,         0.1442,        0.07971,        0.06419,        0.09389,        0.08928,        0.07147,        0.06131,          0.102,        0.08139,         0.1074,         0.1303,
         0.1969,         0.1063,        0.07885,        0.08535,        0.07335,        0.07782,        0.08803,         0.1022,        0.05878,          0.112,         0.1019,        0.03224,
         0.1649,         0.1047,        0.09568,        0.07609,          0.114,         0.0882,         0.1064,        0.07988,        0.07828,        0.09258,        0.08668,        0.08161,
         0.1171,        0.09524,         0.1491,         0.0512,         0.1057,        0.07131,        0.07379,        0.09536,        0.06516,         0.1027,         0.0353,         0.1232,
          0.124,        0.07915,         0.1081,        0.06121,        0.05256,        0.08738,        0.09924,        0.08639,        0.07969,          0.078,        0.07289,         0.0249,
          0.186,        0.09518,         0.1086,        0.08182,        0.07608,        0.05053,        0.08126,        0.07646,        0.07004,        0.07252,        0.07979,           -nan,
         0.1729,        0.08202,        0.03077,        0.02446,        0.05646,        0.04888,        0.08112,         0.0218,        0.03107,        0.06806,        0.06093,           -nan
