#Target HV settings for run 1683 from cosCal_v3 on Tue Apr 20 21:37:34 2021
#
#Row Col targetHV
0  0  1450.61  
0  1  1459.3  
0  2  1448.15  
0  3  1428.81  
0  4  1984.74  
0  5  1686.29  
0  6  1713.34  
0  7  1723.89  
0  8  1447.89  
0  9  1382.74  
0  10  1399.91  
0  11  1455.03  
1  0  1417.44  
1  1  1428.24  
1  2  1403.66  
1  3  1403.79  
1  4  1925.71  
1  5  1654.04  
1  6  1933.93  
1  7  2369.68  
1  8  1406.22  
1  9  1464.81  
1  10  1548.44  
1  11  1586.32  
2  0  1417.15  
2  1  1590.41  
2  2  1479.96  
2  3  1414.78  
2  4  2100.34  
2  5  1765.45  
2  6  2357.51  
2  7  2377.24  
2  8  1486.1  
2  9  1462.52  
2  10  1590.25  
2  11  1431.67  
3  0  1467.8  
3  1  1436.79  
3  2  1413.12  
3  3  1489.84  
3  4  1776.87  
3  5  1651.08  
3  6  1632.72  
3  7  1826.33  
3  8  1424.55  
3  9  1449.16  
3  10  1243.34  
3  11  1472.51  
4  0  1462.97  
4  1  1493.61  
4  2  1525.55  
4  3  1443.67  
4  4  1605.36  
4  5  1771.9  
4  6  1775.9  
4  7  1900.17  
4  8  1453.74  
4  9  1458.06  
4  10  1370.88  
4  11  1505.06  
5  0  1469.85  
5  1  1436.05  
5  2  1442.76  
5  3  1446.02  
5  4  2040.71  
5  5  1636.67  
5  6  1676.53  
5  7  1896.87  
5  8  1751.72  
5  9  1480.23  
5  10  1523.42  
5  11  1457.71  
6  0  1723.06  
6  1  1652.87  
6  2  1592.65  
6  3  1737.78  
6  4  2383.79  
6  5  2561.6  
6  6  1792.67  
6  7  2084.41  
6  8  1393.32  
6  9  1442.64  
6  10  1456.01  
6  11  1469.59  
7  0  1442.98  
7  1  1428.58  
7  2  1461.49  
7  3  1430.6  
7  4  1735.51  
7  5  1676.44  
7  6  1600.4  
7  7  1778.7  
7  8  1418.47  
7  9  1474.41  
7  10  1462.51  
7  11  1497.88  
8  0  1482.57  
8  1  1423.21  
8  2  1507.51  
8  3  1425.11  
8  4  1927.56  
8  5  1747.08  
8  6  1834.51  
8  7  1993.4  
8  8  1413.72  
8  9  1344.38  
8  10  1437.33  
8  11  1486.44  
9  0  1659.24  
9  1  1504.32  
9  2  1418.15  
9  3  1428.6  
9  4  1484.08  
9  5  935.734  
9  6  1651.66  
9  7  1731.62  
9  8  1394.58  
9  9  1447.92  
9  10  1410.9  
9  11  1474.67  
10  0  1437.06  
10  1  1455.53  
10  2  1484.84  
10  3  1470.58  
10  4  1499.46  
10  5  1681.16  
10  6  1590.34  
10  7  1591.43  
10  8  1389.99  
10  9  1385.05  
10  10  1604.24  
10  11  1449.84  
11  0  1519.22  
11  1  1429.91  
11  2  1484.74  
11  3  1403.54  
11  4  1807.08  
11  5  1939.55  
11  6  1961.16  
11  7  2099.21  
11  8  1448.17  
11  9  1429.33  
11  10  1461.55  
11  11  1506.21  
12  0  1575.83  
12  1  1546.62  
12  2  1522.99  
12  3  1540.54  
12  4  2438.02  
12  5  2005.82  
12  6  2107.21  
12  7  1908.11  
12  8  1409.45  
12  9  1462.8  
12  10  1467.12  
12  11  1504.53  
13  0  1424.63  
13  1  1440.22  
13  2  1455.93  
13  3  1415.94  
13  4  1645.2  
13  5  2115.98  
13  6  1586.12  
13  7  1723.92  
13  8  1445.07  
13  9  1414.73  
13  10  1454.24  
13  11  1527.31  
14  0  1555.19  
14  1  1459.47  
14  2  1590.7  
14  3  1481.27  
14  4  1808.42  
14  5  1637.99  
14  6  1846.53  
14  7  1853.89  
14  8  1461.99  
14  9  1705.56  
14  10  1436.74  
14  11  1529.82  
15  0  1451.47  
15  1  1492.61  
15  2  1395.4  
15  3  1469.72  
15  4  1845.81  
15  5  1923.51  
15  6  1253.69  
15  7  1785.19  
15  8  1503.15  
15  9  1555.82  
15  10  1478.57  
15  11  1411.18  
16  0  1483.77  
16  1  1477.47  
16  2  1448.46  
16  3  1475.96  
16  4  2195.11  
16  5  1514.47  
16  6  2148.48  
16  7  2274.81  
16  8  1422.44  
16  9  1512.71  
16  10  1435.52  
16  11  1586.31  
17  0  1509.02  
17  1  1527.59  
17  2  1429.48  
17  3  1503.82  
17  4  1751.21  
17  5  1642.63  
17  6  1535.57  
17  7  1018.98  
17  8  1409.79  
17  9  1451.62  
17  10  1419.23  
17  11  1554.77  
18  0  1259.86  
18  1  1571.01  
18  2  1286.7  
18  3  1474.14  
18  4  1616.55  
18  5  2109.23  
18  6  1746.84  
18  7  1653.15  
18  8  1408.3  
18  9  1467.77  
18  10  1404.15  
18  11  1636.77  
19  0  1447.75  
19  1  1380.75  
19  2  1445.72  
19  3  1488.23  
19  4  1973.71  
19  5  1843.69  
19  6  1849.96  
19  7  2257.41  
19  8  1471.86  
19  9  1277.18  
19  10  1479.71  
19  11  1442.03  
20  0  1550.25  
20  1  1491.27  
20  2  1384.13  
20  3  1511.59  
20  4  2110.54  
20  5  1651.13  
20  6  2125.22  
20  7  1926.14  
20  8  1423.81  
20  9  1436.4  
20  10  1458.93  
20  11  1804.28  
21  0  1596.32  
21  1  1479.89  
21  2  1372.37  
21  3  1387.55  
21  4  1612.84  
21  5  1497.9  
21  6  1565.4  
21  7  1817.69  
21  8  1433.23  
21  9  1419.34  
21  10  1409.34  
21  11  1498.92  
22  0  1596.42  
22  1  1412.38  
22  2  1391.3  
22  3  1413.15  
22  4  1784.26  
22  5  777.6  
22  6  1951.69  
22  7  2220.14  
22  8  1376.65  
22  9  1388.08  
22  10  1536.03  
22  11  1477.17  
23  0  1492.39  
23  1  1467.25  
23  2  1442.83  
23  3  1468.43  
23  4  1584.38  
23  5  1503.22  
23  6  1617.85  
23  7  1724.95  
23  8  1465.07  
23  9  1423.38  
23  10  1413  
23  11  1718.89  
