#Target HV settings for run 207 from hcal_gain_match.C on Wed Sep  1 22:50:49 2021
#
#Row Col targetHV
0 0 1686.66
0 1 1687.34
0 2 1706.67
0 3 1666.85
0 4 3638.49
0 5 2882.12
0 6 2823.26
0 7 3142.64
0 8 1669.11
0 9 1657.51
0 10 1620.36
0 11 1687.78
1 0 1648.6
1 1 1669.67
1 2 1654.77
1 3 1629.66
1 4 3428.7
1 5 2914.13
1 6 3267.48
1 7 3627.98
1 8 1628.31
1 9 1690.86
1 10 1785.52
1 11 1836.5
2 0 1645.43
2 1 1816.54
2 2 1704.84
2 3 1642.8
2 4 3508.01
2 5 3013.08
2 6 3659.23
2 7 3708.16
2 8 1714.27
2 9 1733.39
2 10 1824.77
2 11 1660.6
3 0 1689.85
3 1 1658.18
3 2 1645.23
3 3 1711.55
3 4 3004.12
3 5 2996.14
3 6 2993.88
3 7 3097.33
3 8 1656.45
3 9 1674.15
3 10 1678.91
3 11 1702.51
4 0 1680.2
4 1 1717.36
4 2 1801.35
4 3 1700.67
4 4 2719.66
4 5 2954.6
4 6 3255.78
4 7 3311.83
4 8 1665.25
4 9 1699.54
4 10 1677.48
4 11 1783.93
5 0 1690.4
5 1 1664.5
5 2 1732.51
5 3 1696.76
5 4 3529.28
5 5 2866.5
5 6 2844.89
5 7 3406.63
5 8 1721.26
5 9 1727.31
5 10 1765.16
5 11 1674.87
6 0 1840
6 1 1738.34
6 2 1842.64
6 3 1747.81
6 4 3701.21
6 5 3792.11
6 6 3047.14
6 7 3918.02
6 8 1623.77
6 9 1660.76
6 10 1659.66
6 11 1678.88
7 0 1657.22
7 1 1680.83
7 2 1704.76
7 3 1658.96
7 4 2962.13
7 5 2833.24
7 6 3013.72
7 7 3279.01
7 8 1664.12
7 9 1699.8
7 10 1709.01
7 11 1695.96
8 0 1734.39
8 1 1648.74
8 2 1745.47
8 3 1647.57
8 4 3756.74
8 5 3245.45
8 6 3570.56
8 7 3840.55
8 8 1630.29
8 9 1643.91
8 10 1686.07
8 11 1696.13
9 0 1792.91
9 1 1736.46
9 2 1665.08
9 3 1662.39
9 4 2690.07
9 5 2832.1
9 6 3182
9 7 3239.58
9 8 1593.29
9 9 1681.65
9 10 1643.58
9 11 1699.61
10 0 1662.91
10 1 1683.57
10 2 1730.52
10 3 1686.88
10 4 2538.06
10 5 2837.29
10 6 3098.47
10 7 3254.25
10 8 1610.79
10 9 1577.48
10 10 1716.65
10 11 1773.58
11 0 1740.06
11 1 1638.2
11 2 1687.58
11 3 1650.4
11 4 3154.71
11 5 3143.21
11 6 3467.06
11 7 4122.24
11 8 1679.68
11 9 1678.11
11 10 1681.45
11 11 1678.43
12 0 1818.88
12 1 1802.35
12 2 1751.9
12 3 1782.91
12 4 3608.08
12 5 3383.42
12 6 3317.83
12 7 3118.72
12 8 1634.82
12 9 1670.36
12 10 1694.7
12 11 1692.95
13 0 1649.98
13 1 1657.18
13 2 1679.6
13 3 1660.96
13 4 2811.32
13 5 3721.47
13 6 2666.63
13 7 3124.4
13 8 1659.79
13 9 1660.41
13 10 1677.78
13 11 1732.5
14 0 1802
14 1 1676.74
14 2 1693.39
14 3 1719.77
14 4 3184.71
14 5 2808.49
14 6 3625.67
14 7 3182.38
14 8 1681.41
14 9 1930.84
14 10 1650.2
14 11 1659.47
15 0 1670.83
15 1 1749.81
15 2 1621.32
15 3 1694.75
15 4 3233.46
15 5 3374.12
15 6 2730.5
15 7 3156.64
15 8 1740.14
15 9 1729.35
15 10 1694.52
15 11 1643.42
16 0 1764.76
16 1 1706.15
16 2 1700.07
16 3 1691.81
16 4 3575.73
16 5 10342
16 6 4022.29
16 7 3714.85
16 8 1628.7
16 9 1729.42
16 10 1656.72
16 11 1991.8
17 0 1723.37
17 1 1899.54
17 2 1652.91
17 3 1738.66
17 4 3243.23
17 5 2808.6
17 6 2696.46
17 7 3494.69
17 8 1615.17
17 9 1658.93
17 10 1621.58
17 11 1750.58
18 0 1636.9
18 1 1798.82
18 2 1617.72
18 3 1682.68
18 4 2727.87
18 5 3534.59
18 6 3107.5
18 7 2861.59
18 8 1593.07
18 9 1696.13
18 10 1652.75
18 11 1879.97
19 0 1673.47
19 1 1611.07
19 2 1683.85
19 3 1724.88
19 4 3411.61
19 5 3209.02
19 6 3195
19 7 3877.13
19 8 1714.11
19 9 1661.38
19 10 1704.47
19 11 1779.56
20 0 1805.06
20 1 1712.05
20 2 1588.39
20 3 1713.2
20 4 3769.72
20 5 2757.69
20 6 3795.21
20 7 3662.92
20 8 1648.89
20 9 1668.85
20 10 1670.84
20 11 1831.9
21 0 1817.66
21 1 1687.22
21 2 1592.06
21 3 1621.13
21 4 3025.99
21 5 2371.05
21 6 2665.56
21 7 3119.96
21 8 1639.45
21 9 1612.47
21 10 1652.88
21 11 1620.79
22 0 1868.04
22 1 1615.29
22 2 1613.29
22 3 1620.13
22 4 3123.46
22 5 2372.74
22 6 3610.69
22 7 3298.19
22 8 1598.48
22 9 1606.16
22 10 1653.91
22 11 1614.58
23 0 1711.87
23 1 1785.72
23 2 1694.94
23 3 1687.78
23 4 2856.66
23 5 2710.75
23 6 3552.21
23 7 3622.78
23 8 1651.59
23 9 1656.92
23 10 1672.75
23 11 1758.43
