#Target HV settings for run 207 from hcal_gain_match.C on Wed Sep 15 17:24:51 2021
#
#Row Col targetHV Error
0 0 1479.43 Good 
0 1 1456.65 Good
0 2 1463.12 Good
0 3 1428.52 Good
0 4 1 Big_error +0
0 5 1681.71 Good
0 6 1629.26 Good
0 7 1672.06 Good
0 8 1434.06 Good
0 9 1410.35 Good
0 10 1380.1 Good
0 11 1451.15 Good
1 0 1433.05 Good
1 1 1419.1 Good
1 2 1422.13 Good
1 3 1396.81 Good
1 4 1813.55 Good
1 5 1583.28 Good
1 6 1 Big_error -50
1 7 2056.97 Good -50
1 8 1 Big_error -50
1 9 1457.77 Good 
1 10 1512.42 Good
1 11 1 Big_error -50
2 0 1423.22 Good
2 1 1548.23 Good 
2 2 1452.95 Good
2 3 1398.48 Good
2 4 1905.95 Good
2 5 1703.57 Good
2 6 2260.48 Good -50
2 7 1901.18 Good -50
2 8 1424.39 Good
2 9 1413.61 Good
2 10 1 Wide -50
2 11 1408.57 Good
3 0 1437.94 Good
3 1 1411.39 Good
3 2 1381.11 Good
3 3 1444.21 Good
3 4 1556.72 Good
3 5 1561.4 Good
3 6 1552.53 Good
3 7 1659.17 Good
3 8 1392.94 Good
3 9 1404.45 Good
3 10 1420.13 Good
3 11 1416.02 Good
4 0 1436.5 Good
4 1 1436.7 Good
4 2 1501.39 Good
4 3 1431.92 Good
4 4 1460.63 Good
4 5 1585.59 Good
4 6 1664.88 Good
4 7 1697.52 Good
4 8 1420.94 Good
4 9 1421.68 Good
4 10 1408.76 Good
4 11 1486.09 Good
5 0 1439.1 Good
5 1 1401.52 Good
5 2 1439.19 Good
5 3 1417.94 Good
5 4 1766.92 Good
5 5 1549.49 Good
5 6 1540.38 Good
5 7 1728.48 Good
5 8 1392 Good
5 9 1418.75 Good
5 10 1452.86 Good
5 11 1411.55 Good
6 0 1614.35 Good +50
6 1 1511.36 Good +50
6 2 1 Wide -50
6 3 1511.76 Good
6 4 1917.23 Good
6 5 2300.19 Good
6 6 1627.48 Good
6 7 1808.17 Good
6 8 1384.36 Good
6 9 1394.48 Good
6 10 1403.12 Good
6 11 1457.59 Good
7 0 1396.37 Good
7 1 1400.67 Good
7 2 1424.67 Good
7 3 1381.73 Good
7 4 1553.3 Good
7 5 1513.35 Good
7 6 1433.59 Good
7 7 1596.01 Good
7 8 1397.61 Good
7 9 1419.16 Good
7 10 1432.82 Good
7 11 1500.34 Good
8 0 1447.85 Good
8 1 1385.11 Good
8 2 1459.67 Good
8 3 1394.2 Good
8 4 1680.46 Good
8 5 1573.96 Good
8 6 1894.87 Good
8 7 1760.46 Good
8 8 1381.36 Good
8 9 1378.97 Good
8 10 1424.94 Good
8 11 1424.06 Good
9 0 1547.81 Good
9 1 1438.55 Good
9 2 1403.16 Good
9 3 1388.99 Good
9 4 1454.11 Good
9 5 1474.97 Good
9 6 1525.72 Good
9 7 1606.83 Good
9 8 1355.66 Good
9 9 1438.35 Good
9 10 1407.73 Good
9 11 1420.57 Good
10 0 1407 Good
10 1 1431.26 Good
10 2 1428.09 Good
10 3 1439.12 Good
10 4 1361.47 Good
10 5 1534.08 Good
10 6 1505.12 Good
10 7 1417.53 Good
10 8 1378.44 Good
10 9 1354.28 Good
10 10 1486.28 Good
10 11 1497.62 Good
11 0 1455.61 Good
11 1 1374.01 Good
11 2 1425.92 Good
11 3 1478.18 Good
11 4 1668.55 Good
11 5 1679.4 Good
11 6 1605.99 Good
11 7 1619.69 Good
11 8 1412.08 Good
11 9 1416.56 Good
11 10 1418.57 Good
11 11 1415.91 Good
12 0 1524.73 Good -50
12 1 1504.03 Good -50
12 2 1500.26 Good
12 3 1484.51 Good -50
12 4 2288.7 Good
12 5 1943.82 Good
12 6 1899.34 Good
12 7 1784.69 Good
12 8 1393.17 Good
12 9 1435.06 Good
12 10 1457.35 Good
12 11 1450.66 Good
13 0 1408.27 Good
13 1 1404.92 Good
13 2 1447.96 Good
13 3 1405.09 Good
13 4 1537.93 Good
13 5 1926.65 Good
13 6 1463.85 Good
13 7 1658.32 Good
13 8 1416.6 Good
13 9 1418.5 Good
13 10 1438.09 Good
13 11 1475.09 Good
14 0 1506.94 Good
14 1 1409.79 Good
14 2 1414.31 Good
14 3 1450.01 Good
14 4 1654.23 Good
14 5 1436.09 Good
14 6 1621.28 Good
14 7 1653.85 Good
14 8 1416.11 Good
14 9 1 Wide -50
14 10 1400.42 Good
14 11 1391.54 Good
15 0 1411.25 Good
15 1 1442.79 Good
15 2 1384.34 Good
15 3 1427 Good
15 4 1591.2 Good
15 5 1641.71 Good
15 6 1473.97 Good
15 7 1555.21 Good
15 8 1467.58 Good
15 9 1452.74 Good
15 10 1438.37 Good
15 11 1405.13 Good
16 0 1446.98 Good
16 1 1416.66 Good
16 2 1437.63 Good
16 3 1430.09 Good
16 4 1833.86 Good
16 5 914.59 Good
16 6 1686.98 Good
16 7 1934.78 Good
16 8 1387.81 Good
16 9 1448.04 Good
16 10 1392.3 Good
16 11 1 Wide -50
17 0 1457 Good
17 1 1449.89 Good
17 2 1389.24 Good
17 3 1464.87 Good
17 4 1536.64 Good
17 5 1397.62 Good
17 6 1412.44 Good
17 7 1764.06 Good
17 8 1364.75 Good
17 9 1415.98 Good
17 10 1382.18 Good
17 11 1469.35 Good
18 0 1411.63 Good
18 1 1514.16 Good
18 2 1375.95 Good
18 3 1424.77 Good
18 4 1428.84 Good
18 5 1615.21 Good
18 6 1475.15 Good
18 7 1487.83 Good
18 8 1341 Good
18 9 1410.82 Good
18 10 1397.98 Good
18 11 1 Wide -100
19 0 1421.14 Good
19 1 1354.58 Good
19 2 1422.29 Good
19 3 1434.04 Good
19 4 1739.02 Good
19 5 1564.29 Good
19 6 1596.31 Good
19 7 1974.71 Good
19 8 1418.42 Good
19 9 1394.14 Good
19 10 1418.64 Good
19 11 1440.35 Good
20 0 1509.34 Good
20 1 1430.25 Good
20 2 1465.44 Good
20 3 1471.55 Good
20 4 1767.87 Good
20 5 1394.46 Good
20 6 1724.38 Good
20 7 1813.48 Good
20 8 1394.65 Good
20 9 1464.89 Good
20 10 1420.41 Good
20 11 1 Wide -100
21 0 1502.47 Good
21 1 1411.29 Good
21 2 1357.58 Good
21 3 1359.97 Good
21 4 1570.86 Good
21 5 1320.24 Good
21 6 1391.2 Good
21 7 1579.09 Good
21 8 1404.05 Good
21 9 1385.47 Good
21 10 1389.88 Good
21 11 1354.04 Good
22 0 1540.8 Good
22 1 1377.04 Good
22 2 1373.76 Good
22 3 1379.24 Good
22 4 1558.4 Good
22 5 1320.03 Good
22 6 1723.11 Good
22 7 1824.59 Good
22 8 1367.49 Good
22 9 1377.21 Good
22 10 1414.44 Good
22 11 1370.03 Good
23 0 1438.36 Good
23 1 1492.87 Good
23 2 1436.59 Good
23 3 1440.52 Good
23 4 1586.14 Good
23 5 1458.09 Good
23 6 1687.42 Good
23 7 2040.42 Good
23 8 1425.08 Good
23 9 1411.95 Good
23 10 1417.73 Good
23 11 1458.72 Good
