HCal_ratio = 
1
1
1
1
1
1
1
1
1
1
1
1
1
0.0441101
0.0476242
0.0415232
0.0383771
0.0276062
0.0231301
0.00892155
0.016376
0.0304511
0.0421294
1
1
0.0263178
0.0295609
0.0354281
0.0308214
0.0277137
0.0121127
0.0192855
0.0224358
0.0324143
0.0236965
1
1
0.0552498
0.0323944
0.0335602
0.0278929
0.0252596
0.0196156
0.0304743
0.0248441
0.0198981
0.0362899
1
1
0.0290772
0.0364073
0.0179015
0.023058
0.025328
0.0235572
0.0287076
0.0244955
0.0299037
0.0176723
1
1
0.0398817
0.0279034
0.0267189
0.0302021
0.0301217
0.020068
0.0276655
0.0226323
0.0219515
0.0263895
1
1
0.0372872
0.0258591
0.020174
0.0123117
0.0167995
0.0262236
0.0234614
0.0229439
0.0284233
0.0303402
1
1
0.0354179
0.0250707
0.026733
0.0236664
0.0275683
0.0266089
0.0270573
0.0285734
0.0430521
0.0334734
1
1
0.0485915
0.0308227
0.0276253
0.0269792
0.0255152
0.0181462
0.0275109
0.0240362
0.0347586
0.0307664
1
1
0.0320338
0.0224643
0.0353209
0.0260022
0.0227855
0.0223402
0.0247953
0.0288011
0.0269234
0.0304171
1
1
0.0319841
0.0290213
0.0292098
0.0237068
0.0227194
0.0266843
0.0285832
0.0262008
0.0338132
0.0195866
1
1
0.0445361
0.0244955
0.0315913
0.0248922
0.0258923
0.0163584
0.0236719
0.0183304
0.0381555
0.0430124
1
1
0.0405392
0.0240125
0.0134414
0.0201218
0.0135961
0.0274917
0.0290322
0.0359818
0.020647
0.0402061
1
1
0.0328174
0.0379725
0.0276954
0.0222961
0.0242428
0.02001
0.0287281
0.0323087
0.0324899
0.0441988
1
1
0.0370361
0.0273407
0.0317999
0.0222136
0.0292513
0.0272903
0.0236982
0.0364695
0.0155455
0.0344873
1
1
0.019192
0.0354257
0.0256132
0.0173629
0.0232357
0.0311996
0.0293698
0.0250391
0.0244931
0.0380278
1
1
0.0265934
0.0254304
0.0389089
0.0133965
0.0270443
0.0230069
0.0140555
0.0279549
0.0258208
0.0483334
1
1
0.0222865
0.0308849
0.0317623
0.0394317
0.0208087
0.0273442
0.0263755
0.0264139
0.0286919
0.0344062
1
1
0.056033
0.0317517
0.0287413
0.0293316
0.0311341
0.0257121
0.0270755
0.025658
0.0288132
0.0386195
1
1
0.0647735
0.0258136
0.035514
0.0225329
0.0245478
0.0316783
0.0299309
0.0240394
0.0328971
0.0408675
1
1
0.0820322
0.0926209
0.0271341
0.0333701
0.0225879
0.0280587
0.0294617
0.0295522
0.0345178
0.0345884
1
1
0.0626275
0.0410392
0.0423475
0.0274176
0.0288869
0.0346951
0.0245366
0.0250699
0.0267812
0.0309456
1
1
0.0684608
0.035806
0.0247729
0.0317384
0.0292758
0.039794
0.0413754
0.0334458
0.0342389
0.035674
1
1
1
1
1
1
1
1
1
1
1
1
1
