#All information for run 1288.
#Row Col LED <Max> <Int> NPE
For row 12 and col 0, pedestal is 237.872
12  0  1  108.306  594.56  91.4539
12  0  2  242.77  1502.89  182.208
12  0  3  493.894  3159.18  334.224
12  0  4  1060.88  7596.86  669.667
12  0  5  2342.7  20976.9  1420.19
For row 12 and col 1, pedestal is 194.059
12  1  1  20.5547  98.0292  23.6413
12  1  2  204.394  1242.65  152.023
12  1  3  729.626  4505.28  413.695
12  1  4  937.098  6444.03  559.686
12  1  5  1230.18  10600.7  804.287
For row 12 and col 2, pedestal is 214.535
12  2  1  57.1319  319.829  78.0474
12  2  2  144.022  896.406  201.682
12  2  3  298.582  1848.9  345.531
12  2  4  699.545  4848.9  660.777
12  2  5  1655.06  14386.9  965.482
For row 12 and col 3, pedestal is 215.667
12  3  1  156.637  935.391  97.7581
12  3  2  378.84  2294.8  208.592
12  3  3  505.743  3365.52  267.148
12  3  4  1712.69  10696.2  668.61
For row 12 and col 4, pedestal is 231.208
12  4  1  39.9428  236.916  100.684
12  4  2  69.0217  430.354  106.634
12  4  3  156.633  1084.55  233.198
12  4  4  589.665  3762.13  673.195
12  4  5  1498.36  10703.5  1527.22
For row 12 and col 5, pedestal is 207.066
12  5  1  102.726  692.958  67.486
12  5  2  188.519  1277.39  136.391
12  5  3  358.129  2569.92  248.591
12  5  4  958.023  6289.83  626.684
12  5  5  3481.7  25496.8  1303.04
For row 12 and col 6, pedestal is 203.25
12  6  1  78.173  578.892  109.762
12  6  2  134.781  851.473  137.448
12  6  3  228.71  1694.08  218.839
12  6  4  385.323  3746.01  470.862
12  6  5  1234.04  9666.64  1003.53
For row 12 and col 7, pedestal is 195.351
12  7  1  43.3464  291.391  57.2743
12  7  2  74.1136  378.378  96.9388
12  7  3  157.624  1095.55  201.25
12  7  4  222.004  1942.61  285.777
12  7  5  825.598  6398.81  827.4
For row 12 and col 8, pedestal is 233.965
12  8  1  83.8972  451.472  73.0461
12  8  2  184.391  1107.07  143.107
12  8  3  571.833  3817.9  385.807
12  8  4  709.093  6059.09  510.848
12  8  5  2228.73  15944.2  1131.08
For row 12 and col 9, pedestal is 229.604
12  9  1  123.967  691.583  102.316
12  9  2  296.652  1685.11  225.675
12  9  3  469.222  2798.12  344.198
12  9  4  679.816  4357.52  462.422
12  9  5  1626.53  11650.5  978.157
For row 12 and col 10, pedestal is 213.922
12  10  1  103.103  561.569  95.1781
12  10  2  231.64  1349.46  202.035
12  10  3  353.919  2148.75  303.7
12  10  4  668.157  4329.62  484.018
12  10  5  1212.85  8821.37  832.12
For row 12 and col 11, pedestal is 183.692
12  11  1  129.904  722.247  93.5426
12  11  2  273.493  1582.01  169.772
12  11  3  473.178  2878.29  249.939
12  11  4  959.736  6254.12  399.842
12  11  5  1372.92  10107.6  593.387
For row 13 and col 0, pedestal is 168.231
13  0  1  87.3997  495.741  39.5341
13  0  2  273.598  1720.56  114.519
13  0  3  835.831  5307.48  277.612
13  0  4  1525.1  10720.6  461.639
For row 13 and col 1, pedestal is 198.445
13  1  1  129.279  731.409  65.7222
13  1  2  373.124  2308.17  157.046
13  1  3  586.28  3677.44  246.527
13  1  4  1366.96  9522.94  516.938
13  1  5  2313.2  20172.6  941.219
For row 13 and col 2, pedestal is 213.955
13  2  1  86.4845  528.196  87.5864
13  2  2  200.579  1308.29  188.303
13  2  3  504.95  3299.06  432.692
13  2  4  964.757  6979.7  770.028
13  2  5  1885.3  16958.3  1558.04
For row 13 and col 3, pedestal is 194.648
13  3  1  123.887  722.197  100.802
13  3  2  205.574  1257.04  169.395
13  3  3  388.033  2582.25  309.004
13  3  4  1265.06  7875.2  854.446
13  3  5  2724.02  18857.1  1594.84
For row 13 and col 4, pedestal is 204.685
13  4  1  48.4851  286.085  26.7311
13  4  2  358.679  1991.29  173.027
13  4  3  531.383  3290.34  270.933
13  4  4  2121.21  12296  730.801
For row 13 and col 5, pedestal is 202.739
13  5  1  59.1764  346.723  106.75
13  5  2  112.976  659.295  172.63
13  5  3  203.95  1382.12  350.856
13  5  4  529.685  3392.45  816.546
13  5  5  1625.51  11776.2  1808.85
For row 13 and col 6, pedestal is 149.703
13  6  1  286.455  1563.58  156.341
13  6  2  435.078  2474.33  210.948
13  6  3  938.123  6045.68  384.698
13  6  4  1522.09  12712.8  764.031
For row 13 and col 7, pedestal is 196.534
13  7  1  140.823  819.008  115.964
13  7  2  261.673  1593.59  207.868
13  7  3  472.841  3389.8  377.828
13  7  4  765.883  7057.22  691.479
13  7  5  2308.89  17890.7  1190.36
For row 13 and col 8, pedestal is 224.657
13  8  1  193.11  1116.57  118.887
13  8  2  277.184  1744.38  170.12
13  8  3  648.445  4554.43  380.469
13  8  4  919.173  8118.97  589.182
13  8  5  2775.88  20628  1159.7
For row 13 and col 9, pedestal is 214.169
13  9  1  77.6327  470.559  70.451
13  9  2  211.975  1256.63  185.762
13  9  3  338.901  2085.18  278.541
13  9  4  690.82  4545.76  496.708
13  9  5  1428.19  10527.5  939.251
For row 13 and col 10, pedestal is 196.12
13  10  1  107.424  634.875  90.5073
13  10  2  241.031  1432.34  185.994
13  10  3  441.389  2702.17  346.018
13  10  4  814.027  5367.03  580.958
13  10  5  1579.71  11607.4  1079.11
For row 13 and col 11, pedestal is 211.242
13  11  1  87.2658  497.029  97.0565
13  11  2  167.006  989.009  186.355
13  11  3  343.259  2109.35  368.999
13  11  4  614.543  4049.52  554.312
13  11  5  1135.49  8425.1  936.42
For row 14 and col 0, pedestal is 202.632
14  0  1  54.1346  287.995  67.0823
14  0  2  128.29  813.592  142.796
14  0  3  314.609  2016.94  332.976
14  0  4  731.864  5231.73  674.814
14  0  5  1818.43  16180.4  1455.13
For row 14 and col 1, pedestal is 226.231
14  1  1  97.8515  580.785  78.3248
14  1  2  178.089  1148.73  150.069
14  1  3  468.622  3066.17  336.208
14  1  4  543.444  3950.93  389.837
14  1  5  1668.52  15065.7  963.568
For row 14 and col 2, pedestal is 188.852
14  2  1  122.842  738.877  80.8964
14  2  2  233.974  1533.88  146.505
14  2  3  735.284  4846.66  339.388
14  2  4  836.277  6129.41  422.705
14  2  5  2119.44  19230.2  873.464
For row 14 and col 3, pedestal is 211.459
14  3  1  67.7874  354.669  108.861
14  3  2  139.932  829.894  218.032
14  3  3  133.376  855.096  211.836
14  3  4  630.638  3963.69  853.862
14  3  5  2138.71  14963.5  2231.55
For row 14 and col 4, pedestal is 185.281
14  4  1  70.4065  462.909  63.2094
14  4  2  157.557  1003.45  140.995
14  4  3  281.332  1994.52  249.968
14  4  4  813.093  5287.54  659.168
14  4  5  3354.8  24389.3  1489.22
For row 14 and col 5, pedestal is 217.103
14  5  1  113.325  702.578  76.9145
14  5  2  184.109  1134.85  123.307
14  5  3  388.394  2719.55  257.163
14  5  4  1324.26  8699.26  781.257
For row 14 and col 6, pedestal is 180.253
14  6  1  140.807  674.972  110.134
14  6  2  205.701  1319.86  210.438
14  6  3  343.096  2489.58  337.88
14  6  4  606.327  5777.22  630.86
14  6  5  1929.32  15689.9  1323.8
For row 14 and col 7, pedestal is 227.939
14  7  1  98.5469  616.426  142.14
14  7  2  172.232  1103.28  214.863
14  7  3  372.744  2785.97  378.174
14  7  4  452.043  4377.26  588.585
14  7  5  1693.93  13814.3  1263.07
For row 14 and col 8, pedestal is 200.864
14  8  1  156.625  1030.15  179.174
14  8  2  191.59  1326.54  220.888
14  8  3  483.929  3602.49  511.604
14  8  4  773.263  7213.11  894.697
14  8  5  2080.66  16278.1  1620.4
For row 14 and col 9, pedestal is 212.45
14  9  1  54.311  352.253  97.3453
14  9  2  155.468  957.109  246.333
14  9  3  244.081  1522.43  348.862
14  9  4  466.229  3091.58  544.143
14  9  5  896.399  6685.33  864.776
For row 14 and col 10, pedestal is 237.729
14  10  1  131.868  811.031  63.6048
14  10  2  279.917  1734.12  126.566
14  10  3  619.167  3942.48  263.204
14  10  4  980.505  6722.83  339.03
14  10  5  2075.48  15897.8  648.653
For row 14 and col 11, pedestal is 209.645
14  11  1  154.198  931.186  84.933
14  11  2  328.021  1986.18  173.469
14  11  3  610.572  3874.21  320.119
14  11  4  1220.45  8311.81  561.109
14  11  5  2526.53  19218  1037.81
For row 15 and col 0, pedestal is 231.839
15  0  1  143.205  818.822  73.7252
15  0  2  330.789  1990.35  155.256
15  0  3  895.067  5597.29  329.463
15  0  4  1505.04  10422.6  467.277
15  0  5  2789.74  23940.7  906.446
For row 15 and col 1, pedestal is 199.43
15  1  1  42.461  209.626  43.131
15  1  2  139.722  843.23  136.566
15  1  3  514.598  3234.77  391.08
15  1  4  702.855  4915.58  513.507
15  1  5  1656.4  14472.7  1063.22
For row 15 and col 2, pedestal is 220.788
15  2  1  126.051  723.927  97.5497
15  2  2  263.12  1636.91  197.241
15  2  3  708.675  4427.07  447.819
15  2  4  1111.32  7679.8  723.727
15  2  5  2935.09  25304  1424.31
For row 15 and col 3, pedestal is 173.956
15  3  1  115.738  648.871  97.8597
15  3  2  302.345  1735.8  226.429
15  3  3  19.8426  123.656  21.6637
15  3  4  1331.96  8152.23  852.254
15  3  5  3794.44  26147.3  1611.47
For row 15 and col 4, pedestal is 211.639
15  4  1  85.5622  513.238  84.471
15  4  2  154.922  997.641  109.077
15  4  3  421.991  2919.36  313.554
15  4  4  1076.42  7098.89  679.303
15  4  5  4622.84  30558.2  629.023
For row 15 and col 5, pedestal is 179.906
15  5  1  97.2035  666.062  169.212
15  5  2  150.223  1011.43  140.241
15  5  3  408.026  2921.59  342.518
15  5  4  1385.58  9409.13  879.285
15  5  5  3824.43  29568.2  1423.88
For row 15 and col 6, pedestal is 219.078
15  6  1  208.53  1243.75  123.304
15  6  2  297.273  1735.49  170.658
15  6  3  824.24  5343.9  406.299
15  6  4  1248.27  10325.6  668.929
For row 15 and col 7, pedestal is 223.525
15  7  1  155.512  997.495  138.504
15  7  2  191.855  1302.72  185.943
15  7  3  407.056  3219.11  365.642
15  7  4  687.355  6587.17  652.182
15  7  5  1354.15  10776.6  1024.99
For row 15 and col 8, pedestal is 174.785
15  8  1  108.494  634.518  176.815
15  8  2  119.745  736.131  224.241
15  8  3  365.808  2596.7  590.273
15  8  4  474.46  4188.07  836.453
15  8  5  1270.66  9560.39  1604.42
For row 15 and col 9, pedestal is 188.814
15  9  1  71.1164  396.983  104.797
15  9  2  131.176  747.954  188.833
15  9  3  260.884  1559.45  336.887
15  9  4  549.661  3538.65  591.162
15  9  5  1169.71  8524.42  1104.72
For row 15 and col 10, pedestal is 183.758
15  10  1  55.5053  324.367  71.4204
15  10  2  132.093  801.866  175.27
15  10  3  260.87  1608.02  348.942
15  10  4  308.149  2046.3  378.036
15  10  5  932.133  6842.41  1012.03
For row 15 and col 11, pedestal is 205.311
15  11  1  61.1876  350.003  64.3682
15  11  2  169.852  998.579  161.717
15  11  3  316.37  1946.05  288.872
15  11  4  617.421  4066.79  522.981
15  11  5  1125.82  8369.46  895.924
For row 16 and col 0, pedestal is 181.087
16  0  1  14.7037  84.1697  21.2554
16  0  2  167.076  1021.81  184.839
16  0  3  406.643  2554.13  375.793
16  0  4  672.619  4685.38  602.207
16  0  5  1681.26  14585.7  1348.26
For row 16 and col 1, pedestal is 216.966
16  1  1  89.2102  493.945  72.4936
16  1  2  251.268  1558.6  193.963
16  1  3  631.512  3952.41  387.499
16  1  4  963.543  6751.37  556.846
16  1  5  2880.54  25356.5  902.19
For row 16 and col 2, pedestal is 208.01
16  2  1  63.0864  339.007  110.027
16  2  2  128.702  790.009  212.361
16  2  3  353.966  2263.33  501.186
16  2  4  376.194  2662.35  533.503
16  2  5  781.78  6951.74  1204.75
For row 16 and col 3, pedestal is 202.637
16  3  1  75.0469  411.478  101.699
16  3  2  152.105  891.891  207.453
16  3  3  225.367  1472.03  290.386
16  3  4  866.453  5361.71  870.862
16  3  5  2290.34  15762.3  2039.73
For row 16 and col 4, pedestal is 228.488
16  4  1  70.708  496.497  123.414
16  4  2  95.5241  679.977  111.985
16  4  3  235.261  1725.74  258.647
16  4  4  938.56  6140.33  781.649
16  4  5  2547.06  18654.1  1679.54
For row 16 and col 5, pedestal is 193.186
16  5  1  21.7584  58.9473  93.9214
16  5  2  289.989  1651.12  146.35
16  5  3  604.122  3752.19  278.441
16  5  4  77.1654  472.755  63.2474
For row 16 and col 6, pedestal is 189.398
16  6  1  163.903  824.255  192.88
16  6  2  200.749  1371.56  219.457
16  6  3  483.496  3580.05  486.683
16  6  4  555.883  5376.78  599.852
16  6  5  1835.75  14809.3  1352.62
For row 16 and col 7, pedestal is 220.388
16  7  1  103.069  599.471  97.5494
16  7  2  151.159  1064.1  110.484
16  7  3  300.165  2316  309.612
16  7  4  475.491  4620.07  458.734
16  7  5  1848.32  14926.8  1241.15
For row 16 and col 8, pedestal is 190.357
16  8  1  236.204  1391.6  130.679
16  8  2  376.616  2401.52  216.856
16  8  3  885.597  6189.38  458.738
16  8  4  1103.31  9793.52  635.92
16  8  5  3418.54  25393.7  1236.86
For row 16 and col 9, pedestal is 216.907
16  9  1  70.8182  381.848  80.7374
16  9  2  155.363  927.122  155.569
16  9  3  314.648  2001.53  297.006
16  9  4  556.795  3726.21  405.953
16  9  5  1121.51  8348.42  682.399
For row 16 and col 10, pedestal is 211.389
16  10  1  152.091  899.563  109.576
16  10  2  369.044  2239.49  252.262
16  10  3  611.977  3817.08  385.494
16  10  4  1014.98  6692.99  587.524
16  10  5  1833.24  13535.8  1021.04
For row 16 and col 11, pedestal is 206.948
16  11  1  33.0801  177.463  76.2549
16  11  2  67.9133  398.621  141.123
16  11  3  123.85  741.384  217.357
16  11  4  273.154  1791.72  329.336
16  11  5  443.683  3252.12  578.485
For row 17 and col 0, pedestal is 191.688
17  0  1  70.5068  363.482  84.7472
17  0  2  169.379  994.136  188.125
17  0  3  436.487  2644.09  454.459
17  0  4  685.692  4610.99  693.788
17  0  5  1564.6  13242.4  1508.02
For row 17 and col 1, pedestal is 199.808
17  1  1  9.85607  72.1816  58.4595
17  1  2  55.4952  385.576  132.21
17  1  3  11.1521  97.7703  41.0558
17  1  4  230.226  1618.75  457.692
17  1  5  662.075  5739.81  1007.82
For row 17 and col 2, pedestal is 198.289
17  2  1  188.375  1080.61  93.1534
17  2  2  444.773  2773.53  215.379
17  2  3  1049.2  6712.23  430.165
17  2  4  1373.69  9733.46  591.004
17  2  5  3939.8  35033  3336.35
For row 17 and col 3, pedestal is 224.956
17  3  1  74.5463  421.946  86.7631
17  3  2  145.735  861.978  156.278
17  3  3  247.353  1601.85  272.99
17  3  4  889.018  5383.79  836.55
17  3  5  2835.28  19096.3  2204.07
For row 17 and col 4, pedestal is 209.504
17  4  1  115.782  613.161  103.182
17  4  2  210.094  1341.11  173.697
17  4  3  346.361  2442.78  295.556
17  4  4  850.951  5632.78  616.814
17  4  5  3836.14  29841.7  6514.86
For row 17 and col 5, pedestal is 174.803
17  5  1  276.97  1419.18  107.131
17  5  2  476.748  2615.3  184.666
17  5  3  952.068  5822.78  310.194
17  5  4  2790.69  16270.8  614.584
For row 17 and col 6, pedestal is 219.333
17  6  1  179.047  830.43  119.969
17  6  2  236.863  1366.26  162.57
17  6  3  555.087  3434.39  327.977
17  6  4  790.221  6457.07  566.808
17  6  5  2454.73  16530.1  1085.16
For row 17 and col 7, pedestal is 230.694
17  7  1  66.408  419.63  80.5315
17  7  2  94.4272  737.61  112.556
17  7  3  171.8  1373.39  318.805
17  7  4  259.732  2623.22  490.461
17  7  5  746.465  6012.65  1001.72
For row 17 and col 8, pedestal is 213.738
17  8  1  161.238  955.213  95.0497
17  8  2  416.11  2528.7  235.707
17  8  3  956.045  6461.07  439.99
17  8  4  1158.09  9944.22  644.999
For row 17 and col 9, pedestal is 217.425
17  9  1  84.4448  576.44  46.2717
17  9  2  165.005  1063.91  83.5356
17  9  3  417.18  2696.73  154.438
17  9  4  655.31  4510.37  229.721
17  9  5  1774.56  13156.8  576.972
For row 17 and col 10, pedestal is 204.854
17  10  1  126.011  756.807  103.303
17  10  2  268.643  1598.04  209.997
17  10  3  406.827  2498.07  303.902
17  10  4  692.282  4531  486.439
17  10  5  1883.46  13700.3  1110.36
For row 17 and col 11, pedestal is 242.625
17  11  1  44.0556  189.91  73.1706
17  11  2  111.314  536.152  179.49
17  11  3  188.58  1104.14  323.739
17  11  4  252.335  1588.16  411.057
17  11  5  537.365  3920.25  830.272
For row 18 and col 0, pedestal is 209.224
18  0  1  55.1229  327.207  37.8116
18  0  2  161.636  981.749  117.001
18  0  3  237.957  1547.28  168.274
18  0  4  1423.81  10275.5  683.415
18  0  5  1364.83  8884.78  797.609
For row 18 and col 1, pedestal is 215.313
18  1  1  11.1626  53.4869  75.7064
18  1  2  17.7115  111.625  73.3158
18  1  3  33.0392  227.263  180.869
18  1  4  117.92  876.226  533.696
18  1  5  154.066  1030.66  826.927
For row 18 and col 2, pedestal is 208.829
18  2  1  103.413  566.291  61.6638
18  2  2  279.082  1630.34  159.71
18  2  3  423.967  2658.55  231.65
18  2  4  2061.61  14495.2  780.439
18  2  5  2431.9  15478.2  923.461
For row 18 and col 3, pedestal is 240.297
18  3  1  65.8113  440.49  76.4224
18  3  2  148.91  1025.34  143.916
18  3  3  363.368  2508.5  243.064
18  3  4  645.855  5034.06  374.927
18  3  5  1517.83  11855.4  674.07
For row 18 and col 4, pedestal is 194.893
18  4  1  145.617  768.002  90.5295
18  4  2  302.752  1700.95  178.468
18  4  3  617.628  3488.87  326.119
18  4  4  1105.01  7153.64  508.327
18  4  5  2738.15  18124.5  952.814
For row 18 and col 5, pedestal is 187.962
18  5  1  109.361  594.504  135.689
18  5  2  220.98  1363.04  234.135
18  5  3  426.499  2725.43  378.832
18  5  4  778.781  5777.88  582.184
18  5  5  1706.84  13050.6  1187.58
For row 18 and col 6, pedestal is 208.589
18  6  1  111.856  707.086  118.747
18  6  2  188.26  1282.98  190.251
18  6  3  376.461  2860.31  352.26
18  6  4  876.465  6730.83  695.793
18  6  5  1197.21  9814.88  942.639
For row 18 and col 7, pedestal is 229.788
18  7  1  138.268  882.725  134.389
18  7  2  230.583  1529.9  197.455
18  7  3  466.974  3464.84  341.848
18  7  4  1179.88  8938.96  765.101
18  7  5  1782.7  14314.5  1062.52
For row 18 and col 8, pedestal is 238.894
18  8  1  332.994  1976  117.711
18  8  2  642.111  3981.17  213.473
18  8  3  1071.42  7369.85  339.877
18  8  4  2414.08  16641.8  655.346
For row 18 and col 9, pedestal is 231.588
18  9  1  77.2252  548.989  87.2734
18  9  2  130.349  922.573  123.727
18  9  3  268.085  2042.45  266.856
18  9  4  758.373  5916.17  611.478
18  9  5  1493.86  12136.6  1121.54
For row 18 and col 10, pedestal is 217.147
18  10  1  116.168  820.067  76.4142
18  10  2  151.13  1068.33  90.1616
18  10  3  293.833  2221.59  180.971
18  10  4  896.145  6794.85  419.037
18  10  5  2016.69  15953.8  871.154
For row 18 and col 11, pedestal is 183.17
18  11  1  59.6716  396.235  58.0527
18  11  2  63.4567  446.34  58.9016
18  11  3  157.786  1180.87  155.201
18  11  4  508.976  3833.06  377.123
18  11  5  1345.52  10476.4  904.138
For row 19 and col 0, pedestal is 189.194
19  0  1  61.9857  310.6  48.0487
19  0  2  161.051  914.005  109.005
19  0  3  274.12  1688.72  161.488
19  0  4  1208.06  8479.85  353.679
19  0  5  1699.39  10815.4  620.22
For row 19 and col 1, pedestal is 220.105
19  1  1  182.951  1029.53  59.5452
19  1  2  435.478  2599.48  148.751
19  1  3  696.021  4494.17  223.461
19  1  4  3571.76  26021.6  589.03
For row 19 and col 2, pedestal is 249.971
19  2  1  81.1425  432.879  72.7989
19  2  2  195.788  1135.63  162.782
19  2  3  269.463  1705.42  218.068
19  2  4  1157.27  8250.76  521.136
19  2  5  1969.79  12788.2  1052.46
For row 19 and col 3, pedestal is 230.767
19  3  1  67.0554  385.668  110.644
19  3  2  138.04  854.047  223.574
19  3  3  242.476  1548.39  389.173
19  3  4  489.113  3564.08  739.067
19  3  5  1015.86  7428.71  1470.34
For row 19 and col 4, pedestal is 203.362
19  4  1  86.6  488.403  90.7852
19  4  2  167.806  1061.7  189.819
19  4  3  310.663  2002.88  268.352
19  4  4  646.039  4729.39  518.198
19  4  5  1501.35  11220.7  1040.34
For row 19 and col 5, pedestal is 217.985
19  5  1  128.809  677.951  87.0062
19  5  2  278.596  1552.2  171.635
19  5  3  811.811  4566.59  378.936
19  5  4  1281.86  8324.9  594.39
19  5  5  2773.18  18254.7  986.384
For row 19 and col 6, pedestal is 218.419
19  6  1  122.719  673.463  99.4663
19  6  2  200.418  1181.69  162.304
19  6  3  385.233  2461.17  274.363
19  6  4  691.502  4498.38  460.802
19  6  5  1685.62  11675.3  876.832
For row 19 and col 7, pedestal is 237.557
19  7  1  71.7108  470.28  79.8404
19  7  2  108.133  740.412  135.463
19  7  3  170.157  1307.6  219.924
19  7  4  512.395  3926.79  669
19  7  5  675.682  5452.18  836.959
For row 19 and col 8, pedestal is 207.455
19  8  1  117.032  753.456  122.03
19  8  2  176.777  1158.07  192.319
19  8  3  318.987  2295.2  355.461
19  8  4  700.189  5016.77  689.586
19  8  5  1276.02  9706.42  1190.34
For row 19 and col 9, pedestal is 182.772
19  9  1  110.44  779.294  87.4985
19  9  2  183.415  1280.55  124.428
19  9  3  407.332  3066.43  273.002
19  9  4  1048.96  7946.86  609.361
19  9  5  2623.3  20627.9  1247.22
For row 19 and col 10, pedestal is 199.268
19  10  1  64.9057  462.909  80.058
19  10  2  131.318  932.979  144.798
19  10  3  270.567  2066.05  305.09
19  10  4  669.021  5196.54  620.053
19  10  5  1351.49  10942.6  1088.66
For row 19 and col 11, pedestal is 194.595
19  11  1  44.7684  276.112  66.0758
19  11  2  63.0602  411.384  80.1209
19  11  3  206.34  1553.63  265.214
19  11  4  525.939  3972.23  556.353
19  11  5  1026.85  8088.57  982.859
For row 20 and col 0, pedestal is 240.064
20  0  1  25.0215  139.6  51.0696
20  0  2  76.3733  459.291  123.157
20  0  3  132.743  853.543  192.944
20  0  4  657.754  4708.85  575.265
20  0  5  630.314  4065.05  684.068
For row 20 and col 1, pedestal is 234.233
20  1  1  70.6327  428.742  56.8404
20  1  2  180.232  1094.6  152.143
20  1  3  329.167  2140.21  245.347
20  1  4  1222.62  8819.27  673.052
20  1  5  1816.78  11900.1  1017.19
For row 20 and col 2, pedestal is 212.754
20  2  1  188.043  1080.41  64.2259
20  2  2  477.149  2782.54  154.674
20  2  3  740.932  4694.74  245.566
20  2  4  2312.89  16381  572.452
20  2  5  2279.41  14587.8  635.485
For row 20 and col 3, pedestal is 215.283
20  3  1  52.3349  345.131  88.3978
20  3  2  126.482  825.325  204.991
20  3  3  200.292  1275.09  311.65
20  3  4  483.383  3440.8  673.354
20  3  5  858.817  6158.63  1166.77
For row 20 and col 4, pedestal is 170.853
20  4  1  68.3291  379.182  72.1092
20  4  2  24.2351  73.5849  69.1784
20  4  3  300.687  1884.89  279.142
20  4  4  518.576  3704.63  456.467
20  4  5  1673.89  12583.9  1090.81
For row 20 and col 5, pedestal is 187.106
20  5  1  249.157  1299.89  90.417
20  5  2  570.867  3223.56  199.694
20  5  3  1445.63  8365.23  397.515
20  5  4  2418.22  16116.4  579.068
For row 20 and col 6, pedestal is 222.122
20  6  1  159.126  870.524  153.053
20  6  2  256.522  1525.5  204.34
20  6  3  487.011  3389.18  352.07
20  6  4  1006.44  7351.96  677.003
20  6  5  827.015  6537.61  687.803
For row 20 and col 7, pedestal is 193.874
20  7  1  87.0025  555.403  125.8
20  7  2  124.979  860.477  178.058
20  7  3  240.17  1793.89  322.062
20  7  4  524.542  4019.8  578.552
20  7  5  813.523  6665.42  913.727
For row 20 and col 8, pedestal is 213.763
20  8  1  156.572  942.521  149.599
20  8  2  212.521  1346.01  206.865
20  8  3  466.155  3242.24  424.307
20  8  4  816.913  5694.89  654.574
20  8  5  1587.32  11780.7  1184.02
For row 20 and col 9, pedestal is 210.385
20  9  1  69.7227  510.041  72.1655
20  9  2  113.55  833.237  103.916
20  9  3  262.162  2066.93  269.17
20  9  4  457.343  3651.08  404.057
20  9  5  1325.75  10980.6  996.178
For row 20 and col 10, pedestal is 224.324
20  10  1  46.1838  313.448  74.9811
20  10  2  97.2405  652.298  135.856
20  10  3  191.86  1428.39  265.674
20  10  4  321.288  2441.87  345.505
20  10  5  1142.95  9114.55  819.422
For row 20 and col 11, pedestal is 209.97
20  11  1  55.8058  397.533  85.7035
20  11  2  69.0744  511.152  94.6758
20  11  3  214.329  1646.6  245.585
20  11  4  599.587  4655.52  407.61
20  11  5  1318.71  10607  757.988
For row 21 and col 0, pedestal is 220.595
21  0  1  36.2913  210.84  43.1209
21  0  2  79.3129  547.199  120.069
21  0  3  154.717  1061.92  208.214
21  0  4  563.847  4187.51  581.54
21  0  5  784.65  5220.76  836.351
For row 21 and col 1, pedestal is 293.532
21  1  1  98.6808  568.176  53.6893
21  1  2  261.401  1572.71  136.947
21  1  3  508.611  3249.05  239.337
21  1  4  2077.8  14808.6  519.749
21  1  5  2123.92  13758.7  739.402
For row 21 and col 2, pedestal is 213.529
21  2  1  171.7  1027.86  60.1969
21  2  2  422.883  2557.48  147.302
21  2  3  754.331  4910  239.516
21  2  4  2640.17  19112.4  606.598
21  2  5  3386.25  22454.4  772.253
For row 21 and col 3, pedestal is 253.758
21  3  1  183.411  1059.63  108.973
21  3  2  354.501  2173.29  199.524
21  3  3  733.895  4538.89  374.254
21  3  4  1399.56  9848.55  631.228
21  3  5  3122.65  22468.2  1161.79
For row 21 and col 4, pedestal is 204.828
21  4  1  113.007  665.949  92.3733
21  4  2  217.001  1439.29  162.258
21  4  3  520.732  3480.94  361.248
21  4  4  905.123  6950.71  590.03
21  4  5  2555.14  19796  1199.83
For row 21 and col 5, pedestal is 186.662
21  5  1  124.204  675.584  66.3809
21  5  2  297.649  1691.53  144.396
21  5  3  700.874  4050.75  312.492
21  5  4  1401.57  9275.81  551.201
21  5  5  2895.36  19529.5  871.197
For row 21 and col 6, pedestal is 240.039
21  6  1  208.806  1097.17  112.94
21  6  2  303.502  1741.18  158.06
21  6  3  673.804  4261.68  318.001
21  6  4  1321.03  8520.16  567.61
21  6  5  2124.32  14575.1  835.151
For row 21 and col 7, pedestal is 247.032
21  7  1  130.729  890.454  97.1423
21  7  2  154.402  1116.81  119.724
21  7  3  212.591  1633.33  174.639
21  7  4  686.307  5255.43  533.148
21  7  5  1343.01  10787.9  828.08
For row 21 and col 8, pedestal is 239.425
21  8  1  132.555  811.812  157.861
21  8  2  191.216  1222.88  226.435
21  8  3  379.603  2642.21  394.623
21  8  4  369.094  2545.35  400.778
21  8  5  891.138  6519.16  836.677
For row 21 and col 9, pedestal is 247.92
21  9  1  78.273  568.433  85.4079
21  9  2  136.285  944.92  127.032
21  9  3  318.27  2388.22  306.899
21  9  4  845.466  6369.26  622.429
21  9  5  1841.48  14465.7  1071.75
For row 21 and col 10, pedestal is 234.147
21  10  1  83.8807  595.897  83.9031
21  10  2  135.98  962.08  113.231
21  10  3  290.431  2229.09  240.431
21  10  4  665.216  5148.28  438.386
21  10  5  1122.96  9043.21  673.222
For row 21 and col 11, pedestal is 219.25
21  11  1  121.998  888.382  79.9156
21  11  2  236.719  1693.37  134.999
21  11  3  379.419  2898.82  217.255
21  11  4  962.083  7404.26  401.424
21  11  5  2594.61  20793.5  924.921
For row 22 and col 0, pedestal is 266.846
22  0  1  18.0223  103.681  80.1467
22  0  2  26.3025  175.666  73.1561
22  0  3  59.8188  390.469  168.472
22  0  4  251.882  1787.4  484.136
22  0  5  291.151  1857.63  675.115
For row 22 and col 1, pedestal is 224.069
22  1  1  35.8682  234.772  35.0557
22  1  2  97.798  641.68  84.6105
22  1  3  279.979  1875.24  222.862
22  1  4  818.779  6086.83  553.96
22  1  5  1305.65  8809.09  787.756
For row 22 and col 2, pedestal is 245.161
22  2  1  80.029  466.361  44.4789
22  2  2  162.149  1000.41  82.9734
22  2  3  467.609  2988.15  201.003
22  2  4  1423.98  10166.5  428.345
22  2  5  2074.42  13403.6  561.535
For row 22 and col 3, pedestal is 253.758
22  3  1  166.787  978.051  111.562
22  3  2  346.215  2150.16  205.927
22  3  3  661.061  4158.4  384.455
22  3  4  1388.71  9909.67  716.952
22  3  5  3015.84  21707.3  1185.3
For row 22 and col 4, pedestal is 217.095
22  4  1  110.212  560.399  77.3142
22  4  2  220.005  1367.81  205.696
22  4  3  526.244  3427.32  420.787
22  4  4  837.111  6229.31  632.06
22  4  5  2289.77  17270.5  1252.21
For row 22 and col 5, pedestal is 230.547
22  5  1  203.668  1071.97  97.4982
22  5  2  356.044  1952.42  152.969
22  5  3  1041.55  5877.88  370.707
22  5  4  1450.31  9378.77  492.326
22  5  5  3819.55  25770.4  1185.56
For row 22 and col 6, pedestal is 250.067
22  6  1  125.905  746.946  89.8621
22  6  2  212.468  1427.54  169.328
22  6  3  472.926  3501.79  335.308
22  6  4  728.791  5474.6  559.5
22  6  5  1436.01  11416.7  952.38
For row 22 and col 7, pedestal is 245.866
22  7  1  91.9596  706.648  80.9469
22  7  2  125.588  1037.08  111.439
22  7  3  319.575  2547.18  273.411
22  7  4  712.378  5474.9  606.688
22  7  5  1080.76  8625.77  851.467
For row 22 and col 8, pedestal is 235.843
22  8  1  183.525  1135.09  114.131
22  8  2  292.566  1886.75  180.88
22  8  3  487.225  3405.18  293.029
22  8  4  1304.59  9039.77  602.587
22  8  5  1985.31  14575.3  715.855
For row 22 and col 9, pedestal is 207.655
22  9  1  64.1025  446.967  60.1569
22  9  2  110.92  782.037  75.3117
22  9  3  192.097  1457.28  132.797
22  9  4  635.029  4824.71  341.581
22  9  5  1628.51  12844.7  813.372
For row 22 and col 10, pedestal is 229.353
22  10  1  37.06  268.004  66.3783
22  10  2  68.9973  480.425  97.4521
22  10  3  108.768  830.867  167.334
22  10  4  357.752  2744.78  439.816
22  10  5  925.478  7368.9  922.412
For row 22 and col 11, pedestal is 223.273
22  11  1  74.5912  507.129  61.9574
22  11  2  185.044  1325.77  126.757
22  11  3  362.974  2783.65  241.823
22  11  4  840.414  6514.93  472.222
22  11  5  1635.76  13174  807.352
For row 23 and col 0, pedestal is 231.54
23  0  1  46.9343  225.55  55.5669
23  0  2  137.751  796.67  108.945
23  0  3  216.519  1378.42  152.611
23  0  4  971.249  7067.42  302.566
23  0  5  1579.78  10493.2  483.686
For row 23 and col 1, pedestal is 201.995
23  1  1  25.7624  127.738  51.2601
23  1  2  55.6096  345.392  141.499
23  1  3  119.345  759.431  282.748
23  1  4  443.046  3264.82  683.767
23  1  5  385.557  2588.99  835.02
For row 23 and col 2, pedestal is 226.488
23  2  1  33.8451  154.742  94.8039
23  2  2  114.647  689.598  136.81
23  2  3  213.815  1369.45  210.314
23  2  4  751.518  5425.5  436.774
23  2  5  908.335  5925.91  587.466
For row 23 and col 3, pedestal is 238.013
23  3  1  61.8945  321.822  153.016
23  3  2  105.605  625.225  195.064
23  3  3  180.515  1056.55  292.804
23  3  4  424.246  2908.8  572.066
23  3  5  1014.14  7079.98  1209
For row 23 and col 4, pedestal is 230.674
23  4  1  124.017  775.17  118.386
23  4  2  252.354  1636.66  213.571
23  4  3  530.362  3540.52  403.729
23  4  4  1164.98  8716.06  707.89
23  4  5  2990.11  22918  1105.43
For row 23 and col 5, pedestal is 232.149
23  5  1  132.528  651.264  77.3901
23  5  2  359.404  1989.5  195.75
23  5  3  801.542  4632.1  378.298
23  5  4  1201.8  7908.71  532.825
23  5  5  3834.34  27749  27271.5
For row 23 and col 6, pedestal is 225.81
23  6  1  121.111  680.608  177.133
23  6  2  158.976  1029.98  203.663
23  6  3  204.66  1473.35  278.522
23  6  4  577.414  4271.84  565.306
23  6  5  919.057  7215.36  907.575
For row 23 and col 7, pedestal is 190.831
23  7  1  111.212  619.742  89.8
23  7  2  136.858  1016.56  163.535
23  7  3  305.559  2447.7  338.562
23  7  4  528.79  4220.68  564.732
23  7  5  900.952  7470.53  924.482
For row 23 and col 8, pedestal is 214.668
23  8  1  166.156  1024.18  111.13
23  8  2  315.23  2025.18  211.008
23  8  3  560.176  3952.88  359.188
23  8  4  1052  7392.53  592.536
23  8  5  2042.43  15214.1  1038.61
For row 23 and col 9, pedestal is 194.684
23  9  1  70.3157  557.094  61.8676
23  9  2  152.088  1106.11  115.934
23  9  3  293.995  2273.1  231.463
23  9  4  722.001  5584.53  503.91
23  9  5  1937.26  15440.3  1123.13
For row 23 and col 10, pedestal is 196.643
23  10  1  67.3649  539.648  65.3858
23  10  2  145.707  1023.71  117.235
23  10  3  301.004  2327.39  258.07
23  10  4  806.411  6185.74  538.326
23  10  5  1667.73  13318.5  1005.33
For row 23 and col 11, pedestal is 248.542
23  11  1  56.4294  410.1  66.9341
23  11  2  99.9951  711.097  101.343
23  11  3  177.981  1356.13  171.959
23  11  4  503.215  3895.85  439.686
23  11  5  1120.98  8991.91  867.929
