#All information for run 1293.
#Row Col LED <Max> <Int> NPE
For row 12 and col 0, pedestal is 238.196
12  0  1  824.826  4753.04  79.5948
12  0  2  1932.14  12112.1  167.912
12  0  3  3865.49  25441.3  651.97
For row 12 and col 1, pedestal is 193.938
12  1  1  129.064  703.651  15.4589
12  1  2  1576.05  9396.62  149.287
For row 12 and col 2, pedestal is 214.64
12  2  1  391.555  2175.43  75.6773
12  2  2  1033.55  6256.72  184.819
12  2  3  2182.45  13391.6  324.86
For row 12 and col 3, pedestal is 215.731
12  3  1  1087.08  6194.73  100.31
12  3  2  2663  15519  181.934
12  3  3  3612.93  23299.4  237.261
For row 12 and col 4, pedestal is 231.27
12  4  1  94.2702  558.003  61.4151
12  4  2  161.596  1004.11  107.653
12  4  3  381.084  2577.23  238.892
For row 12 and col 5, pedestal is 207.431
12  5  1  252.826  1558.69  87.2142
12  5  2  464.319  2908.93  146.265
12  5  3  851.29  5931.02  254.188
For row 12 and col 6, pedestal is 203.751
12  6  1  204.22  1315.36  96.2784
12  6  2  306.339  1931.85  148.565
12  6  3  550.099  4012.17  242.94
For row 12 and col 7, pedestal is 195.424
12  7  1  110.877  686.274  56.4094
12  7  2  152.331  890.872  92.7433
12  7  3  354.374  2621.06  204.213
For row 12 and col 8, pedestal is 234.431
12  8  1  565.598  3165.95  64.2732
12  8  2  1316.16  7812.56  142.003
12  8  3  4532.97  26487.6  244.548
For row 12 and col 9, pedestal is 230.06
12  9  1  886.259  4857.33  99.9544
12  9  2  2171.87  12107.5  205.076
12  9  3  3591.67  20981.3  294.977
For row 12 and col 10, pedestal is 214.349
12  10  1  677.499  3817.12  95.4656
12  10  2  1616.22  9257.07  199.461
12  10  3  2512.63  14955.3  270.904
For row 12 and col 11, pedestal is 184.358
12  11  1  888.725  5001.52  122.527
12  11  2  1977.17  11287.9  206.254
12  11  3  3403.99  22134.1  623.168
For row 13 and col 0, pedestal is 168.149
13  0  1  605.415  3451.46  41.7514
13  0  2  1939.31  11854.8  117.44
For row 13 and col 1, pedestal is 198.672
13  1  1  969.664  5422.89  68.8742
13  1  2  2950.06  17777.6  130.515
13  1  3  3377.68  16734.9  15.3426
For row 13 and col 2, pedestal is 214.431
13  2  1  647.799  3809.77  87.3945
13  2  2  1498.97  9525.69  184.479
13  2  3  3800  25796.6  765.009
For row 13 and col 3, pedestal is 194.851
13  3  1  847.846  4771.18  109.263
13  3  2  1434.15  8413.77  174.726
13  3  3  2660.7  17296.1  281.956
For row 13 and col 4, pedestal is 204.561
13  4  1  120.817  651.143  29.8333
13  4  2  834.012  4540.45  173.437
13  4  3  1228.39  7495.66  250.622
For row 13 and col 5, pedestal is 202.764
13  5  1  130.571  779.895  107.448
13  5  2  252.895  1500.15  190.009
13  5  3  471.935  3166  323.258
For row 13 and col 6, pedestal is 149.741
13  6  1  699.173  3784.96  144.848
13  6  2  1046.73  5984.36  208.408
13  6  3  2369.02  15067.8  295.758
For row 13 and col 7, pedestal is 197.018
13  7  1  321.12  1914.5  133.34
13  7  2  595.719  3745.21  225.314
13  7  3  1116.56  8074.73  383.61
For row 13 and col 8, pedestal is 224.756
13  8  1  1315.04  7789.88  114.173
13  8  2  1963.19  12153.7  162.265
For row 13 and col 9, pedestal is 214.094
13  9  1  540.727  3092.1  71.8806
13  9  2  1460.45  8415.07  184.807
13  9  3  2363.92  14179.7  271.046
For row 13 and col 10, pedestal is 195.804
13  10  1  768.336  4304.02  94.6773
13  10  2  1712.58  9841.98  195.96
13  10  3  3254  19633.4  256.3
For row 13 and col 11, pedestal is 210.726
13  11  1  574.164  3248.46  108.486
13  11  2  1148.17  6632.52  205.528
13  11  3  2362.58  14234  358.939
For row 14 and col 0, pedestal is 202.567
14  0  1  376.483  2156.01  67.8017
14  0  2  960.612  6018.5  168.787
14  0  3  2369.17  15044.1  325.506
For row 14 and col 1, pedestal is 226.95
14  1  1  657.908  3851.42  82.4042
14  1  2  1214.95  7713.19  145.006
14  1  3  3383.57  22027.1  255.313
For row 14 and col 2, pedestal is 189.07
14  2  1  827.057  4927.76  86.74
14  2  2  1616.52  10388.1  156.236
For row 14 and col 3, pedestal is 211.461
14  3  1  433.937  2451.37  95.9062
14  3  2  964.996  5747.17  199.116
14  3  3  892.456  5878.24  190.458
For row 14 and col 4, pedestal is 184.983
14  4  1  169.879  1070.4  74.1933
14  4  2  391.259  2385.43  151.542
14  4  3  692.7  4773.93  249.622
For row 14 and col 5, pedestal is 217.014
14  5  1  273.718  1661.76  79.4588
14  5  2  430.142  2672.23  127.32
14  5  3  918.482  6403.94  263.944
For row 14 and col 6, pedestal is 180.534
14  6  1  279.187  1576.77  135.601
14  6  2  466.988  3084.23  219.125
14  6  3  790.674  5892.72  326.386
For row 14 and col 7, pedestal is 228.181
14  7  1  225.995  1434.54  125.312
14  7  2  385.469  2565.47  218.935
14  7  3  886.459  6697.33  389.315
For row 14 and col 8, pedestal is 201.353
14  8  1  1044.62  6533.32  168.443
14  8  2  1285.1  8393.15  220.258
14  8  3  3307.55  23826.2  338.347
For row 14 and col 9, pedestal is 212.982
14  9  1  403.083  2362.56  88.5786
14  9  2  1160.59  6820.28  232.242
14  9  3  1825.88  11156.9  343.069
For row 14 and col 10, pedestal is 237.47
14  10  1  943.755  5552.14  69.7447
14  10  2  2019.28  12131.6  130.918
14  10  3  3746.78  25124.3  324.474
For row 14 and col 11, pedestal is 209.64
14  11  1  1110.23  6516.13  81.7519
14  11  2  2399.6  14207.5  158.03
14  11  3  3805.53  25036  nan
For row 15 and col 0, pedestal is 231.466
15  0  1  978.234  5447.59  77.599
15  0  2  2218  13263.6  162.787
For row 15 and col 1, pedestal is 253.615
15  1  1  198.486  82.7544  37.4382
15  1  2  885.392  4373.5  133.467
15  1  3  3793.12  22349.3  288.784
For row 15 and col 2, pedestal is 220.744
15  2  1  888.871  4943.57  104.962
15  2  2  1863.17  11188.1  196.626
For row 15 and col 3, pedestal is 173.656
15  3  1  788.122  4397.63  96.2301
15  3  2  2078.74  11950.6  211.63
15  3  3  124.434  787.04  19.99
For row 15 and col 4, pedestal is 212.006
15  4  1  191.772  1213.15  72.3944
15  4  2  377.106  2336.32  130.052
15  4  3  987.287  6886.39  295.965
For row 15 and col 5, pedestal is 180.132
15  5  1  223.756  1494.27  91.3637
15  5  2  345.14  2306.32  144.518
15  5  3  932.318  6710.3  318.274
For row 15 and col 6, pedestal is 219.425
15  6  1  525.953  2931.66  122.329
15  6  2  726.357  4115.88  176.706
15  6  3  2027.02  12838.6  337.369
For row 15 and col 7, pedestal is 223.877
15  7  1  338.258  2238.88  159.482
15  7  2  431.452  2961.77  197.828
15  7  3  980.412  7424.73  348.552
For row 15 and col 8, pedestal is 174.806
15  8  1  761.543  4581.61  175.2
15  8  2  845.212  5278.74  206.182
15  8  3  2676.26  18737.3  517.11
For row 15 and col 9, pedestal is 189.141
15  9  1  476.185  2667.39  103.048
15  9  2  887.017  5100.74  186.078
15  9  3  1782.89  10688.4  337.824
For row 15 and col 10, pedestal is 184.416
15  10  1  432.94  2416.45  78.5755
15  10  2  1064.47  6079.57  178.558
15  10  3  2058.08  12277.5  337.372
For row 15 and col 11, pedestal is 205.877
15  11  1  436.471  2471.53  61.5094
15  11  2  1224.91  7120.43  152.323
15  11  3  2291.43  13969.9  258.735
For row 16 and col 0, pedestal is 180.773
16  0  1  72.4581  402.045  16.8246
16  0  2  1030.23  6237.23  196.85
16  0  3  2599.11  16047.6  353.288
For row 16 and col 1, pedestal is 297.867
16  1  1  535.533  1421.53  65.8244
16  1  2  1751.92  9115.65  181.839
For row 16 and col 2, pedestal is 208.089
16  2  1  405.448  2313.99  101.587
16  2  2  882.732  5460.02  205.266
16  2  3  2508.14  15809.2  467.789
For row 16 and col 3, pedestal is 202.543
16  3  1  527.644  2957.43  96.5781
16  3  2  1088.28  6386.34  189.222
16  3  3  1614.05  10524.9  279.022
For row 16 and col 4, pedestal is 228.773
16  4  1  166.533  1143.09  72.5231
16  4  2  242.514  1575.14  120.243
16  4  3  587.235  4113.79  270.967
For row 16 and col 5, pedestal is 192.84
16  5  1  26.4113  106.831  50.1318
16  5  2  700.665  3868.84  140.623
16  5  3  1457.41  8869.69  272.624
For row 16 and col 6, pedestal is 189.596
16  6  1  319.621  1856.65  197.094
16  6  2  477.572  3164.96  240.663
16  6  3  1140.34  8518.54  487.657
For row 16 and col 7, pedestal is 220.011
16  7  1  233.763  1370.43  114.036
16  7  2  367.915  2422.9  155.679
16  7  3  698.673  5283.95  329.308
For row 16 and col 8, pedestal is 190.312
16  8  1  1751.86  10192.7  130.24
16  8  2  2937.02  17902.7  174.822
For row 16 and col 9, pedestal is 216.597
16  9  1  431.552  2454.52  90.2203
16  9  2  1076.5  6257.81  203.369
16  9  3  2242.74  13702.8  383.026
For row 16 and col 10, pedestal is 210.89
16  10  1  1023.51  5797.55  114.731
16  10  2  2579.62  14917.7  227.449
16  10  3  3841.7  24699.6  942.422
For row 16 and col 11, pedestal is 207.169
16  11  1  191.554  1068.18  78.9183
16  11  2  449.399  2598.05  173.277
16  11  3  823.628  4973.2  293.561
For row 17 and col 0, pedestal is 191.764
17  0  1  504.076  2724.86  85.8032
17  0  2  1254.23  7395.13  192.48
17  0  3  3411.29  20705.9  327.141
For row 17 and col 1, pedestal is 200.388
17  1  1  31.1303  208.622  14.7298
17  1  2  396.138  2439.68  119.078
17  1  3  62.0523  416.874  22.9079
For row 17 and col 2, pedestal is 197.882
17  2  1  1319.81  7572.24  96.3315
17  2  2  3321.97  20397.7  162.173
For row 17 and col 3, pedestal is 224.649
17  3  1  497.115  2748.2  89.0982
17  3  2  994.606  5684.03  171.516
17  3  3  1672.01  10640.8  293.634
For row 17 and col 4, pedestal is 209.871
17  4  1  252.554  1377.83  97.9771
17  4  2  513.821  3106.84  178.07
17  4  3  821.157  5721.8  287.725
For row 17 and col 5, pedestal is 174.675
17  5  1  647.779  3408.88  103.903
17  5  2  1167.09  6353.57  168.793
17  5  3  2365.19  14343.3  257.687
For row 17 and col 6, pedestal is 219.581
17  6  1  416.149  1992.2  119.074
17  6  2  587.976  3231.59  179.613
17  6  3  1331.06  8109.78  330.505
For row 17 and col 7, pedestal is 230.722
17  7  1  149.845  913.256  114.762
17  7  2  230.339  1617.1  181.102
17  7  3  420.6  3220.02  347.975
For row 17 and col 8, pedestal is 213.913
17  8  1  1108.44  6322.81  89.5371
17  8  2  2960.5  17459.9  168.739
For row 17 and col 9, pedestal is 216.64
17  9  1  628.848  3619.46  73.1612
17  9  2  1184.87  6871.77  136.442
17  9  3  2988.05  17913  229.066
For row 17 and col 10, pedestal is 204.836
17  10  1  900.937  5074.73  100.475
17  10  2  1920.87  10947.5  204.638
17  10  3  2945.62  17434  240.069
For row 17 and col 11, pedestal is 243.004
17  11  1  233.422  1268.9  66.4579
17  11  2  685.636  3875.26  189.192
17  11  3  1368.24  8305.08  341.84
For row 18 and col 0, pedestal is 209.506
18  0  1  431.953  2394.56  44.8599
18  0  2  1248.65  7313.96  118.639
18  0  3  1827.64  11565.2  169.373
For row 18 and col 1, pedestal is 215.907
18  1  1  76.8545  434.374  63.7323
18  1  2  194.318  1161.84  153.181
18  1  3  401.356  2606.76  293.217
For row 18 and col 2, pedestal is 208.887
18  2  1  738.566  3991.74  57.1957
18  2  2  2058.95  11743.2  137.739
18  2  3  3186.31  19608  158.991
For row 18 and col 3, pedestal is 240.207
18  3  1  494.471  3133.55  91.1787
18  3  2  1093.55  7295.1  191.077
18  3  3  2786.57  18546.8  259.869
For row 18 and col 4, pedestal is 194.998
18  4  1  341.748  1804.71  86.6595
18  4  2  720.62  4004.59  172.318
18  4  3  1484.85  8336.81  299.095
For row 18 and col 5, pedestal is 188.036
18  5  1  228.459  1394.67  115.885
18  5  2  496.657  3207.83  215.542
18  5  3  996.857  6487.09  374.917
For row 18 and col 6, pedestal is 208.691
18  6  1  234.398  1620.83  118.115
18  6  2  440.593  2995.29  200.292
18  6  3  890.989  6742.39  363.393
For row 18 and col 7, pedestal is 229.804
18  7  1  327.247  2102.96  133.93
18  7  2  557.534  3692.19  201.919
18  7  3  1130.78  8367.62  368.201
For row 18 and col 8, pedestal is 238.978
18  8  1  2273.22  13225  103.49
18  8  2  3690.72  23451.2  437.434
For row 18 and col 9, pedestal is 231.19
18  9  1  500.888  3586.19  82.3841
18  9  2  859.301  6070.81  128.394
18  9  3  1782.71  13567  271.201
For row 18 and col 10, pedestal is 216.781
18  10  1  867.043  6088.04  73.1642
18  10  2  1162.4  8007.81  91.117
18  10  3  2252.15  16635.9  164.49
For row 18 and col 11, pedestal is 182.852
18  11  1  380.184  2616.62  50.7389
18  11  2  437.512  2954.59  56.0867
18  11  3  1086.64  7985.63  138.902
For row 19 and col 0, pedestal is 189.163
19  0  1  429.439  2295.53  48.1333
19  0  2  1194.87  6837.1  125.684
19  0  3  2099.18  12952.1  204.593
For row 19 and col 1, pedestal is 220.093
19  1  1  1201.81  6657.57  63.6438
19  1  2  2917.79  17138.9  114.091
19  1  3  3786.64  30247.3  42.232
For row 19 and col 2, pedestal is 250.117
19  2  1  539.854  2960.03  74.0255
19  2  2  1363.98  7911.42  183.302
19  2  3  1906.43  11989  234.258
For row 19 and col 3, pedestal is 230.796
19  3  1  406.446  2359.35  116.003
19  3  2  838.208  5171.55  233.478
19  3  3  1494.68  9374.2  386.97
For row 19 and col 4, pedestal is 203.716
19  4  1  203.651  1148.37  92.0402
19  4  2  396.854  2509.11  180.261
19  4  3  756.667  4813.44  297.736
For row 19 and col 5, pedestal is 218.042
19  5  1  301.641  1558.78  80.6664
19  5  2  656.932  3634.15  167.905
19  5  3  1923.96  10733.5  353.213
For row 19 and col 6, pedestal is 218.073
19  6  1  284.503  1562.46  96.7712
19  6  2  476.555  2750.7  149.763
19  6  3  920.653  5848.65  267
For row 19 and col 7, pedestal is 236.735
19  7  1  151.644  1004.83  107.518
19  7  2  238.627  1629.99  157.136
19  7  3  380.652  2911.05  236.7
For row 19 and col 8, pedestal is 207.686
19  8  1  747.173  4577.2  129.692
19  8  2  1095.94  7029.08  189.749
19  8  3  1969.56  13920.3  316.943
For row 19 and col 9, pedestal is 183.303
19  9  1  774.918  5439.91  82.9169
19  9  2  1310.96  9000.72  126.114
19  9  3  2982.82  21772.1  217.062
For row 19 and col 10, pedestal is 199.118
19  10  1  421.343  3006.41  73.4794
19  10  2  882.901  6231.61  138
19  10  3  1837.91  13990.8  283.52
For row 19 and col 11, pedestal is 194.391
19  11  1  250.256  1729.12  59.3079
19  11  2  386.682  2624.48  72.6823
19  11  3  1353.12  10075.4  255.918
For row 20 and col 0, pedestal is 239.956
20  0  1  185.794  1005.35  49.7672
20  0  2  560.747  3268.09  150.722
20  0  3  984.073  6176.44  242.601
For row 20 and col 1, pedestal is 233.953
20  1  1  494.622  2750.39  60.5179
20  1  2  1246.79  7349.54  136.249
20  1  3  2312.88  14623.7  245.447
For row 20 and col 2, pedestal is 212.933
20  2  1  1431.49  7765.36  64.9521
20  2  2  3745.69  21055  121.318
For row 20 and col 3, pedestal is 215.785
20  3  1  577.684  3342.23  102.699
20  3  2  1327.23  8059.17  213.611
20  3  3  2035.45  12465.9  323.986
For row 20 and col 4, pedestal is 170.852
20  4  1  150.485  858.026  67.4453
20  4  2  27.484  132.846  62.3533
20  4  3  686.235  4405.98  276.642
For row 20 and col 5, pedestal is 187.164
20  5  1  566.934  2988.46  87.2117
20  5  2  1320.96  7457.84  195.419
20  5  3  3717.15  22006.7  288.082
For row 20 and col 6, pedestal is 222.013
20  6  1  323.154  2033.5  158.485
20  6  2  567.464  3641.55  239.035
20  6  3  1129.83  8180.83  383.254
For row 20 and col 7, pedestal is 193.902
20  7  1  187.493  1261.49  132.758
20  7  2  286.324  1976.52  181.514
20  7  3  557.122  4262.48  334.234
For row 20 and col 8, pedestal is 213.839
20  8  1  1002.87  5978.12  141.255
20  8  2  1379.5  8632.55  199.523
20  8  3  3126.99  21325.7  282.962
For row 20 and col 9, pedestal is 210.812
20  9  1  455.706  3306.19  75.1667
20  9  2  752.205  5412.27  107.937
20  9  3  1728.32  13431.5  263.215
For row 20 and col 10, pedestal is 224.057
20  10  1  339.604  2401.13  66.628
20  10  2  740.977  5133.06  118.521
20  10  3  1523.41  11465.1  246.012
For row 20 and col 11, pedestal is 210.044
20  11  1  332.768  2378.7  87.9433
20  11  2  449.137  3145.99  101.28
20  11  3  1435.21  10819.7  320.789
For row 21 and col 0, pedestal is 220.976
21  0  1  238.999  1341.01  53.2651
21  0  2  602.318  3651.16  131.967
21  0  3  1115.07  7207.91  220.616
For row 21 and col 1, pedestal is 294.013
21  1  1  738.065  4025.99  54.6919
21  1  2  2008.46  11529.3  143.184
21  1  3  3961.54  24139.1  301.865
For row 21 and col 2, pedestal is 213.898
21  2  1  1188.63  6640.69  60.1448
21  2  2  2875.39  16954.7  133.932
For row 21 and col 3, pedestal is 253.454
21  3  1  1391.29  7927.69  102.75
21  3  2  2717.1  16416.9  164.032
For row 21 and col 4, pedestal is 204.851
21  4  1  259.999  1507.21  93.8227
21  4  2  520.388  3361.64  169.916
21  4  3  1257.51  8310.88  358.772
For row 21 and col 5, pedestal is 186.781
21  5  1  309.796  1624.28  67.095
21  5  2  736.442  4120.64  145.604
21  5  3  1755.95  10010.9  300.453
For row 21 and col 6, pedestal is 240.113
21  6  1  480.481  2576.44  115.448
21  6  2  720.363  4067.45  157.537
21  6  3  1617.85  10135.6  299.871
For row 21 and col 7, pedestal is 247.297
21  7  1  308.346  1967.65  109.096
21  7  2  371.268  2500.73  129.728
21  7  3  496.171  3689.64  182.66
For row 21 and col 8, pedestal is 238.809
21  8  1  958.941  5650.2  159.796
21  8  2  1387.87  8555.09  207.34
21  8  3  2753.48  18722.1  369.36
For row 21 and col 9, pedestal is 248.163
21  9  1  581.769  4092.82  85.0772
21  9  2  1012.8  6894.8  125.353
21  9  3  2384.6  17444.4  297.053
For row 21 and col 10, pedestal is 233.382
21  10  1  557.634  3971.95  78.6457
21  10  2  916.859  6402.83  112.916
21  10  3  1988.45  14958.4  250.341
For row 21 and col 11, pedestal is 219.864
21  11  1  851.958  6049.73  86.4957
21  11  2  1691.13  11672.6  141.523
21  11  3  2732.04  20308.8  215.606
For row 22 and col 0, pedestal is 267.452
22  0  1  91.9892  509.612  48.2087
22  0  2  174.03  1041.06  96.6863
22  0  3  417.384  2592.78  212.396
For row 22 and col 1, pedestal is 224.353
22  1  1  255.431  1494.47  30.8398
22  1  2  708.872  4372.08  81.8993
22  1  3  2015.44  13197.2  213.248
For row 22 and col 2, pedestal is 244.996
22  2  1  598.613  3305.44  49.204
22  2  2  1237.94  7293.84  101.123
22  2  3  3532.52  22429.2  291.11
For row 22 and col 3, pedestal is 253.767
22  3  1  1129.04  6522.47  105.599
22  3  2  2381.87  14509.8  189.221
For row 22 and col 4, pedestal is 217.723
22  4  1  234.315  1306.65  97.1989
22  4  2  506.227  3183.98  194.582
22  4  3  1244.35  8044.58  384.58
For row 22 and col 5, pedestal is 231.018
22  5  1  491.158  2538.99  90.0889
22  5  2  841.087  4623.19  143.013
22  5  3  2571.19  14335.4  282.477
For row 22 and col 6, pedestal is 249.891
22  6  1  275.45  1764.75  119.2
22  6  2  512.679  3399.22  191.322
22  6  3  1129.48  8362.09  371.011
For row 22 and col 7, pedestal is 245.482
22  7  1  246.317  1646.12  99.3672
22  7  2  343.343  2436.43  140.162
22  7  3  795.843  6077.75  302.69
For row 22 and col 8, pedestal is 236.312
22  8  1  1311.46  7744.57  116.907
22  8  2  2108.72  13009.3  175.927
22  8  3  3608.34  24457.3  300.126
For row 22 and col 9, pedestal is 207.451
22  9  1  436.392  3072.05  51.9329
22  9  2  798.866  5466.87  81.5129
22  9  3  1396.77  10358.2  148.983
For row 22 and col 10, pedestal is 229.278
22  10  1  276.425  1964.2  66.0281
22  10  2  506.49  3519.67  102.402
22  10  3  818.819  6135.84  168.557
For row 22 and col 11, pedestal is 223.447
22  11  1  492.485  3519.03  52.0491
22  11  2  1330.62  9332.41  120.242
22  11  3  2630.26  19816.3  199.476
For row 23 and col 0, pedestal is 231.487
23  0  1  261.867  1465.94  45.4488
23  0  2  890.794  5317.77  139.229
23  0  3  1450.96  9309.31  223.177
For row 23 and col 1, pedestal is 202.216
23  1  1  144.065  797.564  49.6083
23  1  2  383.321  2311.9  134.367
23  1  3  818.123  5288.97  260.319
For row 23 and col 2, pedestal is 226.451
23  2  1  185.027  1017.79  35.6374
23  2  2  814.846  4766.97  146.379
23  2  3  1509.45  9549.23  256.66
For row 23 and col 3, pedestal is 238.495
23  3  1  396.996  2229.38  89.2319
23  3  2  736.955  4384.19  171.058
23  3  3  1228.24  7405.58  278.83
For row 23 and col 4, pedestal is 231.252
23  4  1  301.863  1840.77  115.793
23  4  2  591.183  3886.68  220.387
23  4  3  1301.2  8584.59  394.868
For row 23 and col 5, pedestal is 232.425
23  5  1  310.022  1561.75  84.9182
23  5  2  850.584  4770.77  199.668
23  5  3  1956.52  11193.6  359.836
For row 23 and col 6, pedestal is 225.254
23  6  1  229.099  1440.85  154.095
23  6  2  359.727  2340.94  172.556
23  6  3  470.352  3452.25  247.169
For row 23 and col 7, pedestal is 191.175
23  7  1  240.932  1420.83  109.343
23  7  2  346.364  2402.04  179.564
23  7  3  769.744  5934.4  348.105
For row 23 and col 8, pedestal is 214.425
23  8  1  1129.53  6768.59  111.283
23  8  2  2164.08  13540.2  188.969
23  8  3  3844.5  26477.6  578.884
For row 23 and col 9, pedestal is 194.376
23  9  1  511.06  3656.77  60.8527
23  9  2  1097.3  7618.89  115.06
23  9  3  2148.75  16047.5  213.574
For row 23 and col 10, pedestal is 196.768
23  10  1  530.961  3777.73  65.1637
23  10  2  1102.43  7592.51  123.468
23  10  3  2328.64  17399.2  258.36
For row 23 and col 11, pedestal is 248.207
23  11  1  348.92  2505.74  58.8021
23  11  2  637.754  4478.34  90.8229
23  11  3  1173.21  8890.89  178.194
