#All information for run 1201.
#Row Col LED <Max> <Int> NPE
For row 0 and col 0, pedestal is 236.346
0  0  1  18.5628  93.3657  94.0842
0  0  2  39.3306  236.12  137.847
0  0  3  75.8617  493.471  352.605
0  0  4  161.428  1178.47  684.661
0  0  5  355.752  3234.7  1613.77
For row 0 and col 1, pedestal is 191.894
0  1  1  7.83916  17.4698  23.9026
0  1  2  31.8016  184.041  162.21
0  1  3  109.034  664.336  445.543
0  1  4  141.051  952.513  561.3
0  1  5  182.149  1566.85  769.006
For row 0 and col 2, pedestal is 211.926
0  2  1  11.9888  63.0272  69.1972
0  2  2  26.591  155.841  120.149
0  2  3  50.5908  310.663  193.569
0  2  4  111.561  787.206  532.184
0  2  5  254.951  2247.5  1042.37
For row 0 and col 3, pedestal is 215.246
0  3  1  27.0903  169.179  109.315
0  3  2  62.969  405.452  207.455
0  3  3  85.6896  585.601  258.22
0  3  4  288.686  1826.23  684.651
0  3  5  748.486  5279.45  1592.93
For row 0 and col 4, pedestal is 229.95
0  4  1  29.3795  107.601  89.3659
0  4  2  29.3315  183.411  129.82
0  4  3  71.0517  474.984  180.322
0  4  4  253.444  1663.12  566.719
0  4  5  649.048  4724.05  1560.65
For row 0 and col 5, pedestal is 206.448
0  5  1  39.9014  325.311  148.59
0  5  2  78.5332  588.01  152.879
0  5  3  156.392  1177.53  275.328
0  5  4  429.199  2836.94  632.589
0  5  5  1533.75  11322.9  1632.43
For row 0 and col 6, pedestal is 202.239
0  6  1  45.1852  289.284  95.5942
0  6  2  56.6021  408.873  160.785
0  6  3  95.753  750.333  344.342
0  6  4  164.927  1640.26  710.203
0  6  5  524.927  4201.53  986.307
For row 0 and col 7, pedestal is 193.267
0  7  1  26.6568  140.616  129.954
0  7  2  40.1188  159.285  96.0376
0  7  3  75.5171  477.641  163.336
0  7  4  103.898  847.074  295.177
0  7  5  366.486  2788.97  910.063
For row 0 and col 8, pedestal is 232.375
0  8  1  18.2196  81.2048  116.537
0  8  2  28.34  187.984  102.177
0  8  3  94.331  646.404  392.564
0  8  4  112.885  1029.93  561.111
0  8  5  372.907  2723.75  1286.15
For row 0 and col 9, pedestal is 231.54
0  9  1  22.1114  121.007  91.4851
0  9  2  48.0642  279.383  184.503
0  9  3  71.1971  449.779  333.184
0  9  4  104.145  701.81  491.685
0  9  5  244.574  1833.98  1013.49
For row 0 and col 10, pedestal is 213.272
0  10  1  21.9158  108.441  64.2765
0  10  2  38.4894  242.518  155.693
0  10  3  58.6814  371.604  262.443
0  10  4  110.711  739.775  464.397
0  10  5  202.28  1510.66  777.773
For row 0 and col 11, pedestal is 181.902
0  11  1  24.6093  123.788  114.133
0  11  2  49.0962  258.085  199.613
0  11  3  79.4632  465.737  247.587
0  11  4  157.181  1009.67  360.815
0  11  5  223.093  1623.35  512.901
For row 1 and col 0, pedestal is 168.452
1  0  1  13.3286  62.0369  32.6568
1  0  2  36.4219  217.77  108.546
1  0  3  106.722  678.318  246.598
1  0  4  192.961  1370.02  439.873
1  0  5  578.319  5101.66  877.571
For row 1 and col 1, pedestal is 199.658
1  1  1  17.55  104.228  64.0947
1  1  2  51.7367  333.439  161.007
1  1  3  84.0819  540.953  223.149
1  1  4  198.074  1415.13  481.595
1  1  5  339.102  3001.51  883.627
For row 1 and col 2, pedestal is 213.167
1  2  1  14.7273  82.0727  68.357
1  2  2  29.7537  193.994  168.32
1  2  3  69.6809  482.675  430.774
1  2  4  134.428  1011.5  836.233
1  2  5  267.923  2453.92  1644.75
For row 1 and col 3, pedestal is 195.109
1  3  1  18.1666  125.474  74.8018
1  3  2  29.909  212.102  124.141
1  3  3  60.7706  432.34  241.246
1  3  4  207.633  1323.53  877.075
1  3  5  453.337  3181.72  1675.42
For row 1 and col 4, pedestal is 203.712
1  4  1  20.9895  140.206  82.6107
1  4  2  157.359  922.018  161.584
1  4  3  236.503  1512.27  256.597
1  4  4  957.984  5650.92  818.5
1  4  5  2639.45  17534  1818.78
For row 1 and col 5, pedestal is 203.376
1  5  1  27.9637  165.31  85.5965
1  5  2  49.8492  302.425  136.835
1  5  3  89.351  623.011  337.166
1  5  4  236.079  1515.25  859.016
1  5  5  725.03  5288  1871.19
For row 1 and col 6, pedestal is 147.775
1  6  1  129.885  682.626  156.8
1  6  2  192.68  1072.9  206.236
1  6  3  402.679  2620.26  420.725
1  6  4  659.458  5534.36  735.543
1  6  5  1998.55  14035.2  1323.07
For row 1 and col 7, pedestal is 194.631
1  7  1  61.2489  359.237  114.793
1  7  2  110.416  707.468  174.524
1  7  3  209.625  1482.97  346.384
1  7  4  325.201  3054.34  656.247
1  7  5  996.282  7775.35  1270.74
For row 1 and col 8, pedestal is 224.344
1  8  1  34.0654  176.107  119.47
1  8  2  41.5016  274.487  180.725
1  8  3  103.039  723.544  357.546
1  8  4  144.017  1298.15  582.266
1  8  5  439.987  3317.64  1335.23
For row 1 and col 9, pedestal is 212.955
1  9  1  18.0549  86.676  56.4524
1  9  2  35.412  223.535  161.428
1  9  3  55.2715  350.809  240.84
1  9  4  113.419  751.001  479.897
1  9  5  231.932  1726.59  935.482
For row 1 and col 10, pedestal is 195.484
1  10  1  14.8594  117.287  93.832
1  10  2  36.9496  250.357  94.6491
1  10  3  68.1207  458.671  299.342
1  10  4  125.411  915.55  544.185
1  10  5  254.206  1952.54  1053.31
For row 1 and col 11, pedestal is 209.872
1  11  1  15.3445  91.7138  45.5669
1  11  2  24.758  166.059  157.187
1  11  3  55.6617  348.03  290.657
1  11  4  96.6355  667.496  509.955
1  11  5  178.325  1371.85  1007.53
For row 2 and col 0, pedestal is 200.302
2  0  1  10.7887  34.2919  67.6687
2  0  2  21.8223  116.533  142.387
2  0  3  48.4889  294.616  237.923
2  0  4  111.533  786.418  480.172
2  0  5  279.281  2467.38  965.26
For row 2 and col 1, pedestal is 225.214
2  1  1  17.1942  98.2416  83.2889
2  1  2  30.8085  198.705  140.975
2  1  3  80.9884  525.006  305.919
2  1  4  91.665  668.121  396.849
2  1  5  278.421  2535.35  899.911
For row 2 and col 2, pedestal is 187.307
2  2  1  22.6768  130.968  69.4824
2  2  2  36.8592  268.488  117.223
2  2  3  124.459  843.197  306.371
2  2  4  141.725  1069.83  378.923
2  2  5  364.161  3368.14  728.48
For row 2 and col 3, pedestal is 210.486
2  3  1  15.7584  56.4371  74.7844
2  3  2  24.0102  130.54  152.218
2  3  3  23.2687  135.763  192.7
2  3  4  96.8621  632.363  772.773
2  3  5  332.404  2367.02  2160.93
For row 2 and col 4, pedestal is 183.36
2  4  1  34.7548  223.49  139.999
2  4  2  65.1133  456.301  118.83
2  4  3  120.157  885.697  268.519
2  4  4  352.161  2340.71  676.278
2  4  5  1420.99  10454.7  1907.55
For row 2 and col 5, pedestal is 216.451
2  5  1  51.7022  310.242  78.1597
2  5  2  84.6614  495.324  122.286
2  5  3  174.066  1203.11  267.929
2  5  4  588.601  3876.56  754.682
2  5  5  1791.24  13225.7  1933.06
For row 2 and col 6, pedestal is 180.08
2  6  1  75.2661  302.728  88.3094
2  6  2  92.0263  578.089  165.017
2  6  3  151.963  1091.36  330.95
2  6  4  264.082  2561.31  539.339
2  6  5  846.616  6901.87  1281.15
For row 2 and col 7, pedestal is 227.338
2  7  1  46.6067  284.541  225.111
2  7  2  74.8825  503.415  174.447
2  7  3  158.698  1219.36  365.4
2  7  4  187.957  1945.03  561.948
2  7  5  727.688  5993.14  1213.25
For row 2 and col 8, pedestal is 201.492
2  8  1  27.7753  189.225  120.353
2  8  2  34.7226  242.149  224.499
2  8  3  79.7734  639.062  416.871
2  8  4  132.543  1269.07  906.509
2  8  5  354.1  2851.25  1781.59
For row 2 and col 9, pedestal is 211.369
2  9  1  13.913  76.3938  43.0572
2  9  2  29.3662  169.554  131.468
2  9  3  41.4721  258.086  239.29
2  9  4  75.3488  516.374  375.356
2  9  5  138.955  1072.56  833.097
For row 2 and col 10, pedestal is 236.521
2  10  1  20.5684  140.485  57.2937
2  10  2  42.3604  288.166  106.223
2  10  3  95.8373  634.788  241.254
2  10  4  148.185  1066.69  358.763
2  10  5  318.458  2520.42  635.035
For row 2 and col 11, pedestal is 208.305
2  11  1  21.2334  143.298  42.7088
2  11  2  44.2867  279.839  64.1642
2  11  3  80.9904  538.323  275.293
2  11  4  153.882  1124.87  499.033
2  11  5  319.831  2541.05  955.236
For row 3 and col 0, pedestal is 231.09
3  0  1  20.9093  125.305  49.1139
3  0  2  52.6979  320.559  161.309
3  0  3  139.277  899.087  320.151
3  0  4  235.022  1673.77  495.434
3  0  5  437.895  3851.39  972.4
For row 3 and col 1, pedestal is 199.835
3  1  1  13.7642  33.6721  25.0671
3  1  2  27.5819  139.02  114.905
3  1  3  77.5676  510.88  312.5
3  1  4  106.78  777.243  477.298
3  1  5  251.557  2261.43  1030.1
For row 3 and col 2, pedestal is 218.423
3  2  1  16.8429  95.4493  86.8704
3  2  2  32.9706  216.542  188.992
3  2  3  85.7329  586.217  492.103
3  2  4  139.665  1017.7  833.646
3  2  5  382.784  3329.28  1985.64
For row 3 and col 3, pedestal is 172.95
3  3  1  9.95808  47.2554  78.723
3  3  2  22.0775  107.166  143.172
3  3  3  5.88622  16.4902  35.8923
3  3  4  73.2485  475.458  860.185
3  3  5  209.575  1480.57  2076.73
For row 3 and col 4, pedestal is 209.943
3  4  1  50.7215  226.716  73.0429
3  4  2  64.7703  447.139  104.283
3  4  3  189.991  1316  250.306
3  4  4  472.124  3165.43  694.072
3  4  5  1743.15  13140.7  1946.09
For row 3 and col 5, pedestal is 178.996
3  5  1  58.0131  324.744  188.22
3  5  2  72.1001  475.533  208.466
3  5  3  184.737  1321.71  325.937
3  5  4  622.212  4241.97  993.01
3  5  5  1634.62  12586  2130.84
For row 3 and col 6, pedestal is 217.977
3  6  1  88.491  524.616  135.615
3  6  2  118.495  733.827  181.572
3  6  3  325.639  2192.43  387.945
3  6  4  498.864  4264.02  688.963
3  6  5  1674.38  11787.2  1348.44
For row 3 and col 7, pedestal is 222.388
3  7  1  88.9716  487.126  83.4977
3  7  2  98.8119  623.975  144.132
3  7  3  190.891  1482.74  384.017
3  7  4  310.773  2992.65  624.701
3  7  5  613.52  4839.82  980.268
For row 3 and col 8, pedestal is 172.997
3  8  1  21.9444  99.9944  136.203
3  8  2  23.7219  115.012  142.74
3  8  3  63.0195  412.499  553.127
3  8  4  80.4635  675.331  757.557
3  8  5  204.041  1540.44  1667.74
For row 3 and col 9, pedestal is 187.563
3  9  1  15.1417  79.7675  68.6523
3  9  2  29.3097  135.635  107.548
3  9  3  48.491  272.288  252.206
3  9  4  97.3189  613.178  508.585
3  9  5  197.561  1452.17  1028.82
For row 3 and col 10, pedestal is 183.154
3  10  1  12.8569  63.32  61.0868
3  10  2  22.0572  124.026  111.455
3  10  3  39.4338  246.716  293.542
3  10  4  43.9511  306.288  264.029
3  10  5  134.23  1029  925.649
For row 3 and col 11, pedestal is 205.245
3  11  1  10.6637  66.2974  59.2151
3  11  2  28.2233  164.392  155.759
3  11  3  50.5552  315.263  317.642
3  11  4  97.7653  651.975  454.896
3  11  5  174.429  1327.47  821.515
For row 4 and col 0, pedestal is 181.344
4  0  1  6.46472  32.7595  43.973
4  0  2  34.4553  208.504  135.792
4  0  3  73.9347  479.625  339.705
4  0  4  120.479  865.745  533.418
4  0  5  300.818  2650.25  1174.63
For row 4 and col 1, pedestal is 216.26
4  1  1  16.9154  87.8388  69.249
4  1  2  39.6667  252.407  185.307
4  1  3  95.7415  610.526  425.925
4  1  4  143.102  1026.94  644.636
4  1  5  425.534  3801.42  740.992
For row 4 and col 2, pedestal is 209.565
4  2  1  12.6168  58.7078  183.672
4  2  2  21.3983  132.072  93.6229
4  2  3  53.928  367.728  322.84
4  2  4  57.437  435.272  492.961
4  2  5  120.015  1119.02  1011.45
For row 4 and col 3, pedestal is 201.855
4  3  1  13.8922  63.3625  99.0403
4  3  2  26.3175  141.996  180.764
4  3  3  37.4407  237.736  274.171
4  3  4  135.871  852.94  856.399
4  3  5  360.838  2519.53  2225.83
For row 4 and col 4, pedestal is 227.771
4  4  1  41.1446  233.794  181.265
4  4  2  38.531  326.255  294.007
4  4  3  98.251  773.185  306.889
4  4  4  404.52  2695.23  769.406
4  4  5  1085.15  8043.8  1858.83
For row 4 and col 5, pedestal is 192.294
4  5  1  22.251  33.5239  148.012
4  5  2  128.018  761.395  147.762
4  5  3  264.344  1672.1  284.202
4  5  4  45.6336  219.301  109.512
4  5  5  2049.47  13652.8  1783.46
For row 4 and col 6, pedestal is 188.956
4  6  1  94.718  397.61  105.231
4  6  2  72.4076  630.189  92.0459
4  6  3  196.432  1598.07  427.915
4  6  4  218.55  2388.41  606.589
4  6  5  787.862  6472.31  1275.95
For row 4 and col 7, pedestal is 219.522
4  7  1  56.3171  262.172  137.225
4  7  2  66.125  460.349  556.238
4  7  3  134.899  1035.23  238.798
4  7  4  200.961  2104.21  432.83
4  7  5  830.37  6754.22  1120.46
For row 4 and col 8, pedestal is 192.246
4  8  1  35.9638  229.623  94.7467
4  8  2  57.4643  396.071  174.904
4  8  3  130.569  997.538  435.079
4  8  4  170.701  1577.6  604.095
4  8  5  536.088  4096.66  1363.39
For row 4 and col 9, pedestal is 216.082
4  9  1  17.5741  69.8246  78.6381
4  9  2  32.5771  157.902  114.901
4  9  3  55.1782  332.108  243.899
4  9  4  93.9572  621.48  324.373
4  9  5  187.578  1387.01  518.157
For row 4 and col 10, pedestal is 210.704
4  10  1  26.0035  173.297  108.635
4  10  2  63.2828  404.027  260.186
4  10  3  107.094  658.957  423.406
4  10  4  173.765  1145.59  621.579
4  10  5  306.485  2289.86  1075.93
For row 4 and col 11, pedestal is 206.429
4  11  1  15.6185  59.5147  68.8534
4  11  2  18.7805  83.8885  168.723
4  11  3  18.7238  133.373  284.541
4  11  4  39.8337  307.499  237.599
4  11  5  67.3107  528.869  358.757
For row 5 and col 0, pedestal is 191.511
5  0  1  13.5967  57.2768  45.2515
5  0  2  26.9931  153.048  137.713
5  0  3  65.4501  402.79  399.726
5  0  4  105.928  707.937  611.414
5  0  5  240.696  2064.01  1336.35
For row 5 and col 1, pedestal is 199.28
5  1  1  7.68053  36.1397  46.4267
5  1  2  14.0431  86.1739  103.652
5  1  3  8.42457  37.9573  70.9326
5  1  4  40.4391  300.207  340.969
5  1  5  110.38  967.832  1084.71
For row 5 and col 2, pedestal is 195.801
5  2  1  29.1007  162.649  77.7614
5  2  2  74.1129  436.664  217.865
5  2  3  165.124  1069.03  380.189
5  2  4  216.68  1548.39  518.449
5  2  5  641.911  5739.23  1331.61
For row 5 and col 3, pedestal is 224.767
5  3  1  12.8898  75.9373  78.9485
5  3  2  24.8293  153.264  141.983
5  3  3  39.6905  276.593  230.904
5  3  4  151.43  935.695  782.971
5  3  5  485.056  3332.21  1860.58
For row 5 and col 4, pedestal is 208.463
5  4  1  58.6864  303.237  115.477
5  4  2  82.3478  648.08  174.693
5  4  3  155.104  1140.29  327.149
5  4  4  369.449  2553.54  594.521
5  4  5  1694.14  12719.1  1747.72
For row 5 and col 5, pedestal is 172.887
5  5  1  123.758  612.514  104.683
5  5  2  198.93  1118.92  174.671
5  5  3  394.928  2466.67  321.575
5  5  4  1146.2  6815.5  769.144
5  5  5  3698.44  25381.8  1129.85
For row 5 and col 6, pedestal is 218.57
5  6  1  75.5913  355.821  127.028
5  6  2  77.2611  603.546  99.7324
5  6  3  231.591  1515.11  306.191
5  6  4  320.595  2829.51  470.878
5  6  5  1048.87  7258.04  1130.27
For row 5 and col 7, pedestal is 230.506
5  7  1  45.4464  214.535  183.569
5  7  2  46.0091  368.092  160.227
5  7  3  66.277  618.706  254.654
5  7  4  114.36  1189.8  989.693
5  7  5  311.839  2637.44  887.556
For row 5 and col 8, pedestal is 211.999
5  8  1  25.0418  190.637  77.6612
5  8  2  70.1524  453.036  259.321
5  8  3  151.258  1087.36  463.151
5  8  4  186.481  1667.54  627.638
5  8  5  686.201  5034.73  1555
For row 5 and col 9, pedestal is 216.065
5  9  1  18.5352  133.952  66.2423
5  9  2  22.5898  209.407  73.3435
5  9  3  62.4509  478.306  84.2194
5  9  4  108.019  769.733  88.2087
5  9  5  294.807  2273.06  233.028
For row 5 and col 10, pedestal is 205.057
5  10  1  22.8737  150.967  78.6338
5  10  2  40.559  285.803  166.628
5  10  3  62.9778  428.089  281.847
5  10  4  106.847  766.95  431.17
5  10  5  296.415  2274.42  1128.13
For row 5 and col 11, pedestal is 239.784
5  11  1  21.0864  40.6843  97.3527
5  11  2  26.686  87.6365  103.982
5  11  3  32.848  166.905  226.064
5  11  4  42.3003  241.359  329.224
5  11  5  80.7914  590.784  673.502
For row 6 and col 0, pedestal is 207.921
6  0  1  10.2976  52.9312  39.9542
6  0  2  25.5585  157.98  89.0892
6  0  3  35.741  242.881  155.49
6  0  4  221.358  1618.51  679.379
6  0  5  211.842  1398.91  775.545
For row 6 and col 1, pedestal is 216.552
6  1  1  10.236  25.4099  40.0059
6  1  2  7.17891  23.6404  113.487
6  1  3  7.15511  20.2028  119.783
6  1  4  9.21174  25.1396  93.8252
6  1  5  8.97506  21.1439  93.8692
For row 6 and col 2, pedestal is 208.564
6  2  1  18.0561  99.3083  40.2737
6  2  2  42.1189  266.795  123.423
6  2  3  64.4851  426.697  203.3
6  2  4  312.577  2264.38  781.108
6  2  5  366.534  2403.84  1041.51
For row 6 and col 3, pedestal is 241.199
6  3  1  12.6066  72.5277  36.836
6  3  2  22.5007  161.285  96.6022
6  3  3  54.5351  391.21  167.072
6  3  4  99.7912  795.1  200.527
6  3  5  227.08  1795.69  424.732
For row 6 and col 4, pedestal is 192.464
6  4  1  70.3964  343.336  101.638
6  4  2  135.408  756.184  184.777
6  4  3  270.72  1537.61  315.351
6  4  4  479.756  3146.42  482.925
6  4  5  1186.11  7971.85  1020.07
For row 6 and col 5, pedestal is 186.523
6  5  1  63.0772  255.511  102.172
6  5  2  109.698  608.929  186.835
6  5  3  191.315  1199.31  311.667
6  5  4  343.371  2542.56  548.555
6  5  5  737.06  5646.49  1147.2
For row 6 and col 6, pedestal is 209.149
6  6  1  64.0542  325.57  80.5796
6  6  2  84.2917  575.541  159.977
6  6  3  168.06  1276.47  297.157
6  6  4  381.489  3003.7  631.897
6  6  5  509.279  4331.96  917.174
For row 6 and col 7, pedestal is 228.6
6  7  1  56.6603  393.265  94.0425
6  7  2  91.1259  682.386  154.939
6  7  3  193.367  1517.31  319.15
6  7  4  491.705  3885.57  784.412
6  7  5  744.609  6148.25  1101.62
For row 6 and col 8, pedestal is 238.307
6  8  1  52.8463  323.319  101.314
6  8  2  99.8298  635.821  203.208
6  8  3  166.987  1181.58  346.525
6  8  4  380.378  2657.01  661.426
6  8  5  732.701  5428.33  1022.31
For row 6 and col 9, pedestal is 231.541
6  9  1  16.2872  102.208  65.1189
6  9  2  24.3975  169.466  99.6225
6  9  3  47.4347  352.62  183.693
6  9  4  122.266  995.218  582.605
6  9  5  241.207  2021.04  1163.06
For row 6 and col 10, pedestal is 216.79
6  10  1  19.0379  118.996  70.3662
6  10  2  22.5367  159.063  81.9912
6  10  3  42.6433  320.444  187.107
6  10  4  126.66  981.234  431.76
6  10  5  286.97  2325.25  809.932
For row 6 and col 11, pedestal is 181.136
6  11  1  14.8332  73.2303  74.0879
6  11  2  13.2159  83.8235  68.7488
6  11  3  26.9144  198.44  186.674
6  11  4  78.7925  629.298  389.923
6  11  5  212.646  1703.38  895.947
For row 7 and col 0, pedestal is 187.67
7  0  1  12.6114  42.2945  46.5191
7  0  2  26.2486  136.013  91.7719
7  0  3  43.6734  250.019  138.226
7  0  4  177.601  1241.46  340.466
7  0  5  252.114  1616.95  492.525
For row 7 and col 1, pedestal is 219.601
7  1  1  30.3908  166.658  64.2343
7  1  2  71.9211  427.07  141.772
7  1  3  112.514  731.315  206.481
7  1  4  567.663  4174.93  621.127
7  1  5  688.977  4608.17  844.996
For row 7 and col 2, pedestal is 248.067
7  2  1  16.6097  71.8089  70.394
7  2  2  34.2048  183.831  153.933
7  2  3  43.0607  274.877  211.725
7  2  4  179.12  1296.49  478.621
7  2  5  308.438  2031.52  673.139
For row 7 and col 3, pedestal is 230.375
7  3  1  15.2382  82.4964  88.5443
7  3  2  26.4305  168.167  156.339
7  3  3  44.1343  303.607  357.965
7  3  4  88.966  679.118  721.784
7  3  5  190.243  1431.72  1414.35
For row 7 and col 4, pedestal is 202.418
7  4  1  53.534  215.219  118.997
7  4  2  76.4063  462.208  176.807
7  4  3  129.995  892.144  288.193
7  4  4  271.92  2078.74  568.285
7  4  5  645.172  4902.63  1111.02
For row 7 and col 5, pedestal is 218.746
7  5  1  57.3758  309.778  99.222
7  5  2  125.514  698.377  189.466
7  5  3  359.855  2048.61  417.277
7  5  4  563.362  3708.92  598.803
7  5  5  1211.02  8092.76  1110.67
For row 7 and col 6, pedestal is 217.922
7  6  1  57.3906  300.077  86.8811
7  6  2  87.1202  512.936  136.31
7  6  3  169.026  1071.06  251.009
7  6  4  298.511  1944.15  451.993
7  6  5  729.846  5100.92  967.879
For row 7 and col 7, pedestal is 236.206
7  7  1  35.0851  233.084  74.4343
7  7  2  47.9876  363.844  117.606
7  7  3  76.0559  618.781  217.607
7  7  4  232.468  1823.93  583.122
7  7  5  304.344  2509.88  806.074
For row 7 and col 8, pedestal is 208.86
7  8  1  25.2947  145.997  122
7  8  2  32.5638  218.762  168.982
7  8  3  57.9719  428.298  363.321
7  8  4  127.892  933.006  688.963
7  8  5  231.873  1796.94  1172.59
For row 7 and col 9, pedestal is 182.333
7  9  1  18.4238  135.491  82.6146
7  9  2  29.7871  219.501  130.206
7  9  3  65.3869  506.032  300.491
7  9  4  166.953  1295.3  629.207
7  9  5  421.085  3390.46  1313.27
For row 7 and col 10, pedestal is 198.818
7  10  1  13.3231  85.4552  58.5291
7  10  2  22.8747  165.905  115.688
7  10  3  46.0387  347.776  262.993
7  10  4  109.337  866.272  612.551
7  10  5  221.569  1824.57  1091.81
For row 7 and col 11, pedestal is 195.207
7  11  1  13.5228  49.4985  25.2297
7  11  2  13.7624  73.6755  78.4751
7  11  3  36.5163  267.777  206.493
7  11  4  90.7414  688.923  471.482
7  11  5  177.091  1414.45  901.008
For row 8 and col 0, pedestal is 237.337
8  0  1  7.81504  27.0589  59.4887
8  0  2  11.7565  74.4134  79.7997
8  0  3  20.7364  132.413  141.009
8  0  4  97.489  714.978  524.698
8  0  5  94.4526  613.48  789.123
For row 8 and col 1, pedestal is 232.11
8  1  1  13.1913  89.6832  59.7067
8  1  2  29.239  200.415  96.7347
8  1  3  49.9452  365.148  197.737
8  1  4  189.819  1442.62  684.669
8  1  5  282.036  1921.06  1204.99
For row 8 and col 2, pedestal is 210.92
8  2  1  32.9455  191.737  78.9154
8  2  2  78.2896  472.9  155.608
8  2  3  118.913  786.204  241.477
8  2  4  371.355  2680.85  589.338
8  2  5  365.118  2393.75  665.76
For row 8 and col 3, pedestal is 212.577
8  3  1  8.03309  49.9675  60.58
8  3  2  14.1376  107.756  111.474
8  3  3  20.2707  154.274  176.544
8  3  4  52.2422  402.469  507.264
8  3  5  99.2954  740.102  864.543
For row 8 and col 4, pedestal is 169.907
8  4  1  41.1076  170.057  69.3611
8  4  2  26.4561  27.1351  99.3864
8  4  3  144.659  845.815  332.957
8  4  4  244.059  1648.79  478.832
8  4  5  748.955  5607.07  1220.85
For row 8 and col 5, pedestal is 184.251
8  5  1  113.665  588.414  86.3742
8  5  2  252.462  1446.77  189.777
8  5  3  633.714  3756.51  413.201
8  5  4  1053.46  7146.17  645.054
8  5  5  1888.77  12992.6  1062.25
For row 8 and col 6, pedestal is 220.159
8  6  1  87.6111  418.15  126.691
8  6  2  130.43  709.165  163.878
8  6  3  222.79  1502.66  298.924
8  6  4  433.405  3197.93  671.33
8  6  5  356.88  2816  707.352
For row 8 and col 7, pedestal is 192.921
8  7  1  40.3276  289.137  78.885
8  7  2  62.3217  459.023  199.141
8  7  3  107.898  834.42  287.315
8  7  4  228.167  1802.11  652.603
8  7  5  356.844  2935.84  953.292
For row 8 and col 8, pedestal is 211.665
8  8  1  28.6006  179.693  155.206
8  8  2  38.4517  246.957  182.637
8  8  3  79.6556  575.18  375.922
8  8  4  136.416  1000.76  704.946
8  8  5  266.282  2031.27  1161.67
For row 8 and col 9, pedestal is 207.968
8  9  1  11.4194  76.982  49.0676
8  9  2  17.154  125.443  71.4899
8  9  3  39.9906  321.421  205.011
8  9  4  67.9797  581.321  292.051
8  9  5  206.596  1756.8  997.964
For row 8 and col 10, pedestal is 222.113
8  10  1  10.9905  59.2012  86.6889
8  10  2  17.6842  104.937  81.9442
8  10  3  31.7725  215.664  159.855
8  10  4  49.0669  369.636  308.338
8  10  5  165.659  1328.62  865.876
For row 8 and col 11, pedestal is 206.011
8  11  1  12.7557  95.3818  87.668
8  11  2  12.6578  116.024  86.5743
8  11  3  37.5119  305.331  196.069
8  11  4  102.936  809.534  238.507
8  11  5  218.697  1808.92  539.639
For row 9 and col 0, pedestal is 220.198
9  0  1  12.1792  47.9342  47.8111
9  0  2  15.36  106.992  87.9601
9  0  3  23.4355  186.106  162.503
9  0  4  86.0568  692.756  510.202
9  0  5  123.295  860.85  771.239
For row 9 and col 1, pedestal is 292.453
9  1  1  17.5397  100.53  72.6458
9  1  2  37.5684  254.656  106.26
9  1  3  73.8517  512.933  195.138
9  1  4  307.612  2263.31  556.726
9  1  5  312.301  2088.93  775.576
For row 9 and col 2, pedestal is 212.969
9  2  1  24.429  188.894  53.413
9  2  2  66.3728  432.494  138.186
9  2  3  117.475  807.912  224.712
9  2  4  412.053  3093.14  666.339
9  2  5  527.462  3605.78  904.585
For row 9 and col 3, pedestal is 253.479
9  3  1  29.1973  168.919  89.7124
9  3  2  51.5714  334.041  176.059
9  3  3  105.724  685.849  356.279
9  3  4  199.999  1472.62  615.682
9  3  5  486.316  3566.23  1356.44
For row 9 and col 4, pedestal is 205.005
9  4  1  53.5651  311.58  120.803
9  4  2  90.8156  656.774  141.844
9  4  3  223.881  1564.69  384.137
9  4  4  392.083  3105.95  561.479
9  4  5  1087.91  8576.48  1339.17
For row 9 and col 5, pedestal is 186.291
9  5  1  50.5038  290.774  56.8355
9  5  2  126.071  736.865  147.187
9  5  3  295.162  1744.57  301.217
9  5  4  585.229  3956.04  542.073
9  5  5  1221.11  8376.11  1058.67
For row 9 and col 6, pedestal is 239.532
9  6  1  92.0245  501.508  107.576
9  6  2  129.902  794.761  159.204
9  6  3  291.182  1898.31  312.374
9  6  4  573.692  3785.41  569.511
9  6  5  927.862  6442.41  878.539
For row 9 and col 7, pedestal is 246.831
9  7  1  51.452  435.519  78.1235
9  7  2  58.9178  524.737  109.829
9  7  3  91.5084  773.208  148.008
9  7  4  318.512  2465.5  503.285
9  7  5  620.902  5003.02  834.544
For row 9 and col 8, pedestal is 238.647
9  8  1  23.4245  153.364  112.094
9  8  2  31.4442  222.773  169.709
9  8  3  63.6868  455.388  349.441
9  8  4  61.3803  447.288  412.131
9  8  5  147.817  1107.21  799.354
For row 9 and col 9, pedestal is 247.196
9  9  1  18.8619  99.8959  117.206
9  9  2  22.5561  160.214  137.343
9  9  3  49.1955  380.865  375.581
9  9  4  127.395  985.223  553.914
9  9  5  275.383  2202.53  1052.03
For row 9 and col 10, pedestal is 232.763
9  10  1  15.3169  98.3366  66.3839
9  10  2  20.8935  154.752  83.5944
9  10  3  44.9852  354.448  234.424
9  10  4  99.9042  815.099  432.935
9  10  5  171.793  1418.84  635.814
For row 9 and col 11, pedestal is 218.907
9  11  1  18.0056  136.531  57.1955
9  11  2  37.3392  258.76  132.884
9  11  3  56.6943  436.686  175.38
9  11  4  145.264  1119.45  354.474
9  11  5  390.799  3152.74  709.852
For row 10 and col 0, pedestal is 265.114
10  0  1  13.6761  46.6248  99.1249
10  0  2  12.0646  57.0647  45.8606
10  0  3  12.7791  89.0123  156.402
10  0  4  41.7048  310.648  303.673
10  0  5  48.3318  322.875  482.284
For row 10 and col 1, pedestal is 222.702
10  1  1  12.5344  50.7919  59.814
10  1  2  18.7113  114.786  63.0323
10  1  3  45.8466  309.329  204.213
10  1  4  128.961  977.357  570.785
10  1  5  202.37  1411.25  880.994
For row 10 and col 2, pedestal is 243.416
10  2  1  15.9125  81.2706  120.107
10  2  2  27.0622  156.586  107.097
10  2  3  69.877  453.421  197.633
10  2  4  207.687  1514.42  409.25
10  2  5  311.328  2034.95  576.954
For row 10 and col 3, pedestal is 253.97
10  3  1  27.3692  168.519  95.4172
10  3  2  56.3424  365.084  187.529
10  3  3  108.468  694.06  345.219
10  3  4  224.243  1627.57  644.115
10  3  5  482.191  3546.53  1215.84
For row 10 and col 4, pedestal is 216.2
10  4  1  57.3192  267.258  119.07
10  4  2  101.85  648.706  223.059
10  4  3  241.397  1570.65  515.978
10  4  4  374.199  2792.12  620.141
10  4  5  1003.92  7622.2  1323.4
For row 10 and col 5, pedestal is 229.448
10  5  1  97.7195  488.687  113.027
10  5  2  161.35  856.988  147.429
10  5  3  456.319  2595.15  393.228
10  5  4  622.182  4079.6  502.948
10  5  5  1575.84  10536  1175.47
For row 10 and col 6, pedestal is 248.821
10  6  1  60.8197  339.717  111.604
10  6  2  86.9876  633.786  132.333
10  6  3  200.554  1548.21  291.404
10  6  4  307.024  2407.92  478.081
10  6  5  620.773  4982.92  986.713
For row 10 and col 7, pedestal is 245.94
10  7  1  38.5044  302.695  90.9868
10  7  2  52.45  456.523  137.633
10  7  3  131.933  1110.05  243.077
10  7  4  308.578  2393.99  630.252
10  7  5  480.079  3792.63  839.19
For row 10 and col 8, pedestal is 234.086
10  8  1  27.0334  189.346  88.9301
10  8  2  43.2743  316.349  155.702
10  8  3  74.8527  563.777  283.916
10  8  4  204.133  1468.94  734.011
10  8  5  310.914  2335.78  955.833
For row 10 and col 9, pedestal is 207.019
10  9  1  16.1074  85.9022  123.1
10  9  2  17.0828  134.018  61.4371
10  9  3  28.5242  237.339  121.931
10  9  4  92.6475  764.763  276.451
10  9  5  248.692  2024.82  689.347
For row 10 and col 10, pedestal is 229.979
10  10  1  9.79767  37.3531  47.5389
10  10  2  12.8069  65.8811  39.5339
10  10  3  16.7626  117.615  119.479
10  10  4  48.8628  399.005  321.858
10  10  5  130.127  1073.09  889.58
For row 10 and col 11, pedestal is 223.48
10  11  1  18.0826  89.9399  71.2864
10  11  2  31.2098  207.776  123.934
10  11  3  54.7646  432.106  250.982
10  11  4  125.163  986.609  491.349
10  11  5  246.478  1988.38  872.534
For row 11 and col 0, pedestal is 230.242
11  0  1  13.5282  45.6692  96.0234
11  0  2  25.8445  143.552  118.07
11  0  3  34.3918  230.686  141.892
11  0  4  152.487  1110.33  302.847
11  0  5  242.876  1639.26  508.421
For row 11 and col 1, pedestal is 201.224
11  1  1  14.3841  35.2159  73.4367
11  1  2  15.4963  71.2636  98.1869
11  1  3  23.0847  147.522  132.372
11  1  4  69.4165  545.251  607.382
11  1  5  61.134  429.565  561.772
For row 11 and col 2, pedestal is 226.767
11  2  1  16.8172  39.6288  101.481
11  2  2  26.8628  124.333  158.369
11  2  3  40.5958  235.464  397.882
11  2  4  115.198  875.957  505.73
11  2  5  143.182  940.816  713.017
For row 11 and col 3, pedestal is 237.932
11  3  1  22.3178  60.5607  177.508
11  3  2  29.3146  104.117  279.867
11  3  3  41.1422  181.851  435.916
11  3  4  78.6946  482.132  726.802
11  3  5  171.258  1153.83  1112.27
For row 11 and col 4, pedestal is 230.568
11  4  1  55.7232  347.15  111.032
11  4  2  113.395  721.78  156.781
11  4  3  223.493  1574.86  385.775
11  4  4  504.132  3795.09  644.969
11  4  5  1261.09  9790.51  1390.58
For row 11 and col 5, pedestal is 229.23
11  5  1  60.8765  264.663  115.011
11  5  2  161.795  859.161  175.545
11  5  3  341.843  2022.2  356.905
11  5  4  517.027  3452.14  498.855
11  5  5  1669.91  11429  1281.15
For row 11 and col 6, pedestal is 221.449
11  6  1  76.8596  304.787  284.338
11  6  2  79.2992  490.127  185.921
11  6  3  99.6632  649.572  183.416
11  6  4  258.818  1892.99  442.071
11  6  5  414.82  3134.27  887.028
For row 11 and col 7, pedestal is 189.462
11  7  1  54.7409  263.521  514.548
11  7  2  64.0138  447.385  269.572
11  7  3  129.777  1060.04  316.606
11  7  4  230.893  1830.21  587.025
11  7  5  404.2  3232.28  954.297
For row 11 and col 8, pedestal is 213.767
11  8  1  24.8793  181.962  109.268
11  8  2  48.4858  357.07  180.423
11  8  3  89.3251  671.904  355.496
11  8  4  168.135  1239.81  617.893
11  8  5  330.552  2535.04  1142.36
For row 11 and col 9, pedestal is 194.104
11  9  1  17.4658  111.336  160.193
11  9  2  23.3847  188.809  130.081
11  9  3  46.697  368.801  271.407
11  9  4  107.472  890.359  489.862
11  9  5  290.95  2400.57  1096.06
For row 11 and col 10, pedestal is 195.916
11  10  1  17.2329  105.412  73.0701
11  10  2  21.441  165.985  104.898
11  10  3  38.8023  361.695  263.83
11  10  4  103.859  930.163  399.209
11  10  5  223.037  1948.23  1082.53
For row 11 and col 11, pedestal is 247.334
11  11  1  16.7716  96.7059  115.631
11  11  2  21.8605  150.371  108.32
11  11  3  32.9586  245.813  179.395
11  11  4  86.9386  668.94  358.466
11  11  5  186.148  1517.7  840.562
