#All information for run 1292.
#Row Col LED <Max> <Int> NPE
For row 12 and col 0, pedestal is 237.999
12  0  1  553.203  3181.38  78.4237
12  0  2  1284.77  8065.38  172.874
12  0  3  2670.25  16989.6  290.122
For row 12 and col 1, pedestal is 194.135
12  1  1  87.7755  479.127  14.9085
12  1  2  1069.45  6401.44  153.406
12  1  3  3886.85  24487.2  682.871
For row 12 and col 2, pedestal is 214.718
12  2  1  268.097  1487.79  70.9035
12  2  2  702.811  4269.02  177.166
12  2  3  1473.58  9075.82  326.008
For row 12 and col 3, pedestal is 215.355
12  3  1  762.697  4365.7  102.959
12  3  2  1834.48  10807.9  223.384
12  3  3  2428.68  15835.7  294.276
For row 12 and col 4, pedestal is 230.923
12  4  1  80.6871  477.723  60.3785
12  4  2  138.227  860.976  104.466
12  4  3  322.006  2194.59  224.618
For row 12 and col 5, pedestal is 207.295
12  5  1  216.819  1346.09  85.8143
12  5  2  395.178  2502.62  147.253
12  5  3  726.471  5078.41  252.584
For row 12 and col 6, pedestal is 203.475
12  6  1  172.4  1128.01  97.3464
12  6  2  263.245  1654.89  148.602
12  6  3  467.956  3416.38  240.579
For row 12 and col 7, pedestal is 195.791
12  7  1  93.6545  581.467  57.7193
12  7  2  132.681  756.041  94.623
12  7  3  303.167  2225.09  209.68
For row 12 and col 8, pedestal is 234.461
12  8  1  393.336  2196.66  64.8287
12  8  2  913.013  5422.15  143.171
12  8  3  2851.8  18786.7  290.136
For row 12 and col 9, pedestal is 230.051
12  9  1  610.492  3361.25  96.1107
12  9  2  1492.05  8349.16  219.145
12  9  3  2395.52  13991.2  319.229
For row 12 and col 10, pedestal is 214.4
12  10  1  468.845  2646.13  96.003
12  10  2  1114.21  6397.61  201.175
12  10  3  1720.27  10300.3  309.602
For row 12 and col 11, pedestal is 184.041
12  11  1  617.654  3473.74  117.084
12  11  2  1351.34  7782.63  231.969
12  11  3  2394.35  14433.9  375.265
For row 13 and col 0, pedestal is 168.279
13  0  1  416.837  2383.28  39.9558
13  0  2  1341.52  8265.02  118.689
13  0  3  3968.3  25876.1  806.787
For row 13 and col 1, pedestal is 198.972
13  1  1  661.576  3701.54  68.0603
13  1  2  1938.14  11717.5  174.845
13  1  3  3104.64  19385.9  208.833
For row 13 and col 2, pedestal is 214.556
13  2  1  443.751  2625.84  88.6528
13  2  2  1026.54  6549.42  191.803
13  2  3  2577.76  16565.6  354.243
For row 13 and col 3, pedestal is 194.359
13  3  1  593.204  3357.42  104.748
13  3  2  992.191  5856.73  173.055
13  3  3  1839.17  12022.5  299.879
For row 13 and col 4, pedestal is 204.716
13  4  1  103.071  561.832  29.6488
13  4  2  715.059  3906.96  178.08
13  4  3  1053.85  6451.09  257.87
For row 13 and col 5, pedestal is 202.409
13  5  1  112.705  673.015  109.911
13  5  2  217.676  1285.98  189.566
13  5  3  403.033  2718.51  324.056
For row 13 and col 6, pedestal is 149.971
13  6  1  594.813  3230.31  135.2
13  6  2  888.812  5089.18  208.013
13  6  3  1983.52  12619.3  328.324
For row 13 and col 7, pedestal is 196.789
13  7  1  277.281  1635.83  129.729
13  7  2  511.983  3200.34  230.369
13  7  3  954.047  6893.67  377.456
For row 13 and col 8, pedestal is 224.845
13  8  1  914.07  5410.66  113.369
13  8  2  1366.08  8489.63  172.777
13  8  3  3283.54  22840.9  275.55
For row 13 and col 9, pedestal is 214.45
13  9  1  375.602  2162.82  72.6392
13  9  2  1014.11  5868.63  185.665
13  9  3  1633.28  9862.53  275.784
For row 13 and col 10, pedestal is 196.292
13  10  1  533.488  3012.64  97.5183
13  10  2  1186.69  6857.08  199.18
13  10  3  2182.82  13028.8  313.776
For row 13 and col 11, pedestal is 211.388
13  11  1  404.055  2291.44  102.87
13  11  2  803.077  4652.85  204.869
13  11  3  1648.26  9988.7  382.129
For row 14 and col 0, pedestal is 202.645
14  0  1  257.822  1470.79  69.0819
14  0  2  657.367  4125.53  162.5
14  0  3  1610.97  10287.3  344.6
For row 14 and col 1, pedestal is 226.604
14  1  1  460.64  2691.65  83.2421
14  1  2  845.928  5387.58  146.729
14  1  3  2267.12  14645  327.559
For row 14 and col 2, pedestal is 189.113
14  2  1  579.776  3460.51  80.3769
14  2  2  1132.76  7305.34  161.424
14  2  3  3810.11  24999.8  327.065
For row 14 and col 3, pedestal is 211.549
14  3  1  310.519  1748.21  101.46
14  3  2  684.163  4079.87  204.677
14  3  3  636.054  4182.53  201.775
For row 14 and col 4, pedestal is 185.513
14  4  1  143.566  916.187  72.1455
14  4  2  331.046  2032.06  149.062
14  4  3  588.445  4072.22  251.591
For row 14 and col 5, pedestal is 216.843
14  5  1  233.295  1414.35  81.6239
14  5  2  368.167  2280.59  126.753
14  5  3  784.635  5462.88  261.314
For row 14 and col 6, pedestal is 180.198
14  6  1  245.577  1349.84  131.333
14  6  2  401.226  2641.23  224.445
14  6  3  677.03  5025.64  328.297
For row 14 and col 7, pedestal is 227.711
14  7  1  192.982  1223.67  134.187
14  7  2  330.857  2187.52  210.842
14  7  3  755.251  5702.67  371.287
For row 14 and col 8, pedestal is 201.076
14  8  1  735.409  4644.78  175.978
14  8  2  906.858  5971.53  212.951
14  8  3  2265.59  16526.4  456.837
For row 14 and col 9, pedestal is 212.55
14  9  1  274.504  1636.02  90.3656
14  9  2  794.077  4692.04  233.031
14  9  3  1245.48  7645.62  351.281
For row 14 and col 10, pedestal is 237.851
14  10  1  640.113  3785.19  68.0592
14  10  2  1370.21  8269.71  137.484
14  10  3  3123.35  19477.1  188.106
For row 14 and col 11, pedestal is 209.589
14  11  1  767.044  4519.25  85.1936
14  11  2  1627.02  9752.88  174.075
14  11  3  3129.47  19598.6  217.627
For row 15 and col 0, pedestal is 231.913
15  0  1  675.824  3770.6  80.2458
15  0  2  1535.78  9204.9  166.067
15  0  3  3757.95  46503  2569.88
For row 15 and col 1, pedestal is 199.505
15  1  1  169.418  920.455  39.0935
15  1  2  639.515  3875.49  136.88
15  1  3  2480.14  15326  397.41
For row 15 and col 2, pedestal is 220.877
15  2  1  616.474  3449.5  103.23
15  2  2  1292.84  7814.07  206.352
15  2  3  3582.57  22476  396.463
For row 15 and col 3, pedestal is 173.734
15  3  1  554.796  3105.29  98.2691
15  3  2  1455.14  8394.24  224.539
15  3  3  88.8265  557.177  20.2724
For row 15 and col 4, pedestal is 211.858
15  4  1  163.44  1039.63  70.7644
15  4  2  323.93  2007.08  126.037
15  4  3  846.557  5900.32  293.216
For row 15 and col 5, pedestal is 180.165
15  5  1  187.942  1288.71  86.9806
15  5  2  295.334  1983.15  140.081
15  5  3  801.808  5766.41  336.445
For row 15 and col 6, pedestal is 219.237
15  6  1  445.235  2506.06  124.277
15  6  2  616.649  3508.69  175.698
15  6  3  1713.36  10915.3  353.253
For row 15 and col 7, pedestal is 223.632
15  7  1  291.8  1929.28  155.071
15  7  2  370.451  2546.16  194.79
15  7  3  832.834  6362  339.58
For row 15 and col 8, pedestal is 174.902
15  8  1  526.101  3165.81  181.527
15  8  2  582.674  3644.6  200.698
15  8  3  1827.89  12889.1  570.51
For row 15 and col 9, pedestal is 189.407
15  9  1  331.983  1862  107.733
15  9  2  617.559  3559.91  185.712
15  9  3  1240.92  7457.25  355.715
For row 15 and col 10, pedestal is 184.494
15  10  1  297.03  1664.43  80.2493
15  10  2  729.721  4183.43  184.601
15  10  3  1407.77  8442.32  337.198
For row 15 and col 11, pedestal is 206.04
15  11  1  301.532  1712.09  63.2034
15  11  2  843.237  4910.58  157.64
15  11  3  1571.11  9608.9  287.676
For row 16 and col 0, pedestal is 181.1
16  0  1  51.83  291.219  17.6057
16  0  2  727.048  4421.13  193.967
16  0  3  1822.77  11299.1  394.741
For row 16 and col 1, pedestal is 217.085
16  1  1  414.774  2336.42  71.7
16  1  2  1246.43  7635.96  195.491
16  1  3  3281.71  20697.2  338.346
For row 16 and col 2, pedestal is 208.599
16  2  1  282.82  1604.49  102.302
16  2  2  610.134  3774.98  207.617
16  2  3  1724.69  10914.6  488.865
For row 16 and col 3, pedestal is 202.979
16  3  1  364.5  2041.99  95.5845
16  3  2  752.141  4419.05  196.763
16  3  3  1119.11  7288.24  284.065
For row 16 and col 4, pedestal is 228.546
16  4  1  136.354  977.869  75.1417
16  4  2  204.673  1345.48  115.605
16  4  3  497.981  3506.57  260.978
For row 16 and col 5, pedestal is 193.275
16  5  1  25.0438  96.4905  47.9339
16  5  2  594.377  3297.41  143.49
16  5  3  1236.46  7563.14  272.593
For row 16 and col 6, pedestal is 189.413
16  6  1  281.438  1597.02  193.913
16  6  2  408.354  2710.44  248.887
16  6  3  973.099  7262.72  505.725
For row 16 and col 7, pedestal is 220.527
16  7  1  201.057  1174.7  114.863
16  7  2  314.651  2079.34  148.332
16  7  3  597.096  4530.15  327.47
For row 16 and col 8, pedestal is 190.152
16  8  1  1199.67  6996.54  129.212
16  8  2  1975.27  12125.7  206.723
For row 16 and col 9, pedestal is 217.142
16  9  1  299.621  1693.9  89.6062
16  9  2  738.492  4296.71  202.543
16  9  3  1526.34  9385.31  378.901
For row 16 and col 10, pedestal is 210.965
16  10  1  717.046  4084.6  112.142
16  10  2  1788.52  10427.5  261.712
16  10  3  2985.31  18107.1  348.488
For row 16 and col 11, pedestal is 207.202
16  11  1  134.654  745.505  86.6014
16  11  2  310.947  1800.3  175.972
16  11  3  569.043  3436.41  304.936
For row 17 and col 0, pedestal is 191.18
17  0  1  348.149  1877.8  90.8062
17  0  2  862.371  5092.47  197.516
17  0  3  2251.86  13550.7  416.561
For row 17 and col 1, pedestal is 200.54
17  1  1  23.3716  160.884  16.5093
17  1  2  273.183  1707.4  125.419
17  1  3  43.8096  302.961  23.8289
For row 17 and col 2, pedestal is 197.844
17  2  1  916.442  5265.09  97.5179
17  2  2  2183.86  13535.4  204.424
For row 17 and col 3, pedestal is 225.122
17  3  1  354.509  1972.04  86.6101
17  3  2  708.346  4062.79  167.952
17  3  3  1193.46  7610.4  281.891
For row 17 and col 4, pedestal is 209.845
17  4  1  218.533  1186.53  101.702
17  4  2  437.726  2661.25  173.868
17  4  3  702.876  4902.43  302.841
For row 17 and col 5, pedestal is 175.318
17  5  1  549.811  2896.37  105.284
17  5  2  987.544  5384.72  182.546
17  5  3  1984.13  12074.8  281.165
For row 17 and col 6, pedestal is 219.766
17  6  1  358.527  1705.13  123.918
17  6  2  499.653  2759.35  180.21
17  6  3  1132.79  6919.99  339.628
For row 17 and col 7, pedestal is 230.111
17  7  1  128.952  785.249  107.789
17  7  2  196.029  1392.08  161.723
17  7  3  355.917  2748.87  328.202
For row 17 and col 8, pedestal is 214.001
17  8  1  773.59  4446.02  90.2646
17  8  2  2019.66  12020.9  214.374
For row 17 and col 9, pedestal is 217.143
17  9  1  430.142  2508.29  73.3734
17  9  2  812.401  4750.1  133.515
17  9  3  2017.23  12206.2  289.291
For row 17 and col 10, pedestal is 204.871
17  10  1  623.174  3538.83  101.835
17  10  2  1325.21  7603.71  208.696
17  10  3  2000.23  11940.2  303.134
For row 17 and col 11, pedestal is 242.642
17  11  1  164.831  873.007  68.7406
17  11  2  475.463  2651.56  184.843
17  11  3  934.934  5666.86  322.383
For row 18 and col 0, pedestal is 209.539
18  0  1  291.942  1632.07  41.7771
18  0  2  845.244  4979.93  119.365
18  0  3  1243.52  7877.38  164.776
For row 18 and col 1, pedestal is 216.072
18  1  1  50.3156  281.818  63.4052
18  1  2  124.101  742.771  148.089
18  1  3  253.866  1651.91  283.119
For row 18 and col 2, pedestal is 209.602
18  2  1  506.581  2739.38  59.6898
18  2  2  1397.02  8007.05  154.252
18  2  3  2125.81  13163.5  212.12
For row 18 and col 3, pedestal is 240.404
18  3  1  334.463  2131.1  87.495
18  3  2  746.494  4990.41  192.117
18  3  3  1828.99  12313  415.643
For row 18 and col 4, pedestal is 194.916
18  4  1  290.875  1541.22  87.6097
18  4  2  614.056  3417.2  180.997
18  4  3  1261.45  7094.83  307.532
For row 18 and col 5, pedestal is 188.076
18  5  1  196.887  1192.87  123.14
18  5  2  425.453  2740.17  232.061
18  5  3  850.235  5524.8  390.938
For row 18 and col 6, pedestal is 209.086
18  6  1  202.764  1395.07  130.845
18  6  2  376.275  2560.39  195.037
18  6  3  761.877  5773.75  374.76
For row 18 and col 7, pedestal is 230.027
18  7  1  278.101  1789.8  136.932
18  7  2  474.941  3144.1  198.938
18  7  3  960.339  7113.87  357.549
For row 18 and col 8, pedestal is 239.297
18  8  1  1571.75  9214.26  119.691
18  8  2  3205.99  19740.7  145.343
For row 18 and col 9, pedestal is 231.83
18  9  1  352.89  2521.89  84.5913
18  9  2  603.085  4266.63  130.648
18  9  3  1253.03  9554.79  266.09
For row 18 and col 10, pedestal is 217.374
18  10  1  591.475  4148.82  79.832
18  10  2  790.534  5444.62  88.9855
18  10  3  1519.4  11296.7  173.913
For row 18 and col 11, pedestal is 182.989
18  11  1  269.774  1853.45  54.4629
18  11  2  308.139  2089.12  57.2998
18  11  3  764.55  5627.55  139.51
For row 19 and col 0, pedestal is 189.329
19  0  1  288.281  1537.5  51.5354
19  0  2  804.722  4599.31  130.14
19  0  3  1402.62  8677.99  205.313
For row 19 and col 1, pedestal is 220.127
19  1  1  837.87  4652.55  64.2828
19  1  2  1997.95  11751.5  138.665
19  1  3  3270.6  20893.6  177.906
For row 19 and col 2, pedestal is 250.174
19  2  1  373.929  2053.19  76.4404
19  2  2  938.989  5457.07  175.724
19  2  3  1309.79  8245.63  251.952
For row 19 and col 3, pedestal is 230.614
19  3  1  291.951  1696.74  116.663
19  3  2  598.752  3711.53  240.014
19  3  3  1067.15  6721.59  412.749
For row 19 and col 4, pedestal is 204.008
19  4  1  174.378  979.1  90.3303
19  4  2  337.983  2144.02  180.843
19  4  3  643.421  4103.63  298.125
For row 19 and col 5, pedestal is 218.209
19  5  1  257.747  1339.77  82.5381
19  5  2  559.117  3100.53  170.156
19  5  3  1637.25  9154.31  374.83
For row 19 and col 6, pedestal is 218.773
19  6  1  244.337  1338.05  96.8884
19  6  2  405.875  2346.98  155.178
19  6  3  785.249  4986.36  261.064
For row 19 and col 7, pedestal is 236.701
19  7  1  131.945  873.015  103.328
19  7  2  206.949  1411.13  150.827
19  7  3  328.891  2513.73  235.968
For row 19 and col 8, pedestal is 207.716
19  8  1  534.682  3288.51  131.308
19  8  2  785.615  5059.15  185.926
19  8  3  1409.17  10007.7  339.649
For row 19 and col 9, pedestal is 183.169
19  9  1  538.052  3786.92  87.4455
19  9  2  908.404  6260.05  121.504
19  9  3  2027.36  15063.9  261.787
For row 19 and col 10, pedestal is 199.442
19  10  1  296.908  2118.18  77.0403
19  10  2  618.944  4377.83  134.252
19  10  3  1289.32  9835.76  291.796
For row 19 and col 11, pedestal is 194.879
19  11  1  179.371  1225.22  60.7883
19  11  2  276.018  1863.12  74.5342
19  11  3  956.225  7142.77  262.376
For row 20 and col 0, pedestal is 240.209
20  0  1  125.676  682.134  49.1217
20  0  2  382.402  2237.74  153.004
20  0  3  668.606  4205.24  251.183
For row 20 and col 1, pedestal is 233.987
20  1  1  345.477  1936.53  57.7775
20  1  2  869.723  5145.55  147.331
20  1  3  1606.02  10197.6  262.929
For row 20 and col 2, pedestal is 213.022
20  2  1  970.745  5304.25  67.6124
20  2  2  2422.32  13924.7  141.524
20  2  3  3909.64  23677  186.378
For row 20 and col 3, pedestal is 216.089
20  3  1  411.442  2403.49  106.355
20  3  2  953.842  5812.65  219.887
20  3  3  1463.95  8989.36  325.858
For row 20 and col 4, pedestal is 170.973
20  4  1  130.842  736.876  69.2636
20  4  2  26.8228  117.746  79.0621
20  4  3  590.52  3773.56  290.462
For row 20 and col 5, pedestal is 187.183
20  5  1  485.493  2554.96  89.159
20  5  2  1129.13  6374.86  192.245
20  5  3  3052.32  17720.4  258.805
For row 20 and col 6, pedestal is 222.676
20  6  1  283.318  1737.69  153.735
20  6  2  490.731  3105.6  235.125
20  6  3  967.647  6960.21  405.532
For row 20 and col 7, pedestal is 194.556
20  7  1  161.419  1085.29  126.494
20  7  2  244.773  1693.22  179.915
20  7  3  475.736  3638.4  340.697
For row 20 and col 8, pedestal is 213.946
20  8  1  708.834  4226.17  148.101
20  8  2  973.305  6108.11  212.972
20  8  3  2156.25  14845.2  393.746
For row 20 and col 9, pedestal is 210.869
20  9  1  322.513  2342.33  72.3731
20  9  2  532.09  3836.44  109.249
20  9  3  1220.18  9499.63  268.894
For row 20 and col 10, pedestal is 223.816
20  10  1  230.385  1624.68  68.3929
20  10  2  503.907  3484.3  124.703
20  10  3  1025.19  7732.31  251.792
For row 20 and col 11, pedestal is 210.744
20  11  1  231.358  1655.06  91.9258
20  11  2  311.02  2181.87  100.209
20  11  3  986.219  7452.83  324.415
For row 21 and col 0, pedestal is 220.451
21  0  1  165.692  935.085  49.7938
21  0  2  413.852  2534.17  123.594
21  0  3  768.837  4991.1  229.751
For row 21 and col 1, pedestal is 293.473
21  1  1  502.173  2759.64  59.2935
21  1  2  1357.21  7852.95  142.372
21  1  3  2653.79  16575.8  244.125
For row 21 and col 2, pedestal is 213.205
21  2  1  824.98  4633.6  61.3777
21  2  2  1985.49  11756  143.936
21  2  3  3599.11  23115.6  235.58
For row 21 and col 3, pedestal is 253.483
21  3  1  950.829  5440.05  102.515
21  3  2  1855.69  11199.7  201.509
21  3  3  3817.41  24016.9  577.125
For row 21 and col 4, pedestal is 204.964
21  4  1  223.667  1292.17  88.2752
21  4  2  444.951  2877.25  167.797
21  4  3  1070.46  7082.2  355.294
For row 21 and col 5, pedestal is 186.357
21  5  1  261.569  1381.98  67.4086
21  5  2  621.546  3491.71  137.743
21  5  3  1483.29  8483.24  290.135
For row 21 and col 6, pedestal is 240.597
21  6  1  412.189  2195.34  116.435
21  6  2  615.958  3480.66  158.464
21  6  3  1378.57  8648.25  306.47
For row 21 and col 7, pedestal is 246.921
21  7  1  264.77  1696.11  108.382
21  7  2  318.534  2154.71  136.765
21  7  3  426.792  3171.77  179.678
For row 21 and col 8, pedestal is 239.616
21  8  1  655.714  3877.78  154.611
21  8  2  952.325  5897.36  208.024
21  8  3  1877.99  12850.6  386.255
For row 21 and col 9, pedestal is 248.411
21  9  1  401.894  2838.87  86.157
21  9  2  699.053  4773.49  124.773
21  9  3  1638.9  12114.2  283.306
For row 21 and col 10, pedestal is 233.59
21  10  1  388.39  2768.17  76.7726
21  10  2  641.754  4481.89  111.961
21  10  3  1385.9  10456.9  249.288
For row 21 and col 11, pedestal is 219.643
21  11  1  587.64  4186.56  89.2521
21  11  2  1159.22  8040.11  145.424
21  11  3  1861.77  13981.2  240.995
For row 22 and col 0, pedestal is 266.997
22  0  1  64.9953  361.836  47.2985
22  0  2  119.696  726.606  102.108
22  0  3  286.92  1789.67  213.823
For row 22 and col 1, pedestal is 224.117
22  1  1  175.288  1046.62  30.2337
22  1  2  488.566  3034.92  81.6378
22  1  3  1387.91  9115.58  215.475
For row 22 and col 2, pedestal is 245.129
22  2  1  407.614  2259.91  47.6416
22  2  2  835.1  4954.5  98.0108
22  2  3  2378.32  14931.5  223.172
For row 22 and col 3, pedestal is 253.441
22  3  1  782.675  4537.12  108.355
22  3  2  1639.55  10046.6  214.409
22  3  3  3270.66  20222.6  269.583
For row 22 and col 4, pedestal is 217.765
22  4  1  203.709  1117.44  99.3947
22  4  2  434.491  2726.8  192.119
22  4  3  1062  6868.35  404.368
For row 22 and col 5, pedestal is 231.241
22  5  1  415.108  2157.55  90.1028
22  5  2  716.346  3936.2  154.227
22  5  3  2158.69  12053.4  340.275
For row 22 and col 6, pedestal is 250.079
22  6  1  238.606  1513.46  118.763
22  6  2  437.266  2906.46  186.553
22  6  3  963.026  7132.05  369.691
For row 22 and col 7, pedestal is 245.435
22  7  1  207.336  1407  95.1582
22  7  2  287.764  2076.04  135.102
22  7  3  673.943  5171.77  309.973
For row 22 and col 8, pedestal is 236.27
22  8  1  904.059  5366.36  119.77
22  8  2  1451.83  9001.52  178.253
22  8  3  2397.15  16351.2  267.856
For row 22 and col 9, pedestal is 207.514
22  9  1  303.456  2149.53  52.765
22  9  2  556.918  3836.05  81.9864
22  9  3  971.959  7227.7  156.126
For row 22 and col 10, pedestal is 229.717
22  10  1  187.954  1340.13  67.5596
22  10  2  346.409  2410.08  102.107
22  10  3  560.209  4207.38  168.001
For row 22 and col 11, pedestal is 223.15
22  11  1  342.145  2451.6  52.6833
22  11  2  923.215  6487.25  111.848
22  11  3  1810.8  13736.4  235.091
For row 23 and col 0, pedestal is 231.736
23  0  1  183.155  1015.3  49.5172
23  0  2  615.072  3678.13  145.351
23  0  3  1000.33  6421.93  226.646
For row 23 and col 1, pedestal is 202.291
23  1  1  101.327  561.876  50.9268
23  1  2  267.713  1618.75  131.02
23  1  3  570.104  3681.45  258.04
For row 23 and col 2, pedestal is 226.751
23  2  1  128.343  706.766  37.9187
23  2  2  558.014  3278.73  152.739
23  2  3  1034.95  6560.5  265.453
For row 23 and col 3, pedestal is 238.449
23  3  1  276.312  1554.85  92.7148
23  3  2  511.907  3052.82  161.797
23  3  3  858.607  5161.74  268.277
For row 23 and col 4, pedestal is 231.401
23  4  1  256.428  1566.29  125.863
23  4  2  503.778  3312.42  220.908
23  4  3  1104.27  7292.52  399.411
For row 23 and col 5, pedestal is 232.135
23  5  1  265.394  1326.99  79.6255
23  5  2  723.655  4054.83  202.211
23  5  3  1657.2  9499.16  360.204
For row 23 and col 6, pedestal is 225.827
23  6  1  202.821  1250.33  171.006
23  6  2  310.098  2002.66  182.563
23  6  3  404.662  2955.95  252.731
For row 23 and col 7, pedestal is 191.154
23  7  1  209.305  1219.16  105.005
23  7  2  292.964  2044  168.906
23  7  3  651.002  5039.65  333.956
For row 23 and col 8, pedestal is 214.731
23  8  1  788.182  4741.89  112.38
23  8  2  1506.81  9478.04  205.529
23  8  3  2708.99  18671.8  331.517
For row 23 and col 9, pedestal is 194.43
23  9  1  353.187  2542.77  63.1784
23  9  2  754.749  5265.04  112.68
23  9  3  1472.53  11071.9  230.042
For row 23 and col 10, pedestal is 196.857
23  10  1  364.065  2615.83  69.3554
23  10  2  756.957  5221.94  117.639
23  10  3  1591.54  11960.3  266.07
For row 23 and col 11, pedestal is 248.612
23  11  1  245.806  1767.73  60.5196
23  11  2  448.995  3153.84  97.2067
23  11  3  821.47  6228.6  177.306
