#All information for run 1205.
#Row Col LED <Max> <Int> NPE
For row 0 and col 0, pedestal is 236.491
0  0  1  165.637  953.726  82.9324
0  0  2  382.633  2416.83  176.553
0  0  3  781.673  5065.76  356.644
0  0  4  1685  12151  674.768
0  0  5  3731.01  33649.5  1089.68
For row 0 and col 1, pedestal is 192.193
0  1  1  29.2924  145.032  20.3123
0  1  2  313.194  1903.84  147.235
0  1  3  1124.18  6974.49  424.536
0  1  4  1444.48  9968.67  554.509
0  1  5  1887.71  16371.1  787.856
For row 0 and col 2, pedestal is 212.131
0  2  1  87.2514  485.523  75.3656
0  2  2  217.63  1346.73  189.092
0  2  3  456.126  2832.72  348.568
0  2  4  1073.23  7475.3  632.288
0  2  5  2527.09  22103.1  900.167
For row 0 and col 3, pedestal is 215.387
0  3  1  235.151  1385.43  99.3534
0  3  2  568.229  3433.91  218.396
0  3  3  759.5  5076.29  279.436
0  3  4  2541.69  15964.6  793.409
0  3  5  7991.16  83716.7  nan
For row 0 and col 4, pedestal is 229.733
0  4  1  33.0327  180.057  118.465
0  4  2  50.6311  316.249  89.8419
0  4  3  117.91  813.458  217.064
0  4  4  437.719  2831.59  668.182
0  4  5  1113.96  8076.44  1478.83
For row 0 and col 5, pedestal is 206.662
0  5  1  73.1258  531.555  56.8461
0  5  2  136.589  975.744  131.614
0  5  3  266.979  1968.76  259.514
0  5  4  723.953  4787.01  654.161
0  5  5  2599.27  19263.6  1599.6
For row 0 and col 6, pedestal is 202.65
0  6  1  63.2662  456.748  181.574
0  6  2  95.1494  655.817  138.857
0  6  3  161.313  1276.23  219.473
0  6  4  272.489  2809.27  451.557
0  6  5  910.057  7250.56  988.667
For row 0 and col 7, pedestal is 193.281
0  7  1  34.1679  230.117  61.2716
0  7  2  59.6959  277.46  95.0656
0  7  3  121.192  826.25  192.417
0  7  4  170.212  1462.55  286.461
0  7  5  619.706  4813.25  874.331
For row 0 and col 8, pedestal is 232.88
0  8  1  124.881  680.014  71.4256
0  8  2  279.443  1686.15  142.343
0  8  3  865.081  5795.9  386.852
0  8  4  1071.83  9190.7  549.608
0  8  5  3404.54  24403  1086.82
For row 0 and col 9, pedestal is 231.969
0  9  1  190.564  1052.37  102.076
0  9  2  454.923  2583.07  229.838
0  9  3  723.635  4307.3  340.207
0  9  4  1051.61  6741.45  470.467
0  9  5  2514.63  18019.8  923.858
For row 0 and col 10, pedestal is 212.925
0  10  1  151.113  856.971  90.8388
0  10  2  347.327  2034.6  199.304
0  10  3  532.744  3256.97  284.697
0  10  4  1010.24  6580.54  485.955
0  10  5  1840.71  13489.2  840.61
For row 0 and col 11, pedestal is 181.424
0  11  1  197.12  1107.48  96.0596
0  11  2  419.742  2438.03  168.676
0  11  3  728.455  4454.26  248.072
0  11  4  1482.28  9745.09  410.575
0  11  5  2114.57  15552.2  593.818
For row 1 and col 0, pedestal is 168.475
1  0  1  110.503  632.889  40.284
1  0  2  340.209  2148.84  113.827
1  0  3  1042.51  6646.27  284.363
1  0  4  1903.35  13454.5  470.189
1  0  5  8022.74  71885.3  nan
For row 1 and col 1, pedestal is 199.374
1  1  1  197.993  1126.84  66.6893
1  1  2  575.018  3555.95  170.864
1  1  3  902.228  5687.41  248.899
1  1  4  2096.31  14663.1  515.452
1  1  5  3559.81  31220.3  827.615
For row 1 and col 2, pedestal is 212.932
1  2  1  117.152  725.174  88.8166
1  2  2  275.988  1806.64  197.136
1  2  3  691.194  4546.67  420.826
1  2  4  1320.46  9599.74  783.005
1  2  5  2585.43  23375.6  1504.47
For row 1 and col 3, pedestal is 195.076
1  3  1  187.69  1087.65  108.077
1  3  2  310.362  1884.25  173.989
1  3  3  582.564  3883.07  306.987
1  3  4  1880.62  11760.5  871.303
1  3  5  7911.11  33761.6  29.2712
For row 1 and col 4, pedestal is 203.504
1  4  1  35.0223  225.579  22.5273
1  4  2  269.457  1529.39  172.507
1  4  3  400.102  2518.31  254.857
1  4  4  1604.14  9402.24  740.149
1  4  5  8001.82  41390.7  nan
For row 1 and col 5, pedestal is 203.354
1  5  1  46.0571  264.171  102.182
1  5  2  84.9955  499.419  159.468
1  5  3  153.327  1042.81  315.138
1  5  4  392.126  2555.04  869.919
1  5  5  1221.61  8952.37  1904.79
For row 1 and col 6, pedestal is 148.13
1  6  1  213.144  1172.12  164.752
1  6  2  326.126  1852.39  216.312
1  6  3  697.661  4522.46  385.226
1  6  4  1133.42  9518.23  711.775
1  6  5  3538.35  25380.5  1267.93
For row 1 and col 7, pedestal is 194.881
1  7  1  104.705  612.004  122.093
1  7  2  192.773  1203.36  200.842
1  7  3  355.137  2541.69  381.066
1  7  4  563.033  5262.63  666.929
1  7  5  1710.74  13386.8  1303.53
For row 1 and col 8, pedestal is 224.767
1  8  1  291.348  1732.37  117.652
1  8  2  429.687  2710.91  167.87
1  8  3  1001.23  7063.64  378.76
1  8  4  1424.28  12647.4  561.016
1  8  5  7966.47  42459.8  nan
For row 1 and col 9, pedestal is 212.988
1  9  1  116.628  700.672  71.1854
1  9  2  320.306  1896.86  190.594
1  9  3  514.228  3155.54  290.538
1  9  4  1041.92  6850.87  525.591
1  9  5  2149.97  15860.8  982.534
For row 1 and col 10, pedestal is 195.224
1  10  1  161.799  949.704  93.3583
1  10  2  362.333  2143.63  209.382
1  10  3  667.031  4062.53  346.361
1  10  4  1230.54  8099.57  583.891
1  10  5  2377.33  17472.7  983.632
For row 1 and col 11, pedestal is 209.768
1  11  1  131.022  758.378  97.8786
1  11  2  254.377  1509.75  187.608
1  11  3  522.048  3219.64  365.417
1  11  4  940.59  6218.16  578.533
1  11  5  1734.95  12912  903.154
For row 2 and col 0, pedestal is 200.762
2  0  1  76.538  422.608  67.9903
2  0  2  188.403  1195.52  153.496
2  0  3  463.315  2989.29  332.631
2  0  4  1074.1  7726.28  662.866
2  0  5  2658.68  23856.1  1497.87
For row 2 and col 1, pedestal is 224.821
2  1  1  151.437  894.168  81.8547
2  1  2  276.051  1780.51  152.004
2  1  3  733.771  4815.32  339.669
2  1  4  844.691  6156.15  405.085
2  1  5  2594.61  23533.5  1007.36
For row 2 and col 2, pedestal is 187.431
2  2  1  189.825  1146.64  80.5724
2  2  2  364.07  2398.63  152.684
2  2  3  1153.96  7634.63  389.094
2  2  4  1308.65  9639.85  478.773
2  2  5  3366.94  30560.6  955.72
For row 2 and col 3, pedestal is 211.077
2  3  1  98.6805  534.595  106.814
2  3  2  203.303  1234.57  203.05
2  3  3  194.571  1276.88  210.569
2  3  4  934.503  5915.66  829.486
2  3  5  3150.71  22148.4  1891.98
For row 2 and col 4, pedestal is 183.704
2  4  1  52.8264  355.769  71.9426
2  4  2  119.294  766.82  141.796
2  4  3  210.09  1510.24  271.674
2  4  4  609.267  4013.35  659.699
2  4  5  2469.98  18179.9  1877.62
For row 2 and col 5, pedestal is 216.534
2  5  1  86.6581  533.543  82.6067
2  5  2  141.924  854.891  129.086
2  5  3  293.91  2045.65  247.827
2  5  4  1000.75  6598.07  771.148
2  5  5  3102.82  22806.5  1347.49
For row 2 and col 6, pedestal is 179.731
2  6  1  110.788  508.006  103.587
2  6  2  154.308  984.076  182.358
2  6  3  256.043  1866.09  339.185
2  6  4  450.183  4352.22  612.121
2  6  5  1442.15  11789.6  1329.36
For row 2 and col 7, pedestal is 227.217
2  7  1  73.7588  467.725  153.017
2  7  2  124.12  834.924  200.901
2  7  3  273.081  2095.6  387.717
2  7  4  328.505  3312.87  542.838
2  7  5  1254.01  10354  1240.68
For row 2 and col 8, pedestal is 201.333
2  8  1  230.629  1516.13  164.903
2  8  2  288.132  1955.04  213.993
2  8  3  718.321  5366.95  508.206
2  8  4  1148.28  10728.5  813.611
2  8  5  3081.87  24115.4  1527.59
For row 2 and col 9, pedestal is 211.764
2  9  1  81.415  526.383  89.7745
2  9  2  237.582  1451.67  234.874
2  9  3  372.922  2334.94  345.273
2  9  4  718.519  4776.63  576.966
2  9  5  1374.04  10277.6  983.55
For row 2 and col 10, pedestal is 236.73
2  10  1  203.176  1229.49  65.883
2  10  2  425.659  2635.77  136.34
2  10  3  938.829  5993.94  254.455
2  10  4  1496.01  10248.3  365.829
2  10  5  3191.05  24337.2  565.191
For row 2 and col 11, pedestal is 207.852
2  11  1  233.543  1391.48  88.018
2  11  2  490.933  2971.19  187.122
2  11  3  919.609  5843.41  313.986
2  11  4  1845.41  12549.4  547.633
2  11  5  6476.57  34962.7  40.8182
For row 3 and col 0, pedestal is 230.709
3  0  1  212.057  1214.58  75.7584
3  0  2  489.458  2979.96  162.858
3  0  3  1343.36  8428.57  364.233
3  0  4  2254.85  15641.2  584.245
3  0  5  7909.98  47521.1  826.823
For row 3 and col 1, pedestal is 200.269
3  1  1  57.8967  288.095  40.1923
3  1  2  203.767  1218.67  136.501
3  1  3  755.547  4766.16  403.019
3  1  4  1032.79  7248.38  528.574
3  1  5  2421  21317.2  1165.16
For row 3 and col 2, pedestal is 218.697
3  2  1  162.775  915.762  100.149
3  2  2  335.644  2083.8  201.664
3  2  3  908.367  5684.66  463.665
3  2  4  1419.02  9827.36  676.688
3  2  5  5846.5  32563.4  109.617
For row 3 and col 3, pedestal is 172.967
3  3  1  166.604  933.688  102.089
3  3  2  436.486  2518.95  248.233
3  3  3  28.6228  175.196  24.9542
3  3  4  1922.93  11801  900.175
3  3  5  8018.23  61559.1  nan
For row 3 and col 4, pedestal is 209.836
3  4  1  73.1491  388.073  89.6341
3  4  2  116.538  759.223  110.78
3  4  3  320.157  2220.47  284.236
3  4  4  806.798  5382.87  679.339
3  4  5  2993.22  22596.1  1741.02
For row 3 and col 5, pedestal is 179.558
3  5  1  79.9947  520.498  148.275
3  5  2  116.398  783.17  141.896
3  5  3  307.058  2209.17  342.635
3  5  4  1039.26  7118.6  937.232
3  5  5  2764.43  21341  1868.27
For row 3 and col 6, pedestal is 217.718
3  6  1  140.58  855.308  138.891
3  6  2  198.136  1204  191.635
3  6  3  542.85  3645.2  405.008
3  6  4  827.025  7058.46  671.785
3  6  5  2787.53  19745.3  1123.43
For row 3 and col 7, pedestal is 222.986
3  7  1  135.283  775.954  121.151
3  7  2  155.229  1012.28  180.937
3  7  3  306.908  2460.63  390.812
3  7  4  517.011  5017.04  665.085
3  7  5  1024.49  8187.29  1024
For row 3 and col 8, pedestal is 173.128
3  8  1  162.596  967.631  184.616
3  8  2  179.644  1112.51  219.002
3  8  3  553.588  3951.66  606.59
3  8  4  715.956  6369.78  829.341
3  8  5  1921.67  14517.9  1625.71
For row 3 and col 9, pedestal is 187.377
3  9  1  101.611  592.684  101.102
3  9  2  193.353  1123.02  190.999
3  9  3  385.238  2331.91  333.792
3  9  4  825.251  5357.23  587.343
3  9  5  1754.77  12823.1  1180.85
For row 3 and col 10, pedestal is 183.362
3  10  1  90.0896  512.773  81.5256
3  10  2  211.83  1253.66  175.693
3  10  3  411.069  2522.34  351.654
3  10  4  488.983  3213.64  396.236
3  10  5  1458.96  10708.3  992.292
For row 3 and col 11, pedestal is 205.264
3  11  1  92.5915  537.782  63.095
3  11  2  252.266  1489.28  159.861
3  11  3  477.002  2949.98  281.479
3  11  4  935.08  6189.97  478.035
3  11  5  1693.58  12664.6  901.845
For row 4 and col 0, pedestal is 181.262
4  0  1  19.9042  109.981  21.3685
4  0  2  248.633  1530.3  178.389
4  0  3  613.654  3859.25  351.354
4  0  4  1008.04  7070.18  593.17
4  0  5  2503.35  21918.5  1305.4
For row 4 and col 1, pedestal is 216.309
4  1  1  133.682  757.427  75.4323
4  1  2  385.689  2399.7  188.649
4  1  3  971.002  6120.79  384.949
4  1  4  1487.82  10506  569.887
4  1  5  31861.8  123837  nan
For row 4 and col 2, pedestal is 209.816
4  2  1  85.2503  485.258  100.138
4  2  2  184.747  1159.4  218.765
4  2  3  518.278  3332.34  490.001
4  2  4  547.642  3919.37  552.161
4  2  5  1136.91  10200.1  1176.31
For row 4 and col 3, pedestal is 202.697
4  3  1  109.677  617.084  100.966
4  3  2  227.137  1339.05  194.289
4  3  3  337.061  2214.49  284.338
4  3  4  1299.48  8096.85  880.546
4  3  5  3427.74  23776.2  1571.41
For row 4 and col 4, pedestal is 227.592
4  4  1  55.5455  378.998  124.174
4  4  2  67.8996  526.607  103.526
4  4  3  172.48  1303.51  241
4  4  4  695.842  4613.22  827.01
4  4  5  1881.35  13942.7  1876.49
For row 4 and col 5, pedestal is 192.336
4  5  1  22.9921  41.0327  142.929
4  5  2  217.386  1269.61  145.746
4  5  3  454.323  2847.41  292.375
4  5  4  63.8335  356.753  76.5328
4  5  5  3566.78  23893.8  1454.97
For row 4 and col 6, pedestal is 188.66
4  6  1  133.401  633.549  131.096
4  6  2  139.286  1036.65  145.21
4  6  3  346.236  2704.61  464.635
4  6  4  396.997  4051.39  597.552
4  6  5  1359.17  11112.8  1309.95
For row 4 and col 7, pedestal is 219.837
4  7  1  88.8963  450.74  115.419
4  7  2  108.038  797.88  106.027
4  7  3  231.842  1760.99  298.911
4  7  4  354.883  3534.92  475.386
4  7  5  1405.06  11410.6  1224.83
For row 4 and col 8, pedestal is 192.086
4  8  1  361.025  2131.61  131.122
4  8  2  592.924  3716.58  209.733
4  8  3  1373.18  9595.3  444.331
4  8  4  1695.2  15073.3  649.421
4  8  5  7998.78  52368.4  nan
For row 4 and col 9, pedestal is 216.237
4  9  1  100.121  547.113  85.5788
4  9  2  245.15  1402.97  175.836
4  9  3  482.203  2987.63  308.008
4  9  4  839.211  5561.77  449.13
4  9  5  1684.12  12560.9  740.824
For row 4 and col 10, pedestal is 210.737
4  10  1  227.371  1336.68  108.07
4  10  2  559.252  3366.61  254.684
4  10  3  924.74  5760.3  405.868
4  10  4  1538.09  10160.6  590.699
4  10  5  2773.51  20463.2  992.418
For row 4 and col 11, pedestal is 206.557
4  11  1  45.0671  264.239  70.9373
4  11  2  90.3578  590.91  120.51
4  11  3  176.325  1104.26  193.252
4  11  4  398.788  2679.6  380.84
4  11  5  658.268  4891.3  653.902
For row 5 and col 0, pedestal is 191.847
5  0  1  108.96  578.783  95.582
5  0  2  256.09  1511.62  195.913
5  0  3  660.287  4021.87  444.115
5  0  4  1028.42  6949.66  683.258
5  0  5  2357.61  20103.5  1338.97
For row 5 and col 1, pedestal is 199.315
5  1  1  10.3431  68.2662  35.9247
5  1  2  85.5928  558.258  126.495
5  1  3  15.3463  112.28  30.9319
5  1  4  353.966  2477.42  424.33
5  1  5  1017.13  8894.3  1029.65
For row 5 and col 2, pedestal is 196.237
5  2  1  282.662  1633.31  94.1265
5  2  2  672.353  4210.49  224.923
5  2  3  1597.54  10268.1  426.154
5  2  4  2077.93  14829.3  601.595
5  2  5  7994.94  78288.4  nan
For row 5 and col 3, pedestal is 224.884
5  3  1  111.599  634.049  89.5612
5  3  2  222.211  1312.8  164.524
5  3  3  373.738  2433.34  282.155
5  3  4  1342.18  8194.07  837.944
5  3  5  7965.98  38460.7  nan
For row 5 and col 4, pedestal is 208.746
5  4  1  88.9158  476.525  113.1
5  4  2  153.395  1049.37  179.016
5  4  3  257.802  1889.12  318.348
5  4  4  631.721  4283.75  625.808
5  4  5  2896.15  21851.9  1843.05
For row 5 and col 5, pedestal is 173.078
5  5  1  206.668  1046.39  107.317
5  5  2  346.826  1926.05  180.559
5  5  3  690.498  4271.46  317.972
5  5  4  1996.67  11806.1  780.915
5  5  5  8017.78  78585.7  nan
For row 5 and col 6, pedestal is 218.538
5  6  1  132.431  625.227  123.519
5  6  2  163.829  1040.73  139.391
5  6  3  409.022  2593.44  341.998
5  6  4  579.318  4860.84  494.981
5  6  5  1816.4  12397.8  1128.78
For row 5 and col 7, pedestal is 229.86
5  7  1  49.9372  325.61  96.547
5  7  2  64.929  568.822  179.986
5  7  3  121.989  1039.35  280.576
5  7  4  184.8  1994.65  630.253
5  7  5  547.346  4516.95  957.747
For row 5 and col 8, pedestal is 212.56
5  8  1  239.982  1446.66  86.8221
5  8  2  631.301  3852.76  227.21
5  8  3  1453.59  9840.63  455.205
5  8  4  1756.11  15147.5  627.823
5  8  5  7992.07  77488.5  nan
For row 5 and col 9, pedestal is 215.705
5  9  1  139.036  857.774  62.184
5  9  2  255.377  1574.43  106.845
5  9  3  631.546  3992.87  190.526
5  9  4  999.049  6663.84  271.947
5  9  5  2682.15  19851.9  648.78
For row 5 and col 10, pedestal is 205.23
5  10  1  190.082  1131.14  103.407
5  10  2  406.798  2395.14  211.535
5  10  3  610.997  3730.42  313.507
5  10  4  1037.36  6764.06  491.068
5  10  5  2815.52  20503  1018.41
For row 5 and col 11, pedestal is 239.738
5  11  1  58.281  268.857  82.098
5  11  2  146.089  792.273  190.106
5  11  3  276.385  1670.54  330.726
5  11  4  372.044  2413.32  413.971
5  11  5  816.759  6018.83  842.36
For row 6 and col 0, pedestal is 207.934
6  0  1  85.9333  494.125  39.5247
6  0  2  251.083  1511.1  115.935
6  0  3  368.398  2376.13  171.666
6  0  4  2186.39  15835  708.528
6  0  5  2099.35  13722.2  758.526
For row 6 and col 1, pedestal is 216.604
6  1  1  11.095  48.5921  60.2052
6  1  2  12.6442  90.1532  106.182
6  1  3  22.5096  171.331  197.862
6  1  4  83.4428  645.551  578.099
6  1  5  109.182  757.139  801.859
For row 6 and col 2, pedestal is 208.771
6  2  1  156.106  846.273  60.5116
6  2  2  423.912  2472.85  157.897
6  2  3  640.366  4030.92  228.678
6  2  4  3173.23  22229.3  653.377
6  2  5  38982.8  27675.8  16.3495
For row 6 and col 3, pedestal is 241.289
6  3  1  103.091  684.082  77.3578
6  3  2  227.288  1563.56  153.199
6  3  3  556.745  3855.85  271.983
6  3  4  983.455  7677.95  436.899
6  3  5  2238.81  17623.3  739.579
For row 6 and col 4, pedestal is 192.045
6  4  1  109.912  581.785  98.2844
6  4  2  227.693  1282.88  179.737
6  4  3  462.722  2632.06  322.554
6  4  4  818.295  5344.16  490.282
6  4  5  2025.71  13543.5  984.211
For row 6 and col 5, pedestal is 186.563
6  5  1  90.7477  442.667  129.299
6  5  2  171.846  1033.03  240.561
6  5  3  321.904  2059.79  336.101
6  5  4  583.339  4352.26  603.627
6  5  5  1256.71  9673.39  1122.46
For row 6 and col 6, pedestal is 208.715
6  6  1  94.1622  539.07  108.6
6  6  2  143.185  967.445  185.719
6  6  3  282.241  2155.21  352.023
6  6  4  657.302  5090.72  645.996
6  6  5  885.427  7377.27  909.202
For row 6 and col 7, pedestal is 228.034
6  7  1  98.099  667.312  118.436
6  7  2  166.177  1163.69  182.751
6  7  3  340.291  2603.32  353.6
6  7  4  865.942  6717.42  771.93
6  7  5  1308.33  10689.2  1126.82
For row 6 and col 8, pedestal is 238.242
6  8  1  498.104  2955.46  110.175
6  8  2  964.85  6006.58  214.173
6  8  3  1614.91  11117.6  338.441
6  8  4  3681.82  25922.8  637.901
6  8  5  7952.93  93687.8  nan
For row 6 and col 9, pedestal is 231.524
6  9  1  114.481  819.1  91.8119
6  9  2  194.324  1383.24  137.478
6  9  3  401.429  3074.54  289.025
6  9  4  1137.12  8874.58  596.385
6  9  5  2248.01  18270.3  1107.39
For row 6 and col 10, pedestal is 216.775
6  10  1  173.698  1226.42  79.6203
6  10  2  226.611  1603.51  92.0179
6  10  3  442.847  3337.33  178.953
6  10  4  1346.01  10168.3  460.457
6  10  5  3015.18  23715.7  820.81
For row 6 and col 11, pedestal is 181.208
6  11  1  84.7575  582.316  54.0149
6  11  2  94.5202  658.965  53.8294
6  11  3  235.554  1755.46  151.398
6  11  4  763.222  5706.78  392.332
6  11  5  2004.99  15563.8  852.59
For row 7 and col 0, pedestal is 187.769
7  0  1  92.8216  477.263  47.3166
7  0  2  247.907  1414.71  103.352
7  0  3  426.534  2647.46  165.002
7  0  4  1866.19  13179.3  373.381
7  0  5  2640.28  16882.2  640.955
For row 7 and col 1, pedestal is 219.664
7  1  1  276.631  1559.48  67.5931
7  1  2  662.838  3967.51  147.084
7  1  3  1054.12  6827.28  223.184
7  1  4  7971.53  60989.9  nan
7  1  5  7971.53  77218.7  nan
For row 7 and col 2, pedestal is 248.172
7  2  1  120.814  653.111  71.5702
7  2  2  295.835  1724.17  175.427
7  2  3  407.247  2586.56  227.389
7  2  4  1750.46  12547.8  638.618
7  2  5  2994.58  19472  968.789
For row 7 and col 3, pedestal is 230.855
7  3  1  98.8526  580.828  113.147
7  3  2  201.072  1260.35  235.115
7  3  3  358.008  2305.41  401.708
7  3  4  717.009  5251.36  740.324
7  3  5  1503.56  11059.9  1456.32
For row 7 and col 4, pedestal is 202.77
7  4  1  70.1905  362.836  155.513
7  4  2  127.044  785.016  180.304
7  4  3  229.355  1516.91  280.037
7  4  4  476.498  3551.71  537.194
7  4  5  1113.92  8423.56  1089.23
For row 7 and col 5, pedestal is 218.533
7  5  1  94.8405  517.217  82.0485
7  5  2  208.628  1180.29  167.151
7  5  3  608.624  3468.29  408.6
7  5  4  956.351  6279.46  591.106
7  5  5  2065.96  13740.5  1068.98
For row 7 and col 6, pedestal is 218.211
7  6  1  95.1313  498.878  102.677
7  6  2  147.48  856.411  143.283
7  6  3  285.842  1823.72  265.865
7  6  4  511.545  3323.18  451.698
7  6  5  1246.87  8688.86  933.051
For row 7 and col 7, pedestal is 236.252
7  7  1  55.6562  365.433  84.922
7  7  2  81.7293  580.68  134.826
7  7  3  129.177  1008.45  227.402
7  7  4  390.818  3017.94  667.516
7  7  5  512.012  4179.01  820.144
For row 7 and col 8, pedestal is 208.588
7  8  1  174.584  1118.74  131.307
7  8  2  259.441  1708.18  206.075
7  8  3  468.916  3389.26  357.345
7  8  4  1030.04  7401.75  706.363
7  8  5  1865.28  14241.3  1151.7
For row 7 and col 9, pedestal is 182.887
7  9  1  161.313  1153.53  86.9761
7  9  2  273.989  1922.71  126.845
7  9  3  607.429  4578.33  285.161
7  9  4  1561.33  11836.9  571.157
7  9  5  3874.92  36294.5  1608.89
For row 7 and col 10, pedestal is 198.51
7  10  1  94.1548  668.241  77.1766
7  10  2  193.887  1378.82  144.031
7  10  3  401.464  3074.57  288.704
7  10  4  998.755  7767.03  596.707
7  10  5  2040.14  16498.4  1143.5
For row 7 and col 11, pedestal is 194.551
7  11  1  62.1048  401.085  58.4537
7  11  2  90.139  605.67  80.2742
7  11  3  305.139  2300.81  261.811
7  11  4  778.892  5909.51  553.616
7  11  5  1538.34  12157.5  964.803
For row 8 and col 0, pedestal is 237.558
8  0  1  38.5584  217.539  43.0253
8  0  2  114.314  688.836  120.606
8  0  3  197.237  1269.68  204.384
8  0  4  980.187  7061.28  535.644
8  0  5  940.995  6109.91  705.016
For row 8 and col 1, pedestal is 232.478
8  1  1  110.23  641.842  59.1879
8  1  2  273.326  1657.74  145.006
8  1  3  503.218  3263.43  257.452
8  1  4  1867.43  13517.8  659.054
8  1  5  2772.68  18228.5  1030.46
For row 8 and col 2, pedestal is 211.171
8  2  1  288.039  1644.3  70.646
8  2  2  726.504  4263.82  160.081
8  2  3  1134.7  7217.33  250.102
8  2  4  5753.27  25529.7  31.1343
8  2  5  3574.35  23104.5  458.869
For row 8 and col 3, pedestal is 212.256
8  3  1  67.4195  434.225  97.1923
8  3  2  161.213  1043.35  213.215
8  3  3  256.339  1629.07  343.616
8  3  4  611.891  4361.05  699.127
8  3  5  1131.19  8150.93  1249.84
For row 8 and col 4, pedestal is 169.369
8  4  1  53.2617  281.602  88.8349
8  4  2  26.7468  37.9634  80.8158
8  4  3  234.662  1441.37  324.304
8  4  4  397.419  2796.08  470.104
8  4  5  1259.56  9515.07  1138.84
For row 8 and col 5, pedestal is 184.347
8  5  1  188.844  981.355  89.8237
8  5  2  427.298  2424.06  190.897
8  5  3  1085.5  6348.79  407.854
8  5  4  1800.49  12100  615.429
8  5  5  3262.44  22301.8  810.589
For row 8 and col 6, pedestal is 220.528
8  6  1  127.657  675.758  151.336
8  6  2  203.263  1179.08  187.604
8  6  3  368.989  2565.23  346.557
8  6  4  748.565  5510.5  693.797
8  6  5  612.538  4871.99  718.17
For row 8 and col 7, pedestal is 193.171
8  7  1  63.3896  445.878  113.059
8  7  2  99.1162  707.564  216.41
8  7  3  179.013  1384.11  295.321
8  7  4  388.531  3040.93  580.336
8  7  5  604.062  5009.3  920.26
For row 8 and col 8, pedestal is 211.803
8  8  1  229.977  1391.89  151.983
8  8  2  313.155  1994.62  205.795
8  8  3  692.345  4836.6  426.874
8  8  4  1216.12  8504.7  677.642
8  8  5  2361.4  17557.5  1127.41
For row 8 and col 9, pedestal is 208.078
8  9  1  95.1002  693.897  74.77
8  9  2  156.513  1137.29  104.673
8  9  3  357.842  2813.99  262.265
8  9  4  626.966  5003.11  385.91
8  9  5  1809.36  14987.6  963.372
For row 8 and col 10, pedestal is 221.815
8  10  1  70.6651  491.992  74.7614
8  10  2  149.605  1029.95  133.494
8  10  3  298.287  2261.7  242.207
8  10  4  501.905  3856.64  347.201
8  10  5  1805.17  14473.4  828.598
For row 8 and col 11, pedestal is 206.398
8  11  1  78.9759  577.618  76.4826
8  11  2  101.867  749.894  92.2789
8  11  3  324.428  2498.54  229.282
8  11  4  913.336  7129.88  396.133
8  11  5  1992.16  16123.7  788.692
For row 9 and col 0, pedestal is 220.231
9  0  1  51.6971  306.085  45.9873
9  0  2  125.2  813.783  112.28
9  0  3  232.787  1574.03  212.911
9  0  4  840.729  6235.45  575.91
9  0  5  1172.87  7827.59  863.595
For row 9 and col 1, pedestal is 292.478
9  1  1  157.059  877.841  57.4892
9  1  2  411.749  2446.49  139.807
9  1  3  798.024  5091.35  233.539
9  1  4  3250.61  23404.9  518.692
9  1  5  3327.49  21848.2  723.645
For row 9 and col 2, pedestal is 213.293
9  2  1  263.251  1530.83  62.4697
9  2  2  634.707  3831.38  144.694
9  2  3  1129.6  7354.34  231.999
9  2  4  6017.58  34093.8  114.354
9  2  5  7977.92  53196.7  nan
For row 9 and col 3, pedestal is 253.274
9  3  1  276.902  1607.34  108.848
9  3  2  535.475  3288.34  204.234
9  3  3  1119.07  6932.85  395.849
9  3  4  2117.79  14945  696.569
9  3  5  7937.93  53594.1  nan
For row 9 and col 4, pedestal is 204.669
9  4  1  86.6972  501.746  83.3787
9  4  2  161.602  1090.59  161.56
9  4  3  389.732  2651.32  378.176
9  4  4  675.939  5268.83  600.407
9  4  5  1885.9  14807.4  1279.49
For row 9 and col 5, pedestal is 186.417
9  5  1  89.0558  499.391  62.1757
9  5  2  219.782  1266.89  137.566
9  5  3  518.508  3029.92  300.158
9  5  4  1028.2  6876.33  545.532
9  5  5  2140.15  14554.6  1043.23
For row 9 and col 6, pedestal is 239.471
9  6  1  155.181  830.599  112.777
9  6  2  223.053  1314.96  159.001
9  6  3  499.94  3209.35  317.787
9  6  4  984.331  6420.55  544.025
9  6  5  1584.59  10953.1  862.315
For row 9 and col 7, pedestal is 246.371
9  7  1  95.7237  703.956  96.2988
9  7  2  112.838  869.906  118.392
9  7  3  161.085  1289.01  177.873
9  7  4  534.491  4118.61  519.278
9  7  5  1042.27  8414.82  835.131
For row 9 and col 8, pedestal is 237.886
9  8  1  198.38  1217.57  152.407
9  8  2  290.722  1849.7  209.99
9  8  3  574.414  4012.74  404.16
9  8  4  556.479  3845.77  385.353
9  8  5  1352.03  9936.23  797.965
For row 9 and col 9, pedestal is 247.744
9  9  1  121.388  868.883  87.0027
9  9  2  207.159  1451.92  131.073
9  9  3  488.919  3679.14  302.663
9  9  4  1289.73  9752.63  639.491
9  9  5  2787.03  22041  1070.61
For row 9 and col 10, pedestal is 232.477
9  10  1  123.488  894.938  78.4531
9  10  2  201.35  1434.63  112.241
9  10  3  436.473  3344.73  232.73
9  10  4  999.746  7732.25  441.339
9  10  5  1675.98  13493.3  666.649
For row 9 and col 11, pedestal is 218.744
9  11  1  185.267  1344.13  82.6214
9  11  2  362.035  2562.49  134.32
9  11  3  579.461  4409.9  220.444
9  11  4  1489.15  11471.2  443.561
9  11  5  6907.42  36690.8  37.9387
For row 10 and col 0, pedestal is 264.857
10  0  1  26.1981  135.289  36.9975
10  0  2  37.3491  247.196  85.4385
10  0  3  89.4185  571.532  192.948
10  0  4  376.602  2657  559.718
10  0  5  430.086  2753.83  712.729
For row 10 and col 1, pedestal is 223.02
10  1  1  54.0288  326.921  32.0705
10  1  2  144.881  929.024  87.2833
10  1  3  415.924  2770.88  229.781
10  1  4  1203.73  8967.61  554.198
10  1  5  1925.87  13049.2  869.255
For row 10 and col 2, pedestal is 243.213
10  2  1  120.28  694.864  42.6201
10  2  2  245.168  1493.42  85.4293
10  2  3  704.796  4509.71  207.749
10  2  4  2140.72  15364.9  433.054
10  2  5  3237.09  20831  478.521
For row 10 and col 3, pedestal is 253.609
10  3  1  247.167  1458.06  107.762
10  3  2  516.361  3213.62  212.011
10  3  3  994.029  6260.28  388.156
10  3  4  2078.24  14857.7  636.772
10  3  5  7937.53  47139.2  nan
For row 10 and col 4, pedestal is 215.979
10  4  1  82.3782  440.938  100.912
10  4  2  171.401  1067.02  189.353
10  4  3  394.086  2643.6  484.132
10  4  4  628.715  4725.28  625.625
10  4  5  1708.79  13004.9  1332.68
For row 10 and col 5, pedestal is 229.752
10  5  1  157.716  819.405  107.927
10  5  2  269.289  1462.78  156.897
10  5  3  785.767  4449.37  384.968
10  5  4  1078.15  7010.48  511.948
10  5  5  2756.4  18213.7  975.393
For row 10 and col 6, pedestal is 248.947
10  6  1  92.7595  572.028  84.3014
10  6  2  156.808  1088.07  161.231
10  6  3  348.929  2650.58  350.993
10  6  4  537.592  4135.62  509.752
10  6  5  1064.28  8585.93  980.802
For row 10 and col 7, pedestal is 245.094
10  7  1  70.0819  519.215  73.3139
10  7  2  91.3232  774.104  112.956
10  7  3  235.95  1902.56  277.798
10  7  4  532.123  4113.39  609.998
10  7  5  808.867  6500.15  846.907
For row 10 and col 8, pedestal is 234.551
10  8  1  281.202  1710.12  112.902
10  8  2  452.041  2868.53  180.488
10  8  3  749.758  5225.32  272.524
10  8  4  2006.29  13949.4  582.38
10  8  5  3056.7  22472.6  814.384
For row 10 and col 9, pedestal is 207.135
10  9  1  94.0821  693.623  52.0465
10  9  2  175.048  1226.21  84.8617
10  9  3  301.065  2286.24  147.251
10  9  4  987.631  7528.5  372.808
10  9  5  2522.24  19955.3  799.74
For row 10 and col 10, pedestal is 229.924
10  10  1  54.3306  383.204  63.3605
10  10  2  102.193  696.862  101.771
10  10  3  161.577  1219.71  170.714
10  10  4  529.335  4027.24  473.228
10  10  5  1379.43  10946.3  1027.18
For row 10 and col 11, pedestal is 223.656
10  11  1  105.038  748.079  57.7025
10  11  2  279.765  1971.81  123.445
10  11  3  545.252  4145.43  245.67
10  11  4  1253.68  9637.56  457.078
10  11  5  2449.08  19551  795.286
For row 11 and col 0, pedestal is 230.12
11  0  1  64.0687  349.89  48.7898
11  0  2  203.214  1228.03  115.941
11  0  3  323.733  2120.84  154.188
11  0  4  1465.3  10759.3  331.886
11  0  5  2386.59  15980.4  538.812
For row 11 and col 1, pedestal is 201.227
11  1  1  31.7786  181.732  51.5073
11  1  2  81.7791  514.395  137.966
11  1  3  175.374  1150.89  261.875
11  1  4  658.486  4898.85  728.34
11  1  5  581.455  3932.82  781.3
For row 11 and col 2, pedestal is 226.297
11  2  1  40.1844  237.463  56.9711
11  2  2  166.876  1040.27  121.532
11  2  3  312.276  2053.19  202.121
11  2  4  1124.77  8196.45  401.302
11  2  5  1365.62  9002.34  530.174
For row 11 and col 3, pedestal is 238.361
11  3  1  87.7466  486.262  107.831
11  3  2  154.992  938.99  174.685
11  3  3  267.172  1605.11  281.622
11  3  4  627.727  4357.51  570.196
11  3  5  1502.64  10593.4  1214.1
For row 11 and col 4, pedestal is 230.791
11  4  1  91.8698  579.838  115.075
11  4  2  190.024  1219.36  181.236
11  4  3  392.281  2678.1  423.983
11  4  4  865.583  6520.59  721.801
11  4  5  2188.57  16964  1389.44
For row 11 and col 5, pedestal is 229.557
11  5  1  102.978  468.447  77.7212
11  5  2  274.108  1480.14  191.364
11  5  3  598.756  3479.36  389.258
11  5  4  896.404  5931.75  533.323
11  5  5  2906.29  19679.8  1081.77
For row 11 and col 6, pedestal is 221.363
11  6  1  99.7012  477.576  116.782
11  6  2  126.97  788.298  209.076
11  6  3  160.41  1101.4  242.353
11  6  4  433.35  3205.64  560.338
11  6  5  690.361  5394.97  943
For row 11 and col 7, pedestal is 189.185
11  7  1  74.1092  442.165  125.752
11  7  2  105.374  755.832  167.839
11  7  3  232.752  1836.79  319.539
11  7  4  402.239  3146.96  531.167
11  7  5  684.214  5578.86  920.16
For row 11 and col 8, pedestal is 213.958
11  8  1  241.302  1500.11  111.329
11  8  2  461.636  2975.01  200.829
11  8  3  831.747  5870.86  354.727
11  8  4  1554.41  10936.1  638.155
11  8  5  3019.43  22501.3  1047.03
For row 11 and col 9, pedestal is 193.642
11  9  1  105.661  795.103  64.0926
11  9  2  227.717  1629.08  115.453
11  9  3  440.989  3386.93  232.453
11  9  4  1092.52  8412.38  489.074
11  9  5  2893.36  23028.9  1099.42
For row 11 and col 10, pedestal is 196.333
11  10  1  100.953  793.661  60.6145
11  10  2  221.755  1563.91  123.338
11  10  3  458.634  3551.74  253.757
11  10  4  1229.34  9439.2  555.79
11  10  5  2524.18  20169.9  1021.87
For row 11 and col 11, pedestal is 247.175
11  11  1  81.8594  591.185  64.9059
11  11  2  147.114  1042.99  98.1456
11  11  3  265.637  2021.76  174.547
11  11  4  750.579  5805.96  434.009
11  11  5  1675.06  13457.1  853.668
