#All information for run 1294.
#Row Col LED <Max> <Int> NPE
For row 12 and col 0, pedestal is 237.969
12  0  1  1207.97  6958.32  78.7517
12  0  2  2913.43  18076.2  131.418
For row 12 and col 1, pedestal is 194.345
12  1  1  185.389  1017.76  14.5538
12  1  2  2314.13  13688.7  131.958
For row 12 and col 2, pedestal is 214.664
12  2  1  562.036  3118.18  75.1244
12  2  2  1500.04  9047.48  175.77
For row 12 and col 3, pedestal is 215.546
12  3  1  1524.84  8639.45  101.414
12  3  2  3809.4  22317.8  245.449
For row 12 and col 4, pedestal is 231.541
12  4  1  110.521  648.735  60.6103
12  4  2  190.447  1164.46  103.089
For row 12 and col 5, pedestal is 207.376
12  5  1  295.481  1808.32  84.2614
12  5  2  542.589  3376.77  148.711
For row 12 and col 6, pedestal is 203.914
12  6  1  240.953  1533.18  103.149
12  6  2  354.585  2240.38  145.08
For row 12 and col 7, pedestal is 195.485
12  7  1  130.232  801.166  58.3732
12  7  2  174.51  1038.02  92.6015
For row 12 and col 8, pedestal is 234.137
12  8  1  816.996  4563.12  64.8377
12  8  2  1918.99  11330.1  138.69
For row 12 and col 9, pedestal is 230.141
12  9  1  1310.13  7134.48  94.8991
12  9  2  3351.46  18584.6  147.988
For row 12 and col 10, pedestal is 214.516
12  10  1  986.607  5541.3  94.8156
12  10  2  2374.64  13509.5  186.846
For row 12 and col 11, pedestal is 183.959
12  11  1  1319.88  7398.8  116.321
12  11  2  2944.5  17413.3  265.979
For row 13 and col 0, pedestal is 168.615
13  0  1  867.748  4927.13  41.4233
13  0  2  2894.39  17535.3  94.0037
For row 13 and col 1, pedestal is 199.063
13  1  1  1425.81  7932.94  66.4278
13  1  2  3878.18  24037.7  679.96
For row 13 and col 2, pedestal is 214.581
13  2  1  921.429  5391.25  85.5551
13  2  2  2149.56  13537.5  172.546
For row 13 and col 3, pedestal is 194.928
13  3  1  1214.91  6824.74  102
13  3  2  2077.15  12116.3  153.592
For row 13 and col 4, pedestal is 204.724
13  4  1  141.19  753.811  33.1582
13  4  2  966.22  5245  172.226
For row 13 and col 5, pedestal is 203.084
13  5  1  150.977  901.996  105.61
13  5  2  290.075  1734.08  187.763
For row 13 and col 6, pedestal is 149.934
13  6  1  817.613  4421.41  137.115
13  6  2  1227.39  6994.88  211.769
For row 13 and col 7, pedestal is 196.795
13  7  1  375.217  2238.74  134.493
13  7  2  693.551  4375.42  229.48
For row 13 and col 8, pedestal is 225.055
13  8  1  1911.17  11276.7  109.742
13  8  2  2906.34  17874.4  125.034
For row 13 and col 9, pedestal is 214.263
13  9  1  780.32  4416.62  70.1197
13  9  2  2108.96  12056  164.79
For row 13 and col 10, pedestal is 196.378
13  10  1  1118.61  6241.14  95.1774
13  10  2  2526.77  14399.8  170.807
For row 13 and col 11, pedestal is 211.044
13  11  1  839.592  4721.67  106.747
13  11  2  1683.54  9672.82  205.277
For row 14 and col 0, pedestal is 202.643
14  0  1  554.541  3194.19  67.1046
14  0  2  1424.33  8900.06  164.255
For row 14 and col 1, pedestal is 227.031
14  1  1  967.776  5658.93  82.0634
14  1  2  1789.4  11320.4  142.407
For row 14 and col 2, pedestal is 188.799
14  2  1  1194.42  7089.87  81.3637
14  2  2  2366.41  15077.7  136.906
For row 14 and col 3, pedestal is 211.653
14  3  1  635.172  3590.54  98.4292
14  3  2  1416.87  8407.78  193.579
For row 14 and col 4, pedestal is 185.349
14  4  1  196.43  1242.15  70.9704
14  4  2  456.673  2780.23  149.57
For row 14 and col 5, pedestal is 217.133
14  5  1  320.716  1938.17  83.3741
14  5  2  500.502  3110.52  129.332
For row 14 and col 6, pedestal is 180.941
14  6  1  316.991  1832.05  130.277
14  6  2  541.343  3589.55  215.127
For row 14 and col 7, pedestal is 228.057
14  7  1  264.129  1674.92  123.514
14  7  2  446.31  2987.06  200.731
For row 14 and col 8, pedestal is 201.164
14  8  1  1498.17  9318.86  162.401
14  8  2  1841.52  11962.6  209.951
For row 14 and col 9, pedestal is 212.778
14  9  1  607.671  3515.16  88.3654
14  9  2  1750.49  10211.4  224.789
For row 14 and col 10, pedestal is 237.958
14  10  1  1331.5  7806.66  66.9023
14  10  2  2951.13  17549.9  92.7569
For row 14 and col 11, pedestal is 209.413
14  11  1  1635.79  9537.17  81.0628
14  11  2  3629.02  21652.9  171.807
For row 15 and col 0, pedestal is 231.409
15  0  1  1372.36  7623.14  76.8287
15  0  2  3223.27  19152.4  120.21
For row 15 and col 1, pedestal is 199.606
15  1  1  339.441  1879.75  37.3113
15  1  2  1322.44  7998.49  135.656
For row 15 and col 2, pedestal is 220.91
15  2  1  1269.34  7030.67  106.31
15  2  2  2708.03  16114.5  168.033
For row 15 and col 3, pedestal is 173.571
15  3  1  1130.03  6281.53  94.0372
15  3  2  3093.45  17826.4  165.777
For row 15 and col 4, pedestal is 211.696
15  4  1  225.66  1408.44  70.7705
15  4  2  442.69  2713.44  131.65
For row 15 and col 5, pedestal is 179.798
15  5  1  264.152  1727.26  89.377
15  5  2  402.74  2671.11  140.153
For row 15 and col 6, pedestal is 219.364
15  6  1  616.076  3409.23  125.558
15  6  2  844.938  4778.62  170.861
For row 15 and col 7, pedestal is 223.775
15  7  1  390.078  2585.34  144
15  7  2  500.316  3437.33  192.779
For row 15 and col 8, pedestal is 175.302
15  8  1  1108.36  6646.31  171.82
15  8  2  1225.74  7642.73  206.723
For row 15 and col 9, pedestal is 189.721
15  9  1  701.006  3905.19  105.938
15  9  2  1307.69  7483.92  188.156
For row 15 and col 10, pedestal is 184.174
15  10  1  622.615  3466.96  80.8364
15  10  2  1536.13  8743.5  178.48
For row 15 and col 11, pedestal is 205.998
15  11  1  651.91  3693.82  58.9889
15  11  2  1842.42  10683.5  148.614
For row 16 and col 0, pedestal is 181.312
16  0  1  99.1495  547.612  16.8495
16  0  2  1444.03  8723.38  194.088
For row 16 and col 1, pedestal is 217.504
16  1  1  869.658  4877  70.5181
16  1  2  2692.3  16267.6  157.718
For row 16 and col 2, pedestal is 208.294
16  2  1  586.891  3343.52  101.384
16  2  2  1273.96  7862.13  196.166
For row 16 and col 3, pedestal is 203.109
16  3  1  758.159  4249.68  96.0361
16  3  2  1571.94  9208.42  184.025
For row 16 and col 4, pedestal is 228.645
16  4  1  200.971  1328.91  77.9946
16  4  2  284.382  1832.2  120.518
For row 16 and col 5, pedestal is 193.409
16  5  1  28.2911  120.188  34.9243
16  5  2  825.631  4513.73  140.992
For row 16 and col 6, pedestal is 189.699
16  6  1  362.563  2145.82  184.883
16  6  2  555.013  3674.11  250.083
For row 16 and col 7, pedestal is 220.242
16  7  1  269.125  1587.23  113.084
16  7  2  427.381  2805.35  172.434
For row 16 and col 8, pedestal is 190.155
16  8  1  2643.45  15282.5  104.575
16  8  2  6190.49  24535  138.507
For row 16 and col 9, pedestal is 216.381
16  9  1  642.043  3662.72  89.8016
16  9  2  1606.5  9306.72  192.046
For row 16 and col 10, pedestal is 211.136
16  10  1  1461.56  8240.6  109.066
16  10  2  3779.33  22105.3  275.915
For row 16 and col 11, pedestal is 207.391
16  11  1  279.106  1563.92  82.5118
16  11  2  664.66  3829.27  174.948
For row 17 and col 0, pedestal is 191.881
17  0  1  730.584  3949.23  83.2377
17  0  2  1827.08  10742.5  184.241
For row 17 and col 1, pedestal is 200.373
17  1  1  43.4981  281.541  12.8431
17  1  2  567.431  3463.45  122.018
For row 17 and col 2, pedestal is 198.147
17  2  1  1913.66  10915.2  92.3784
17  2  2  3808.49  24547.5  87.0017
For row 17 and col 3, pedestal is 224.79
17  3  1  708.293  3903.39  94.6706
17  3  2  1420.65  8089.03  164.897
For row 17 and col 4, pedestal is 210.189
17  4  1  289.956  1599.78  97.7162
17  4  2  599.807  3618.43  180.044
For row 17 and col 5, pedestal is 174.982
17  5  1  758.687  3994.95  103.182
17  5  2  1380.26  7489.19  170.38
For row 17 and col 6, pedestal is 219.87
17  6  1  482.557  2324.27  127.173
17  6  2  686.546  3754.51  172.68
For row 17 and col 7, pedestal is 230.577
17  7  1  172.081  1049.07  118.005
17  7  2  267.485  1863.45  180.799
For row 17 and col 8, pedestal is 214.107
17  8  1  1611.98  9151.99  81.3458
17  8  2  3849.91  23424.7  531.391
For row 17 and col 9, pedestal is 216.801
17  9  1  900.454  5128.61  74.9242
17  9  2  1705.8  9798.49  131.433
For row 17 and col 10, pedestal is 204.978
17  10  1  1322.32  7400.01  100.524
17  10  2  2889.78  16270.7  160.477
For row 17 and col 11, pedestal is 242.671
17  11  1  344.525  1899.06  64.6144
17  11  2  1025.1  5837.93  176.116
For row 18 and col 0, pedestal is 209.844
18  0  1  636.735  3525.12  43.375
18  0  2  1848.92  10791.6  108.641
For row 18 and col 1, pedestal is 215.338
18  1  1  119.413  677.526  61.5239
18  1  2  304.713  1831.56  143.951
For row 18 and col 2, pedestal is 209.083
18  2  1  1065.61  5730.87  58.2403
18  2  2  3062.48  17372  100.855
For row 18 and col 3, pedestal is 240.499
18  3  1  725.461  4576.39  88.1937
18  3  2  1613.97  10717.9  184.802
For row 18 and col 4, pedestal is 195.079
18  4  1  400.305  2103.83  91.3987
18  4  2  840.229  4664.47  176.58
For row 18 and col 5, pedestal is 188.049
18  5  1  264.457  1618.37  110.061
18  5  2  577.958  3736.34  230.341
For row 18 and col 6, pedestal is 209.112
18  6  1  270.711  1876.7  120.289
18  6  2  511.849  3476.84  202.736
For row 18 and col 7, pedestal is 230.538
18  7  1  382.031  2452.29  126.069
18  7  2  652.115  4324.05  203.446
For row 18 and col 8, pedestal is 239.072
18  8  1  3157.6  18512  86.1942
For row 18 and col 9, pedestal is 231.458
18  9  1  710.082  5066.51  87.608
18  9  2  1218.64  8573.34  123.192
For row 18 and col 10, pedestal is 217.612
18  10  1  1453.31  10149.1  76.3294
18  10  2  1950.91  13315.3  84.0053
For row 18 and col 11, pedestal is 183.526
18  11  1  546.438  3747.4  57.5684
18  11  2  629.072  4241.02  53.1789
For row 19 and col 0, pedestal is 188.875
19  0  1  626.687  3349.07  51.0464
19  0  2  1754.51  9999.63  124.301
For row 19 and col 1, pedestal is 220.583
19  1  1  1717.25  9464.09  58.5419
19  1  2  3844.98  22973.9  258.579
For row 19 and col 2, pedestal is 249.867
19  2  1  768.993  4211.32  72.4284
19  2  2  1957.45  11326.7  168.279
For row 19 and col 3, pedestal is 230.763
19  3  1  575.65  3335.93  112.8
19  3  2  1184.76  7289.54  239.633
For row 19 and col 4, pedestal is 203.151
19  4  1  235.427  1335.5  90.2797
19  4  2  461.214  2917.28  181.067
For row 19 and col 5, pedestal is 218.048
19  5  1  352.063  1811.45  76.9598
19  5  2  766.986  4221.48  165.154
For row 19 and col 6, pedestal is 218.674
19  6  1  331.725  1815.25  97.0451
19  6  2  556.994  3198.68  154.249
For row 19 and col 7, pedestal is 236.972
19  7  1  173.389  1156.89  108.071
19  7  2  275.263  1881.49  157.676
For row 19 and col 8, pedestal is 207.385
19  8  1  1015.96  6200.87  131.644
19  8  2  1486.27  9499  195.419
For row 19 and col 9, pedestal is 182.954
19  9  1  1112.09  7781.77  88.5826
19  9  2  1890.1  12915.6  121.124
For row 19 and col 10, pedestal is 199.502
19  10  1  592.633  4222.24  72.7813
19  10  2  1245.57  8763.11  134.547
For row 19 and col 11, pedestal is 194.794
19  11  1  355.32  2456.59  54.8233
19  11  2  551.62  3743.32  75.1384
For row 20 and col 0, pedestal is 239.832
20  0  1  274.22  1487.54  53.5341
20  0  2  833.523  4852.91  146.334
For row 20 and col 1, pedestal is 234.403
20  1  1  717.114  3976.23  56.9755
20  1  2  1808.4  10622.9  147.941
For row 20 and col 2, pedestal is 212.913
20  2  1  2130.75  11473.3  55.8479
For row 20 and col 3, pedestal is 215.88
20  3  1  902.351  5176.6  90.7905
20  3  2  2070.42  12459.1  167.38
For row 20 and col 4, pedestal is 170.989
20  4  1  171.694  985.341  64.7852
20  4  2  28.879  150.544  51.9789
For row 20 and col 5, pedestal is 187.483
20  5  1  656.551  3448.84  90.7507
20  5  2  1531.99  8644.13  184.312
For row 20 and col 6, pedestal is 222.091
20  6  1  371.096  2360.68  162.244
20  6  2  657.006  4251.72  237.555
For row 20 and col 7, pedestal is 194.431
20  7  1  216.102  1462.7  124.457
20  7  2  332.341  2294.51  178.661
For row 20 and col 8, pedestal is 214.007
20  8  1  1448.67  8608.15  141.464
20  8  2  1995.65  12435.2  196.516
For row 20 and col 9, pedestal is 210.821
20  9  1  646.126  4687.22  74.936
20  9  2  1069.91  7674.86  109.279
For row 20 and col 10, pedestal is 224.084
20  10  1  518.841  3661.8  65.9019
20  10  2  1129.53  7814.29  116.608
For row 20 and col 11, pedestal is 210.341
20  11  1  474.92  3385.5  89.0962
20  11  2  643.749  4479.41  108.557
For row 21 and col 0, pedestal is 221.025
21  0  1  344.184  1938.4  51.3583
21  0  2  875.172  5285.95  126.368
For row 21 and col 1, pedestal is 293.915
21  1  1  1081.82  5856.09  58.7747
21  1  2  3005.71  17392.3  116.582
For row 21 and col 2, pedestal is 213.649
21  2  1  1702.41  9454.92  62.5317
21  2  2  3892.33  23033.4  265.393
For row 21 and col 3, pedestal is 253.794
21  3  1  2091.26  11856  98.6927
21  3  2  3868.37  23688.8  404.078
For row 21 and col 4, pedestal is 204.616
21  4  1  299.626  1745.99  94.4838
21  4  2  606.853  3915.71  165.279
For row 21 and col 5, pedestal is 187.101
21  5  1  363.089  1900.13  67.6747
21  5  2  861.443  4815.01  137.197
For row 21 and col 6, pedestal is 240.254
21  6  1  554.891  2977.95  112.274
21  6  2  838.731  4722.92  155.392
For row 21 and col 7, pedestal is 247.289
21  7  1  355.482  2261.75  117.736
21  7  2  430.419  2884.34  137.785
For row 21 and col 8, pedestal is 239.307
21  8  1  1414.01  8309.84  148.705
21  8  2  2057.38  12629.2  202.071
For row 21 and col 9, pedestal is 248.482
21  9  1  863.868  6043.34  83.257
21  9  2  1493.41  10137.4  122.398
For row 21 and col 10, pedestal is 233.974
21  10  1  809.508  5743.37  79.8492
21  10  2  1339.63  9305.25  110.281
For row 21 and col 11, pedestal is 219.732
21  11  1  1213.77  8597.9  85.0715
21  11  2  2430  16628.6  134.463
For row 22 and col 0, pedestal is 267.524
22  0  1  128.359  705.284  51.6067
22  0  2  247.454  1461.28  93.9548
For row 22 and col 1, pedestal is 224.397
22  1  1  369.596  2145.73  30.9633
22  1  2  1025.16  6264.57  81.974
For row 22 and col 2, pedestal is 245.476
22  2  1  887.998  4887.1  48.538
22  2  2  1832.8  10779.2  93.2252
For row 22 and col 3, pedestal is 253.487
22  3  1  1634.15  9402.39  100.547
22  3  2  3540.04  21618.2  221.27
For row 22 and col 4, pedestal is 217.94
22  4  1  267.284  1509.42  105.735
22  4  2  585.734  3687.63  196.921
For row 22 and col 5, pedestal is 231.154
22  5  1  574.874  2955.3  91.1959
22  5  2  982.558  5386.65  149.874
For row 22 and col 6, pedestal is 249.842
22  6  1  319.242  2066.8  120.745
22  6  2  597.672  3968.01  200.641
For row 22 and col 7, pedestal is 245.586
22  7  1  290.259  1919.59  97.8765
22  7  2  404.836  2843.59  140.763
For row 22 and col 8, pedestal is 235.937
22  8  1  1978.23  11601.9  113.827
22  8  2  3340.52  20571.1  131.17
For row 22 and col 9, pedestal is 208.12
22  9  1  626.976  4386.39  52.3851
22  9  2  1143.81  7800.48  79.5117
For row 22 and col 10, pedestal is 229.649
22  10  1  410.626  2907.24  63.4666
22  10  2  754.633  5219.95  99.6275
For row 22 and col 11, pedestal is 223.127
22  11  1  688.112  4892.41  50.1992
22  11  2  1859.51  12981  118.71
For row 23 and col 0, pedestal is 231.59
23  0  1  375.612  2102.92  45.2793
23  0  2  1275.82  7600.05  138.554
For row 23 and col 1, pedestal is 202.703
23  1  1  207.449  1145.68  48.5067
23  1  2  558.278  3351.19  130.558
For row 23 and col 2, pedestal is 226.761
23  2  1  263.329  1444.04  36.2876
23  2  2  1163.73  6785.74  147.913
For row 23 and col 3, pedestal is 238.098
23  3  1  584.416  3276.55  89.6419
23  3  2  1078.35  6422.67  164.616
For row 23 and col 4, pedestal is 231.043
23  4  1  354.174  2144.82  122.943
23  4  2  690.773  4535.81  223.921
For row 23 and col 5, pedestal is 232.338
23  5  1  359.66  1816.64  82.0836
23  5  2  990.451  5551.58  197.459
For row 23 and col 6, pedestal is 225.536
23  6  1  259.082  1654.6  145.023
23  6  2  415.617  2705.44  181.323
For row 23 and col 7, pedestal is 190.968
23  7  1  278.662  1651.73  114.422
23  7  2  406.515  2799.56  176.498
For row 23 and col 8, pedestal is 214.363
23  8  1  1700.58  10131  109.029
23  8  2  3333.74  20997.5  171.817
For row 23 and col 9, pedestal is 194.37
23  9  1  748.813  5316.4  59.1056
23  9  2  1594.88  11015.2  104.085
For row 23 and col 10, pedestal is 196.927
23  10  1  817.682  5784.22  66.7801
23  10  2  1685.94  11554.4  118.249
For row 23 and col 11, pedestal is 248.474
23  11  1  498.763  3565.67  56.3073
23  11  2  915.809  6418.48  92.978
