#All information for run 1289.
#Row Col LED <Max> <Int> NPE
For row 12 and col 0, pedestal is 237.962
12  0  1  163.634  913.963  86.8182
12  0  2  370.435  2309.34  177.822
12  0  3  760.509  4873.55  344.133
12  0  4  1640.87  11747.4  659.801
For row 12 and col 1, pedestal is 193.632
12  1  1  28.0985  145.553  19.8557
12  1  2  311.103  1881.46  147.472
12  1  3  1112.77  6856.32  430.801
12  1  4  1429.64  9813.88  548.116
For row 12 and col 2, pedestal is 214.168
12  2  1  83.9113  473.822  76.998
12  2  2  214.526  1330.97  195.937
12  2  3  447.314  2770.87  354.959
12  2  4  1058.23  7326.82  616.911
For row 12 and col 3, pedestal is 215.691
12  3  1  237.923  1400.72  95.8104
12  3  2  572.752  3440.39  218.295
12  3  3  759.66  5033.73  283.951
12  3  4  2566.73  15969.1  721.359
For row 12 and col 4, pedestal is 230.975
12  4  1  48.38  285.593  69.8262
12  4  2  83.5765  519.419  105.802
12  4  3  189.49  1310.22  233.469
12  4  4  714.5  4539.51  692.371
For row 12 and col 5, pedestal is 207.345
12  5  1  126.358  822.33  74.3812
12  5  2  229.569  1521.01  135.225
12  5  3  432.653  3076.85  249.255
12  5  4  1149.38  7525.07  608.779
For row 12 and col 6, pedestal is 203.345
12  6  1  96.618  688.46  87.8366
12  6  2  160.482  1011.99  145.066
12  6  3  276.225  2031.9  219.813
12  6  4  468.075  4513.3  468.551
For row 12 and col 7, pedestal is 195.821
12  7  1  52.8451  348.103  54.3775
12  7  2  85.2826  450.831  98.8762
12  7  3  185.639  1314.07  210.158
12  7  4  263.221  2329.74  281.212
For row 12 and col 8, pedestal is 233.674
12  8  1  124.659  682.77  69.4918
12  8  2  279.825  1678.99  146.075
12  8  3  868.653  5798.98  370.885
12  8  4  1076.1  9179.78  503.652
For row 12 and col 9, pedestal is 229.619
12  9  1  185.704  1032.41  99.0686
12  9  2  448.245  2532.34  223.338
12  9  3  712.627  4219.96  358.689
12  9  4  1031.07  6571.94  469.572
For row 12 and col 10, pedestal is 213.865
12  10  1  149.493  831.992  97.2737
12  10  2  342.639  1989.92  211.411
12  10  3  526.616  3182.92  306.656
12  10  4  1000.01  6458.48  504.848
For row 12 and col 11, pedestal is 183.93
12  11  1  189.758  1056.61  103.866
12  11  2  403.824  2333.93  199.443
12  11  3  705.103  4285.97  295.881
12  11  4  1440.14  9351.56  475.541
For row 13 and col 0, pedestal is 168.233
13  0  1  129.062  741.771  41.447
13  0  2  409.397  2555.04  118.475
13  0  3  1251.42  7922.2  302.369
13  0  4  2296.11  16070.5  510.829
For row 13 and col 1, pedestal is 198.738
13  1  1  196.198  1101.55  67.1757
13  1  2  567.428  3479.26  177.443
13  1  3  889.453  5555.9  261.132
13  1  4  2078.27  14423.3  537.939
For row 13 and col 2, pedestal is 213.897
13  2  1  132.317  798.98  91.8092
13  2  2  307.598  1990.44  190.711
13  2  3  768.445  5011.83  426.513
13  2  4  1468.62  10603.8  750.053
For row 13 and col 3, pedestal is 194.71
13  3  1  186.112  1069.4  97.9209
13  3  2  307.504  1856.78  174.327
13  3  3  578.55  3828.77  322.496
13  3  4  1871.21  11610.1  828.525
For row 13 and col 4, pedestal is 204.706
13  4  1  60.3391  344.826  27.0151
13  4  2  433.301  2392.4  169.05
13  4  3  642.764  3963.99  253.666
13  4  4  2561.32  14792.6  673.537
For row 13 and col 5, pedestal is 202.347
13  5  1  69.724  412.822  113.749
13  5  2  133.949  785.077  177.636
13  5  3  243.679  1646.76  332.594
13  5  4  630.742  4047.62  788.71
For row 13 and col 6, pedestal is 149.827
13  6  1  349.862  1913.87  150.034
13  6  2  528.539  3018.15  218.051
13  6  3  1150.71  7400.8  386.976
13  6  4  1856.34  15493.6  738.248
For row 13 and col 7, pedestal is 196.713
13  7  1  168.477  978.463  127.758
13  7  2  311.372  1907.7  204.745
13  7  3  566.443  4074.14  366.277
13  7  4  919.478  8496.04  682.79
For row 13 and col 8, pedestal is 225.03
13  8  1  285.566  1678.89  117.944
13  8  2  418.551  2628.86  178.272
13  8  3  975.67  6851.77  370.399
13  8  4  1380.34  12197  566.07
For row 13 and col 9, pedestal is 214.635
13  9  1  115.867  691.84  67.9691
13  9  2  316.349  1862.19  195.148
13  9  3  507.319  3098.94  294.445
13  9  4  1035.06  6778.56  508.291
For row 13 and col 10, pedestal is 195.853
13  10  1  163.051  942.288  92.9969
13  10  2  362.352  2130.83  205.253
13  10  3  665.219  4036.64  353.13
13  10  4  1228.01  8032.32  586.627
For row 13 and col 11, pedestal is 210.752
13  11  1  127.88  732.282  99.2845
13  11  2  249.263  1465.3  195.233
13  11  3  512.741  3137.81  385.741
13  11  4  922.99  6047.82  585.227
For row 14 and col 0, pedestal is 202.747
14  0  1  78.5394  428.728  67.5535
14  0  2  192.415  1211.29  156.96
14  0  3  471.983  3018.72  342.095
14  0  4  1100.79  7858.46  724.501
For row 14 and col 1, pedestal is 226.915
14  1  1  145.984  855.366  89.9515
14  1  2  264.225  1691.79  149.919
14  1  3  698.282  4560.2  362.339
14  1  4  811.609  5880.13  422.379
For row 14 and col 2, pedestal is 188.988
14  2  1  180.884  1082.19  81.499
14  2  2  347.273  2265.16  151.605
14  2  3  1097.17  7202.6  387.963
14  2  4  1250.18  9136.38  464.836
For row 14 and col 3, pedestal is 211.574
14  3  1  98.8701  534.057  101.098
14  3  2  208.443  1246.69  206.523
14  3  3  197.309  1284.2  212.593
14  3  4  947.74  5953.05  845.9
For row 14 and col 4, pedestal is 185.061
14  4  1  85.6865  558.298  66.3132
14  4  2  194.035  1217.91  143.387
14  4  3  345  2425.65  254.587
14  4  4  992.111  6442.37  647.997
For row 14 and col 5, pedestal is 217.294
14  5  1  137.233  845.253  76.8554
14  5  2  220.628  1362.45  123.003
14  5  3  466.899  3264.9  253.79
14  5  4  1589.81  10440  782.639
For row 14 and col 6, pedestal is 180.587
14  6  1  163.344  817.442  112.392
14  6  2  246.456  1591.52  216.877
14  6  3  413.135  3015.42  323.957
14  6  4  732.447  7001.3  655.152
For row 14 and col 7, pedestal is 227.972
14  7  1  116.742  738.322  148.797
14  7  2  204.115  1318.85  223.167
14  7  3  448.677  3370.22  368.36
14  7  4  544.856  5278.91  539.958
For row 14 and col 8, pedestal is 200.981
14  8  1  233.616  1521.34  176.517
14  8  2  287.842  1953.99  225.386
14  8  3  722.88  5352.29  509.065
14  8  4  1156.25  10712.8  871.429
For row 14 and col 9, pedestal is 212.39
14  9  1  78.5262  507.161  92.7481
14  9  2  231.952  1410.81  238.866
14  9  3  365.939  2276  351.22
14  9  4  703.294  4652.11  574.02
For row 14 and col 10, pedestal is 237.711
14  10  1  195.15  1182.71  66.6117
14  10  2  417.26  2564.56  137.442
14  10  3  922.73  5857.92  271.341
14  10  4  1450.66  9888.93  409.032
For row 14 and col 11, pedestal is 209.358
14  11  1  230.386  1387.27  84.1164
14  11  2  491.618  2981.6  181.991
14  11  3  914.18  5823.31  315.138
14  11  4  1833.76  12489.5  556.184
For row 15 and col 0, pedestal is 232.417
15  0  1  212.646  1201.5  75.875
15  0  2  485.989  2926.48  165.737
15  0  3  1329.9  8268.16  367.033
15  0  4  2235.85  15395.3  566.558
For row 15 and col 1, pedestal is 199.48
15  1  1  58.8535  301.407  41.4304
15  1  2  203.461  1231.13  137.416
15  1  3  762.848  4773.42  421.089
15  1  4  1042.61  7268.94  564.314
For row 15 and col 2, pedestal is 220.832
15  2  1  189.379  1078.28  110.532
15  2  2  397.693  2447.32  210.329
15  2  3  1066.11  6622.46  467.748
15  2  4  1666.17  11464.9  721.628
For row 15 and col 3, pedestal is 173.634
15  3  1  173.314  975.308  99.4959
15  3  2  453.523  2618.36  245.64
15  3  3  28.903  182.78  21.2538
15  3  4  2007.85  12273.7  913.936
For row 15 and col 4, pedestal is 212.078
15  4  1  101.798  628.355  82.2647
15  4  2  192.078  1217.75  117.764
15  4  3  514.595  3572.08  295.834
15  4  4  1319.32  8690.43  662.694
For row 15 and col 5, pedestal is 179.765
15  5  1  110.035  793.458  140.282
15  5  2  179.675  1211.24  142.095
15  5  3  486.533  3493.65  345.771
15  5  4  1659.53  11265.8  858.923
For row 15 and col 6, pedestal is 219.333
15  6  1  257.601  1508.32  125.507
15  6  2  363.333  2105.46  179.164
15  6  3  1006.79  6495.09  396.08
15  6  4  1516.96  12527.9  669.889
For row 15 and col 7, pedestal is 223.477
15  7  1  184.152  1189.69  145.898
15  7  2  228  1559.23  190.262
15  7  3  491.28  3858.38  370.74
15  7  4  823.554  7917  643.496
For row 15 and col 8, pedestal is 174.924
15  8  1  162.54  967.382  186.848
15  8  2  179.045  1113.18  213.333
15  8  3  553.48  3930.75  580.066
15  8  4  715.135  6332.55  838.746
For row 15 and col 9, pedestal is 188.825
15  9  1  105.152  589.104  109.465
15  9  2  194.312  1121.01  188.717
15  9  3  388.192  2332.67  343.525
15  9  4  816.755  5270.11  616.891
For row 15 and col 10, pedestal is 184.221
15  10  1  87.0813  503.063  76.3488
15  10  2  209.865  1241.11  183.347
15  10  3  408.415  2500.55  359.524
15  10  4  482.372  3177.32  392.459
For row 15 and col 11, pedestal is 205.35
15  11  1  91.9512  526.22  60.6882
15  11  2  255.194  1495.73  163.412
15  11  3  476.95  2929.53  286.836
15  11  4  932.737  6135.74  513.377
For row 16 and col 0, pedestal is 181.332
16  0  1  20.0687  110.528  19.7866
16  0  2  241.652  1481.11  191.723
16  0  3  597.017  3738.85  413.066
16  0  4  989.052  6876.76  639.204
For row 16 and col 1, pedestal is 217.207
16  1  1  129.164  720.877  75.0426
16  1  2  372.843  2305.03  200.951
16  1  3  947.28  5923.39  406.669
16  1  4  1451.39  10159.6  610.932
For row 16 and col 2, pedestal is 208.048
16  2  1  91.1608  502.752  114.72
16  2  2  190.519  1176.46  225.298
16  2  3  530.349  3387.45  472.207
16  2  4  563.055  3983.33  561.702
For row 16 and col 3, pedestal is 203.017
16  3  1  112.544  624.717  100.222
16  3  2  230.416  1356.12  196.408
16  3  3  342.25  2241.95  292.316
16  3  4  1318.52  8165.48  915.497
For row 16 and col 4, pedestal is 228.607
16  4  1  81.1787  594.651  120.459
16  4  2  117.813  815.391  110.887
16  4  3  288.058  2087.25  268.096
16  4  4  1141.41  7453.74  801.954
For row 16 and col 5, pedestal is 193.334
16  5  1  22.0696  66.4207  79.0743
16  5  2  348.763  1977.56  144.525
16  5  3  727.392  4503.67  281.319
16  5  4  88.8775  557.124  60.5408
For row 16 and col 6, pedestal is 189.545
16  6  1  188.57  983.448  204.227
16  6  2  244.586  1651.11  220.786
16  6  3  584.872  4341.39  482.895
16  6  4  677.385  6513.57  634.786
For row 16 and col 7, pedestal is 220.494
16  7  1  123.188  713.422  104.62
16  7  2  183.822  1262.5  117.444
16  7  3  358.547  2752.59  319
16  7  4  565.325  5478.35  493.051
For row 16 and col 8, pedestal is 190.984
16  8  1  360.559  2112.83  136.928
16  8  2  582.044  3656.12  212.078
16  8  3  1364.42  9464.88  455.493
16  8  4  1689.21  14911.9  664.399
For row 16 and col 9, pedestal is 217.019
16  9  1  98.6887  539.172  89.8642
16  9  2  226.756  1338.65  168.832
16  9  3  462.669  2905.08  347.588
16  9  4  817.139  5435.53  514.507
For row 16 and col 10, pedestal is 211.036
16  10  1  225.964  1319.19  112.581
16  10  2  553.518  3321.34  250.577
16  10  3  918.007  5687.99  388.578
16  10  4  1523.25  10004  587.874
For row 16 and col 11, pedestal is 207.193
16  11  1  45.7692  248.737  83.7732
16  11  2  98.2793  576.731  154.822
16  11  3  179.422  1082.33  253.442
16  11  4  400.405  2615.52  434.424
For row 17 and col 0, pedestal is 191.497
17  0  1  105.193  552.035  88.9517
17  0  2  258.098  1519.74  196.591
17  0  3  667.418  4046.45  451.917
17  0  4  1042.17  7012.68  681.896
For row 17 and col 1, pedestal is 199.875
17  1  1  11.4623  83.3424  38.2096
17  1  2  81.9334  550.908  128.003
17  1  3  15.2287  125.702  36.3731
17  1  4  342.008  2387.07  444.364
For row 17 and col 2, pedestal is 198.232
17  2  1  282.76  1625.89  95.7686
17  2  2  669.409  4176.25  227.525
17  2  3  1589.47  10130.8  458.027
17  2  4  2076.44  14686.5  609.867
For row 17 and col 3, pedestal is 225.131
17  3  1  111.243  626.914  87.3995
17  3  2  218.78  1281.69  164.434
17  3  3  369.827  2390.07  257.901
17  3  4  1336.99  8089.29  828.404
For row 17 and col 4, pedestal is 210.034
17  4  1  137.239  733.622  101.987
17  4  2  257.3  1616.61  183.743
17  4  3  418.573  2947.63  316.889
17  4  4  1026.47  6791  628.954
For row 17 and col 5, pedestal is 175.156
17  5  1  329.096  1708.12  112.965
17  5  2  574.602  3152.78  180.689
17  5  3  1148.65  7029.27  317.797
17  5  4  3487.14  20972.3  545.945
For row 17 and col 6, pedestal is 219.819
17  6  1  216.352  1005.81  122.265
17  6  2  290.676  1651.69  167.088
17  6  3  673.82  4148.01  328.379
17  6  4  960.963  7798.6  571.472
For row 17 and col 7, pedestal is 230.388
17  7  1  79.1901  493.326  85.8568
17  7  2  115.011  867.371  126.276
17  7  3  208.555  1648.96  318.598
17  7  4  315.308  3149.73  501.758
For row 17 and col 8, pedestal is 213.473
17  8  1  240.816  1418.67  87.8838
17  8  2  627.681  3799.55  223.779
17  8  3  1446.67  9737.21  451.946
17  8  4  1748.82  14977.3  611.886
For row 17 and col 9, pedestal is 216.635
17  9  1  127.183  812.591  55.0066
17  9  2  243.61  1507.43  105.986
17  9  3  611.749  3801.54  227.763
17  9  4  966.366  6403.3  326.688
For row 17 and col 10, pedestal is 204.939
17  10  1  190.277  1120.77  103.172
17  10  2  405.517  2382.9  210.607
17  10  3  614.992  3742.7  310.402
17  10  4  1047.18  6800.27  470.473
For row 17 and col 11, pedestal is 242.441
17  11  1  59.5355  275.987  77.1369
17  11  2  157.051  799.504  194.171
17  11  3  282.053  1676.36  352.552
17  11  4  378.417  2410.03  419.071
For row 18 and col 0, pedestal is 209.413
18  0  1  85.0326  493.631  40.2429
18  0  2  246.988  1485.85  118.391
18  0  3  365.343  2351.51  177.601
18  0  4  2167.65  15596.3  688.755
For row 18 and col 1, pedestal is 215.811
18  1  1  14.7346  79.3466  46.0065
18  1  2  29.8425  184.286  120.09
18  1  3  58.6667  392.219  231.517
18  1  4  208.701  1536.88  724.681
For row 18 and col 2, pedestal is 209.033
18  2  1  155.397  846.64  58.8167
18  2  2  423.162  2461.73  153.059
18  2  3  642.959  4026.57  225.006
18  2  4  3152.28  22005.7  632.014
For row 18 and col 3, pedestal is 240.47
18  3  1  99.6805  654.317  76.7395
18  3  2  222.266  1507.74  159.195
18  3  3  542.336  3716.98  337.534
18  3  4  963.21  7425.56  502.691
For row 18 and col 4, pedestal is 195.183
18  4  1  174.949  930.496  89.7527
18  4  2  365.7  2056.37  174.751
18  4  3  749.357  4236.92  322.329
18  4  4  1336.58  8657.91  506.458
For row 18 and col 5, pedestal is 188.012
18  5  1  126.736  716.342  133.314
18  5  2  261.47  1640.31  229.113
18  5  3  512.082  3294.23  384.887
18  5  4  936.561  6977.08  612.658
For row 18 and col 6, pedestal is 209.039
18  6  1  130.799  853.998  127.261
18  6  2  227.792  1558.32  199.354
18  6  3  457.13  3477.32  369.909
18  6  4  1069.5  8199.39  668.535
For row 18 and col 7, pedestal is 229.861
18  7  1  166.957  1069.91  138.839
18  7  2  280.809  1858.18  203.477
18  7  3  567.57  4208.71  347.104
18  7  4  1440.99  10896  773.645
For row 18 and col 8, pedestal is 239.091
18  8  1  490.984  2908.46  115.684
18  8  2  951.722  5884.85  207.548
18  8  3  1597.7  10941.7  350.066
18  8  4  3708.68  25664.4  567.226
For row 18 and col 9, pedestal is 231.366
18  9  1  113.982  809.738  88.5129
18  9  2  192.622  1367.14  130.4
18  9  3  397.841  3036.08  287.193
18  9  4  1127.87  8782.42  621.339
For row 18 and col 10, pedestal is 217.377
18  10  1  175.917  1240.2  75.0825
18  10  2  229.021  1611.49  90.5303
18  10  3  445.606  3357.37  179.524
18  10  4  1364.86  10298.6  411.031
For row 18 and col 11, pedestal is 183.33
18  11  1  87.2266  587.958  61.2911
18  11  2  95.5317  664.479  57.8625
18  11  3  236.659  1763.18  150.954
18  11  4  768.791  5756.82  373.125
For row 19 and col 0, pedestal is 189.305
19  0  1  90.3178  462.466  48.5318
19  0  2  239.974  1369.94  116.366
19  0  3  411.45  2543.83  182.385
19  0  4  1826.66  12818.2  449.93
For row 19 and col 1, pedestal is 220.607
19  1  1  272.357  1523.62  64.2514
19  1  2  648.342  3855.24  143.802
19  1  3  1034.74  6661.18  220.298
For row 19 and col 2, pedestal is 250.229
19  2  1  119.07  645.08  75.3957
19  2  2  290.663  1689.65  178.968
19  2  3  402.452  2548.17  225.815
19  2  4  1739.58  12399.9  565.2
For row 19 and col 3, pedestal is 230.862
19  3  1  98.359  570.437  115.999
19  3  2  201.84  1254.21  242.509
19  3  3  357.466  2273.37  412.575
19  3  4  719.236  5219.37  753.413
For row 19 and col 4, pedestal is 203.529
19  4  1  105.81  595.385  90.7612
19  4  2  203.348  1293.26  195.354
19  4  3  381.63  2451.62  285.467
19  4  4  793.624  5794.85  528.38
For row 19 and col 5, pedestal is 218.033
19  5  1  153.028  808.137  80.6942
19  5  2  333.535  1864.51  172.148
19  5  3  975.626  5487.27  378.597
19  5  4  1537.25  9979.97  592.747
For row 19 and col 6, pedestal is 218.58
19  6  1  147.113  808.626  95.9007
19  6  2  241.501  1418.63  163.934
19  6  3  464.788  2971.86  277.666
19  6  4  835.785  5424.86  484.371
For row 19 and col 7, pedestal is 237.234
19  7  1  84.5619  549.955  87.1822
19  7  2  128.731  876.146  144.527
19  7  3  202.973  1551.54  218.062
19  7  4  614.46  4688.95  636.191
For row 19 and col 8, pedestal is 208.226
19  8  1  175.408  1110.56  128.217
19  8  2  260.46  1699.28  196.624
19  8  3  470.466  3376.93  344.031
19  8  4  1031.85  7371.87  696.254
For row 19 and col 9, pedestal is 182.987
19  9  1  166.481  1176.13  85.7911
19  9  2  278.725  1941.46  122.325
19  9  3  619.525  4654.61  292.861
19  9  4  1598.66  12092.3  605.761
For row 19 and col 10, pedestal is 199.191
19  10  1  94.9444  678.153  79.8611
19  10  2  194.398  1381.73  142.598
19  10  3  402.399  3079.56  300.261
19  10  4  999.244  7758.55  597.544
For row 19 and col 11, pedestal is 194.944
19  11  1  62.5267  401.644  61.8259
19  11  2  91.9298  606.714  80.2546
19  11  3  306.042  2298.47  260.491
19  11  4  780.205  5889.47  558.544
For row 20 and col 0, pedestal is 239.967
20  0  1  37.5678  207.48  45.474
20  0  2  115.191  680.303  136.078
20  0  3  198.961  1265.76  223.168
20  0  4  986.193  7032.32  602.962
For row 20 and col 1, pedestal is 233.578
20  1  1  105.957  623.604  57.0705
20  1  2  269.853  1622.26  143.72
20  1  3  495.201  3188.65  256.941
20  1  4  1833.5  13195.3  694.844
For row 20 and col 2, pedestal is 212.243
20  2  1  285.383  1612.86  67.7729
20  2  2  716.818  4168.18  160.988
20  2  3  1118.89  7063.46  251.381
20  2  4  3553.29  25090  450.056
For row 20 and col 3, pedestal is 215.369
20  3  1  119.932  742.074  89.0471
20  3  2  280.77  1761.1  189.339
20  3  3  438.937  2743.97  252.114
20  3  4  1065.58  7497.18  471.818
For row 20 and col 4, pedestal is 170.861
20  4  1  81.5813  452.774  68.7939
20  4  2  24.8874  81.2901  74.2358
20  4  3  361.092  2278.62  277.493
20  4  4  620.661  4473.97  456.521
For row 20 and col 5, pedestal is 187.111
20  5  1  298.503  1559.15  92.1541
20  5  2  686.353  3872.4  192.584
20  5  3  1749.09  10104.3  392.145
20  5  4  2960.92  19681.5  479.22
For row 20 and col 6, pedestal is 222.484
20  6  1  186.181  1055.24  163.365
20  6  2  306.315  1859.43  212.402
20  6  3  588.202  4136.45  352.026
20  6  4  1234.4  9021.42  684.967
For row 20 and col 7, pedestal is 194.306
20  7  1  102.352  666.741  127.633
20  7  2  150.147  1037.75  178.012
20  7  3  288.156  2176.45  322.121
20  7  4  636.706  4888.19  594.166
For row 20 and col 8, pedestal is 213.502
20  8  1  230.398  1383.62  156.975
20  8  2  313.655  1984.69  199.363
20  8  3  690.294  4792.5  442.658
20  8  4  1215.57  8438.06  664.854
For row 20 and col 9, pedestal is 210.833
20  9  1  103.151  752.92  73.9497
20  9  2  168.924  1232.66  108.628
20  9  3  388.304  3048.82  260.268
20  9  4  677.181  5380.17  407.036
For row 20 and col 10, pedestal is 223.765
20  10  1  68.2761  472.083  72.8191
20  10  2  145.862  992.913  128.38
20  10  3  291.732  2187.68  256.285
20  10  4  495.086  3764.64  380.052
For row 20 and col 11, pedestal is 210.576
20  11  1  77.9168  559.714  86.579
20  11  2  99.6458  723.907  97.3865
20  11  3  311.706  2381.71  291.572
20  11  4  879.355  6760.33  549.257
For row 21 and col 0, pedestal is 220.561
21  0  1  51.9794  304.888  40.2753
21  0  2  121.77  803.961  110.357
21  0  3  232.777  1564.32  214.345
21  0  4  843.089  6226.9  596.679
For row 21 and col 1, pedestal is 293.588
21  1  1  150.408  851.151  59.4512
21  1  2  399.065  2369.56  145.612
21  1  3  775.34  4918.11  240.582
21  1  4  3159.54  22548.5  549.574
For row 21 and col 2, pedestal is 213.536
21  2  1  258.44  1502.67  63.0883
21  2  2  628.469  3779.84  144.893
21  2  3  1124.45  7272.95  246.742
21  2  4  3805.1  28092.4  1249.45
For row 21 and col 3, pedestal is 254.052
21  3  1  281.471  1631.37  110.654
21  3  2  546.627  3341.6  197.556
21  3  3  1133.45  6993.65  360.238
21  3  4  2150.07  15102.4  620.344
For row 21 and col 4, pedestal is 204.817
21  4  1  137.217  797.735  91.6266
21  4  2  264.709  1737.7  166.794
21  4  3  635.913  4236.33  364.772
21  4  4  1104.33  8461.33  572.015
For row 21 and col 5, pedestal is 186.833
21  5  1  152.43  823.096  63.32
21  5  2  365.015  2067.63  147.32
21  5  3  864.216  4971.17  308.344
21  5  4  1722.91  11380.4  512.613
For row 21 and col 6, pedestal is 240.202
21  6  1  252.322  1328.39  113.827
21  6  2  369.652  2106.99  161.751
21  6  3  822.024  5181.26  317.598
21  6  4  1610.46  10357.4  596.297
For row 21 and col 7, pedestal is 247.053
21  7  1  158.506  1056.22  104.514
21  7  2  188.628  1331.67  129.172
21  7  3  257.18  1952.69  181.248
21  7  4  824.693  6293.05  506.812
For row 21 and col 8, pedestal is 239.79
21  8  1  197.535  1193.76  148.753
21  8  2  287.442  1813.44  219.183
21  8  3  569.369  3944.22  396.382
21  8  4  551.453  3785.8  419.391
For row 21 and col 9, pedestal is 248.296
21  9  1  119.416  860.079  86.8107
21  9  2  206.554  1427.8  124.195
21  9  3  486.197  3632.25  305.432
21  9  4  1287  9676.81  655.255
For row 21 and col 10, pedestal is 233.875
21  10  1  123.044  880.071  81.0418
21  10  2  200.338  1409.31  110.293
21  10  3  432.343  3294.19  255.43
21  10  4  989.971  7612.45  471.893
For row 21 and col 11, pedestal is 219.412
21  11  1  178.643  1296.08  87.9171
21  11  2  350.486  2481.23  143.674
21  11  3  562.998  4278.13  239.933
21  11  4  1435.55  10994.5  471.717
For row 22 and col 0, pedestal is 266.74
22  0  1  23.156  138.28  49.7849
22  0  2  37.9544  246.68  75.5848
22  0  3  89.0585  573.18  193.572
22  0  4  378.12  2666.97  576.561
For row 22 and col 1, pedestal is 224.194
22  1  1  53.1532  341.559  31.0419
22  1  2  147.822  955.749  85.8833
22  1  3  424.914  2832.51  238.853
22  1  4  1242.86  9216.25  592.012
For row 22 and col 2, pedestal is 245.129
22  2  1  118.45  679.319  46.0624
22  2  2  240.617  1461.89  88.729
22  2  3  695.108  4417.28  236.494
22  2  4  2118.46  15079  540.875
For row 22 and col 3, pedestal is 253.441
22  3  1  245.433  1434.42  108.225
22  3  2  510.979  3164.77  217.796
22  3  3  980.3  6147.74  390.034
22  3  4  2060.46  14659  704.634
For row 22 and col 4, pedestal is 217.656
22  4  1  130.434  681.831  86.0171
22  4  2  264.941  1652.62  204.371
22  4  3  638.782  4149.82  408.15
22  4  4  1014.47  7540.89  611.429
For row 22 and col 5, pedestal is 231.085
22  5  1  245.635  1292.45  93.5475
22  5  2  427.334  2351.55  151.402
22  5  3  1265.88  7127.82  351.461
22  5  4  1764.1  11379.8  492.205
For row 22 and col 6, pedestal is 250.123
22  6  1  150.065  912.089  97.0111
22  6  2  259.864  1735.56  173.874
22  6  3  574.773  4258.87  349.848
22  6  4  889.057  6666.06  556.34
For row 22 and col 7, pedestal is 245.521
22  7  1  115.979  850.205  86.4163
22  7  2  158.464  1248.07  119.733
22  7  3  392.176  3084.19  297.948
22  7  4  867.542  6647.16  597.028
For row 22 and col 8, pedestal is 235.887
22  8  1  276.728  1682.25  114.175
22  8  2  440.808  2804.76  181.954
22  8  3  731.434  5080.9  310.917
22  8  4  1945.83  13454.6  669.849
For row 22 and col 9, pedestal is 207.283
22  9  1  93.8915  669.204  58.1084
22  9  2  167.554  1167.67  85.4394
22  9  3  290.917  2191.28  144.26
22  9  4  960.156  7266.42  395.758
For row 22 and col 10, pedestal is 229.276
22  10  1  56.6318  408.704  66.7691
22  10  2  104.921  730.094  101.513
22  10  3  166.857  1272.8  175.325
22  10  4  550.966  4204.22  456.898
For row 22 and col 11, pedestal is 223.048
22  11  1  107.743  755.875  60.2966
22  11  2  278.319  1988.18  120.315
22  11  3  549.779  4211.7  237.039
22  11  4  1274.51  9844.06  461.003
For row 23 and col 0, pedestal is 231.972
23  0  1  63.8731  327.078  55.9493
23  0  2  196.12  1156.38  131.788
23  0  3  314.405  2004.18  188.08
23  0  4  1419.24  10302  489.537
For row 23 and col 1, pedestal is 202.128
23  1  1  35.0467  185.04  54.6912
23  1  2  82.7638  511.672  145.384
23  1  3  177.716  1139.75  268.902
23  1  4  669.57  4930.64  728.25
For row 23 and col 2, pedestal is 226.505
23  2  1  42.7737  225.114  64.9566
23  2  2  170.057  1016.77  132.152
23  2  3  315.571  2020.39  243.899
23  2  4  1117.2  8035.64  527.863
For row 23 and col 3, pedestal is 238.504
23  3  1  87.1901  481.07  113.991
23  3  2  156.934  938.082  182.33
23  3  3  266.571  1584.93  291.334
23  3  4  634.573  4368.44  590.287
For row 23 and col 4, pedestal is 230.867
23  4  1  151.075  938.389  122.367
23  4  2  303.775  1982.93  196.384
23  4  3  648.425  4311.61  409.808
23  4  4  1417.14  10626.6  720.752
For row 23 and col 5, pedestal is 232.002
23  5  1  160.572  788.245  79.9317
23  5  2  433.925  2411.63  196.643
23  5  3  975.942  5629.23  367.361
23  5  4  1460.15  9603.74  533.994
For row 23 and col 6, pedestal is 225.857
23  6  1  138.378  797.595  179.414
23  6  2  190.259  1226.43  192.684
23  6  3  245.717  1776.89  269.578
23  6  4  694.938  5159.44  602.133
For row 23 and col 7, pedestal is 190.43
23  7  1  131.441  745.236  95.1026
23  7  2  169.113  1230.36  170.572
23  7  3  376.853  2982.18  337.961
23  7  4  646.202  5130.93  587.997
For row 23 and col 8, pedestal is 214.289
23  8  1  248.486  1520.63  112.29
23  8  2  474.002  3030.97  208.328
23  8  3  846.566  5949.61  356.148
23  8  4  1585.2  11101.1  608.21
For row 23 and col 9, pedestal is 194.749
23  9  1  105.868  818.306  63.4894
23  9  2  230.236  1650.82  110.262
23  9  3  448.675  3434.43  228.859
23  9  4  1098.82  8440.25  466.664
For row 23 and col 10, pedestal is 196.815
23  10  1  104.004  800.372  65.0345
23  10  2  223.696  1557.76  119.777
23  10  3  463.711  3544.06  261.824
23  10  4  1238.08  9432.31  566.265
For row 23 and col 11, pedestal is 248.188
23  11  1  81.8637  595.786  62.7461
23  11  2  146  1039.67  101.743
23  11  3  263.872  2011.78  182.675
23  11  4  751.737  5804.57  429.497
