#All information for run 1204.
#Row Col LED <Max> <Int> NPE
For row 0 and col 0, pedestal is 236.593
0  0  1  253.753  1465.51  85.0279
0  0  2  587.763  3724.88  182.793
0  0  3  1208.01  7808.1  338.322
0  0  4  2606.91  18733.2  645.365
0  0  5  8289.88  72427.7  nan
For row 0 and col 1, pedestal is 192.36
0  1  1  42.2403  222.2  17.9415
0  1  2  482.369  2927.14  146.954
0  1  3  1732.81  10732.6  419.134
0  1  4  2218.72  15306.2  565.12
0  1  5  2896.06  25090.4  804.2
For row 0 and col 2, pedestal is 211.765
0  2  1  131.03  730.258  82.1324
0  2  2  330.288  2032.85  193.842
0  2  3  697.518  4333.09  348.523
0  2  4  1641.05  11416.7  625.599
0  2  5  25104.7  30401.9  16.5636
For row 0 and col 3, pedestal is 215.038
0  3  1  353.723  2070.53  102.552
0  3  2  852.825  5133.87  215.242
0  3  3  1139.28  7583.82  298.719
0  3  4  23198.7  30093.8  18.0758
0  3  5  7993.89  130950  nan
For row 0 and col 4, pedestal is 229.755
0  4  1  34.5331  200.196  123.161
0  4  2  56.1585  351.421  94.8576
0  4  3  129.983  903.307  213.203
0  4  4  484.442  3135.71  654.673
0  4  5  1233.13  8952.71  1513.2
For row 0 and col 5, pedestal is 206.257
0  5  1  82.2012  582.609  61.899
0  5  2  152.272  1071.91  135.698
0  5  3  294.752  2169.11  257.28
0  5  4  797.188  5276.31  641.013
0  5  5  2871.82  21290.1  1570.9
For row 0 and col 6, pedestal is 202.252
0  6  1  68.6608  499.015  166.941
0  6  2  105.308  719.428  135.35
0  6  3  179.971  1411.93  213.62
0  6  4  303.754  3109.92  449.14
0  6  5  1007.61  8037.18  1001.81
For row 0 and col 7, pedestal is 192.995
0  7  1  37.4168  251.843  41.7024
0  7  2  64.3159  307.142  104.918
0  7  3  132.831  917.287  194.589
0  7  4  187.288  1622.66  297.349
0  7  5  683.809  5324.69  843.674
For row 0 and col 8, pedestal is 232.505
0  8  1  184.784  1021.44  66.6422
0  8  2  422.752  2541.06  145.582
0  8  3  1304.72  8723.78  392.461
0  8  4  1619.57  13852.4  549.745
0  8  5  7968.21  54776.8  nan
For row 0 and col 9, pedestal is 231.699
0  9  1  284.431  1573.88  104.483
0  9  2  683.918  3875.25  233.332
0  9  3  1091.16  6473.33  336.186
0  9  4  1583.42  10100.9  458.712
0  9  5  7951.98  32424.9  1272.7
For row 0 and col 10, pedestal is 213.273
0  10  1  226.267  1287.27  95.37
0  10  2  525.803  3070.64  198.503
0  10  3  808.701  4922  291.617
0  10  4  1529.23  9919.76  515.68
0  10  5  2782.89  20306.6  784.558
For row 0 and col 11, pedestal is 181.963
0  11  1  293.837  1660.77  99.8727
0  11  2  632.415  3684.82  182.153
0  11  3  1098.21  6706.18  261.562
0  11  4  2257.47  14716.7  436.385
0  11  5  3146.75  23715.8  854.907
For row 1 and col 0, pedestal is 168.301
1  0  1  165.957  956.042  40.9167
1  0  2  517.292  3251.59  116.244
1  0  3  1585.91  10091.5  288.43
1  0  4  2921.15  20525.6  429.538
1  0  5  8114.37  124188  nan
For row 1 and col 1, pedestal is 199.623
1  1  1  305.874  1738.24  64.9961
1  1  2  891.041  5490.79  170.614
1  1  3  1393.81  8766.92  259.1
1  1  4  3293.43  23162.8  424.241
1  1  5  7991.53  65383.2  nan
For row 1 and col 2, pedestal is 213.297
1  2  1  180.86  1107.85  87.6668
1  2  2  425.266  2768.66  191.522
1  2  3  1061.01  6954.9  424.121
1  2  4  2025.93  14682.8  719.314
1  2  5  6148.52  40704.2  135.483
For row 1 and col 3, pedestal is 194.757
1  3  1  282.935  1629.68  108.909
1  3  2  472.936  2838.68  172.382
1  3  3  877.478  5831.61  308.165
1  3  4  2841.36  17691.6  780.195
1  3  5  7996.43  70093.2  nan
For row 1 and col 4, pedestal is 203.508
1  4  1  39.2366  248.629  23.7919
1  4  2  297.25  1678.85  170.304
1  4  3  440.632  2769.01  263.15
1  4  4  1764.41  10345.1  794.276
1  4  5  7987.27  54337.5  nan
For row 1 and col 5, pedestal is 203.238
1  5  1  50.7556  290.251  109.922
1  5  2  93.4536  549.147  162.623
1  5  3  168.898  1146.6  329.769
1  5  4  431.78  2818.5  828.169
1  5  5  1346.3  9881.93  1906.82
For row 1 and col 6, pedestal is 147.755
1  6  1  235.134  1296.71  158.829
1  6  2  359.454  2047.27  215.746
1  6  3  774.894  5018.33  386.739
1  6  4  1255.57  10538.9  781.95
1  6  5  3898.94  31292.3  1500.15
For row 1 and col 7, pedestal is 195.038
1  7  1  115.373  674.471  125.498
1  7  2  213.199  1327.3  195.759
1  7  3  392.601  2815.72  372.646
1  7  4  624.003  5834.24  661.665
1  7  5  1891.35  14824.6  1230.86
For row 1 and col 8, pedestal is 224.462
1  8  1  431.705  2578.6  115.581
1  8  2  642.016  4039.33  173.248
1  8  3  1498.95  10543.4  369.473
1  8  4  2125.31  18847.7  578.068
1  8  5  7966.72  82451.5  nan
For row 1 and col 9, pedestal is 213.331
1  9  1  174.694  1040.74  71.4437
1  9  2  479.135  2819.67  185.21
1  9  3  770.092  4707.42  286.825
1  9  4  1564.17  10227.7  516.044
1  9  5  3235.64  23858.6  862.853
For row 1 and col 10, pedestal is 195.621
1  10  1  244.754  1414.32  93.2445
1  10  2  544.74  3196.93  216.516
1  10  3  998.413  6052  359.638
1  10  4  1849.22  12082.9  561.149
1  10  5  3625.39  26913.7  744.967
For row 1 and col 11, pedestal is 209.736
1  11  1  194.93  1128.57  104.287
1  11  2  382.655  2256.63  196.164
1  11  3  783.028  4812.4  352.321
1  11  4  1411.59  9282.94  576.186
1  11  5  2606.02  19296.6  964.732
For row 2 and col 0, pedestal is 200.386
2  0  1  116.085  657.915  66.4769
2  0  2  288.84  1833.7  162.674
2  0  3  708.949  4577.76  331.12
2  0  4  1643.53  11818.2  712.997
2  0  5  7909.85  41087.9  208.844
For row 2 and col 1, pedestal is 225.345
2  1  1  225.504  1331.95  81.1794
2  1  2  414.967  2663.03  147.394
2  1  3  1098.58  7204.51  350.408
2  1  4  1263.69  9201.23  393.101
2  1  5  6039  40063.6  101.516
For row 2 and col 2, pedestal is 187.317
2  2  1  283.543  1710.2  88.0853
2  2  2  545.539  3581.75  149.162
2  2  3  1735.63  11443.9  402.729
2  2  4  1960.92  14391.1  512.278
2  2  5  8013.04  65113.7  nan
For row 2 and col 3, pedestal is 211.08
2  3  1  147.467  819.924  103.921
2  3  2  312.158  1893.79  211.569
2  3  3  295.81  1955.01  205.244
2  3  4  1427.68  9051.66  822.448
2  3  5  7979.77  54893.2  nan
For row 2 and col 4, pedestal is 183.508
2  4  1  58.3887  394.075  66.4576
2  4  2  132.677  848.303  146.713
2  4  3  232.937  1671.44  266.776
2  4  4  674.967  4445.31  665.155
2  4  5  2742.15  20185.3  1830.98
For row 2 and col 5, pedestal is 216.434
2  5  1  96.0379  591.076  78.6978
2  5  2  156.612  945.643  127.63
2  5  3  324.437  2262.65  264.344
2  5  4  1106.79  7284.44  726.408
2  5  5  3536.31  26426.8  1182.72
For row 2 and col 6, pedestal is 179.588
2  6  1  119.535  562.094  106.245
2  6  2  169.597  1087.29  200.215
2  6  3  281.322  2061.22  340.688
2  6  4  497.142  4808.52  629.717
2  6  5  1593.46  13045.8  1243.83
For row 2 and col 7, pedestal is 227.292
2  7  1  81.6375  516.225  151.652
2  7  2  136.255  919.775  208.165
2  7  3  301.562  2317.62  365.805
2  7  4  363.511  3659.19  550.882
2  7  5  1387.1  11467.8  1214.15
For row 2 and col 8, pedestal is 201.293
2  8  1  345.022  2237.5  171.282
2  8  2  428.962  2879.71  217.307
2  8  3  1066.5  7940.06  518.108
2  8  4  1701.43  15816.4  838.732
2  8  5  7989.93  49871.6  nan
For row 2 and col 9, pedestal is 211.653
2  9  1  126.594  791.626  89.3097
2  9  2  364.718  2207.16  237.436
2  9  3  572.306  3563.79  352.405
2  9  4  1100.99  7300.48  560.482
2  9  5  2109.91  15737.3  964.439
For row 2 and col 10, pedestal is 236.567
2  10  1  309.234  1858.23  68.984
2  10  2  646.489  3972.66  139.71
2  10  3  1422.79  9045.11  269.501
2  10  4  2277.87  15505.9  367.216
2  10  5  7969.57  54866.1  nan
For row 2 and col 11, pedestal is 208.392
2  11  1  353.786  2102.38  87.9045
2  11  2  746.004  4502.79  176.843
2  11  3  1399.01  8878.02  317.4
2  11  4  2863.39  19250.4  465.891
2  11  5  8002.16  71354.1  nan
For row 3 and col 0, pedestal is 230.694
3  0  1  321.014  1827.36  78.1127
3  0  2  737.684  4483.44  173.254
3  0  3  2029.31  12682.4  374.118
3  0  4  3461.84  23947.2  430.213
3  0  5  7960.53  78050.8  nan
For row 3 and col 1, pedestal is 199.578
3  1  1  83.9239  429.678  41.4812
3  1  2  303.42  1828.01  137.722
3  1  3  1143.57  7187.04  408.179
3  1  4  1559.37  10922.3  564.616
3  1  5  5720.29  32322.3  62.3693
For row 3 and col 2, pedestal is 218.902
3  2  1  245.595  1384.26  106.496
3  2  2  511.151  3154.24  208.672
3  2  3  1376.09  8579.45  485.182
3  2  4  2137.12  14759.4  715.785
3  2  5  7971.96  70208.2  nan
For row 3 and col 3, pedestal is 172.971
3  3  1  252.471  1419.01  99.0908
3  3  2  662.559  3840.76  239.192
3  3  3  41.999  264.175  22.5193
3  3  4  2948.55  18019.6  802.402
3  3  5  8018.22  108779  nan
For row 3 and col 4, pedestal is 209.41
3  4  1  77.7055  427.493  88.6728
3  4  2  129.443  834.988  118.855
3  4  3  352.664  2448.98  289.814
3  4  4  892.769  5948.1  698.7
3  4  5  3329.52  25166.6  1561
For row 3 and col 5, pedestal is 179.616
3  5  1  85.2355  569.606  139.653
3  5  2  127.294  859.462  141.311
3  5  3  337.716  2432.79  337.682
3  5  4  1142.67  7842.72  953.367
3  5  5  3052.97  23585.4  1713.29
For row 3 and col 6, pedestal is 217.914
3  6  1  159.375  962.192  130.922
3  6  2  224.165  1352.41  183.348
3  6  3  616.168  4106.71  372.939
3  6  4  936.236  7947.54  604.977
3  6  5  3193.73  22879.4  1029.82
For row 3 and col 7, pedestal is 222.578
3  7  1  146.558  848.416  118.558
3  7  2  168.862  1110.6  184.974
3  7  3  338.346  2707.75  372.182
3  7  4  567.772  5522.32  625.88
3  7  5  1127.47  9031.89  1006.26
For row 3 and col 8, pedestal is 173.161
3  8  1  241.981  1453.2  186.474
3  8  2  268.874  1682.83  219.607
3  8  3  833.041  5951.31  594.131
3  8  4  1075.7  9588.61  808.137
3  8  5  2885.79  21748  1527.58
For row 3 and col 9, pedestal is 187.617
3  9  1  153.222  885.05  99.872
3  9  2  289.034  1685.99  194.655
3  9  3  578.113  3501.63  344.753
3  9  4  1234.47  7996.93  620.141
3  9  5  2623.37  19121.9  1117.11
For row 3 and col 10, pedestal is 183.639
3  10  1  136.743  774.962  79.8432
3  10  2  327.205  1914.09  185.241
3  10  3  632.502  3850.98  343.239
3  10  4  749.892  4902.72  396.515
3  10  5  2235.48  16343.6  1007.94
For row 3 and col 11, pedestal is 205.639
3  11  1  139.323  804.727  64.2452
3  11  2  381.518  2244.56  157.376
3  11  3  719.556  4446.39  291.609
3  11  4  1415.12  9342.11  499.124
3  11  5  2548.8  19027.2  852.163
For row 4 and col 0, pedestal is 181.283
4  0  1  27.5077  153.709  18.8084
4  0  2  365.186  2246.29  176.882
4  0  3  906.626  5694.32  381.504
4  0  4  1489.03  10426.9  590.608
4  0  5  3711.89  32643.3  937.689
For row 4 and col 1, pedestal is 215.976
4  1  1  202.147  1142.71  78.0747
4  1  2  591.408  3669.83  190.782
4  1  3  1492.47  9382.84  382.715
4  1  4  2279.75  16023.6  585.958
4  1  5  7975.23  87093.4  nan
For row 4 and col 2, pedestal is 209.27
4  2  1  127.889  733.062  101.379
4  2  2  276.14  1738.11  211.571
4  2  3  780.975  5017.73  505.07
4  2  4  827.105  5902.09  558.71
4  2  5  1710.68  15338.3  1221.2
For row 4 and col 3, pedestal is 202.248
4  3  1  166.296  940.052  98.1153
4  3  2  342.103  2025.58  198.47
4  3  3  509.863  3352.01  286.719
4  3  4  1962.41  12227.5  887.059
4  3  5  7988.93  55656.7  nan
For row 4 and col 4, pedestal is 228.075
4  4  1  59.1602  414.936  129.178
4  4  2  76.3265  577.244  101.942
4  4  3  192.376  1439.91  254.608
4  4  4  769.633  5102.75  791.192
4  4  5  2082.69  15463.6  1825.01
For row 4 and col 5, pedestal is 192.345
4  5  1  23.2319  42.4904  139.792
4  5  2  240.654  1396.77  147.123
4  5  3  502.067  3139.53  278.708
4  5  4  68.3119  388.133  75.281
4  5  5  6044.99  31800.5  168.489
For row 4 and col 6, pedestal is 189.371
4  6  1  143.138  693.163  130.997
4  6  2  155.76  1142.48  161.773
4  6  3  384.05  2985.57  488.001
4  6  4  441.892  4479.65  616.571
4  6  5  1504.66  12299.9  1338.42
For row 4 and col 7, pedestal is 219.776
4  7  1  96.9967  500.858  116.407
4  7  2  121.988  882.36  111.081
4  7  3  255.68  1943.79  305.27
4  7  4  393.293  3897.49  475.964
4  7  5  1549.21  12590.8  1228.05
For row 4 and col 8, pedestal is 192.059
4  8  1  548.381  3224.66  133.938
4  8  2  903.024  5619.79  229.234
4  8  3  2091.86  14499.9  440.141
4  8  4  2559.86  22627  632.475
4  8  5  7998.76  102795  nan
For row 4 and col 9, pedestal is 216.316
4  9  1  148.697  827.825  87.7985
4  9  2  367.237  2118.92  177.918
4  9  3  730.278  4516  336.898
4  9  4  1269.07  8372.47  497.964
4  9  5  2539.49  18824.1  804.717
For row 4 and col 10, pedestal is 210.845
4  10  1  340.279  1979.62  108.604
4  10  2  841.734  5023.37  251.467
4  10  3  1389.05  8598.35  386.625
4  10  4  2309.76  15163.2  555.443
4  10  5  7923.96  41663.9  554.931
For row 4 and col 11, pedestal is 206.666
4  11  1  65.3804  381.966  71.6547
4  11  2  139.49  874.653  131.702
4  11  3  264.401  1642.08  216.572
4  11  4  601.248  4000.58  430.923
4  11  5  991.833  7315.91  696.223
For row 5 and col 0, pedestal is 191.55
5  0  1  166.29  890.099  92.1763
5  0  2  390.864  2314.12  209.243
5  0  3  1007.59  6127.74  462.591
5  0  4  1566.48  10588  670.745
5  0  5  3651.58  30978.5  903.079
For row 5 and col 1, pedestal is 199.105
5  1  1  13.0146  84.5253  23.9408
5  1  2  128.609  822.224  126.827
5  1  3  21.3137  152.728  26.5806
5  1  4  533.984  3718.17  433.731
5  1  5  1538.58  13436  1008.46
For row 5 and col 2, pedestal is 195.863
5  2  1  428.029  2478.87  98.4113
5  2  2  1018.93  6388.8  216.738
5  2  3  2440.97  15607.8  406.784
5  2  4  3204.64  22761.8  450.484
5  2  5  8011.01  119670  nan
For row 5 and col 3, pedestal is 224.629
5  3  1  169.47  958.991  88.6072
5  3  2  338.32  1981.67  165.363
5  3  3  567.29  3682.11  286.564
5  3  4  2028.88  12360.9  855.43
5  3  5  7966.53  77480.1  nan
For row 5 and col 4, pedestal is 208.83
5  4  1  96.6032  520.154  105.631
5  4  2  171.671  1157.53  175.972
5  4  3  284.689  2084.2  311.725
5  4  4  698.298  4729.43  608.441
5  4  5  3206.5  24243.2  1728.23
For row 5 and col 5, pedestal is 173.083
5  5  1  226.396  1160.15  111.31
5  5  2  383.816  2130.2  171.141
5  5  3  765.416  4730.9  308.96
5  5  4  2215.84  13095.5  745.219
5  5  5  8017.77  92430.6  nan
For row 5 and col 6, pedestal is 218.506
5  6  1  147.343  693.584  128.857
5  6  2  184.467  1150.85  139.313
5  6  3  453.607  2866.27  342.93
5  6  4  643.167  5368.99  522.901
5  6  5  2006.63  13689.5  1190.44
For row 5 and col 7, pedestal is 229.996
5  7  1  54.7326  353.121  92.1282
5  7  2  71.8448  620.577  102.439
5  7  3  135.533  1148.73  293.618
5  7  4  204.752  2195.32  514.092
5  7  5  606.902  4987.54  1001.75
For row 5 and col 8, pedestal is 212.105
5  8  1  362.544  2140.36  91.3404
5  8  2  953.031  5773.72  224.234
5  8  3  2198.65  14794.3  426.151
5  8  4  2645.2  22707.6  598.991
5  8  5  7979.03  116587  nan
For row 5 and col 9, pedestal is 215.69
5  9  1  209.736  1259.41  64.8771
5  9  2  386.647  2340.39  108.176
5  9  3  951.757  5909.55  217.44
5  9  4  1504.65  9947.69  321.503
5  9  5  6691.44  34577.7  66.6349
For row 5 and col 10, pedestal is 205.483
5  10  1  290.643  1699.5  103.715
5  10  2  619.218  3611.07  215.634
5  10  3  932.555  5658.22  317.694
5  10  4  1579.41  10219.2  456.883
5  10  5  7985.73  40832.5  nan
For row 5 and col 11, pedestal is 239.926
5  11  1  82.1383  403.495  78.3194
5  11  2  215.115  1200.69  189.035
5  11  3  419.497  2552.36  327.896
5  11  4  565.729  3684.1  429.823
5  11  5  1245.3  9189.54  860.693
For row 6 and col 0, pedestal is 208.396
6  0  1  132.611  755.672  41.8432
6  0  2  383.603  2296.17  121.362
6  0  3  561.406  3610.09  167.371
6  0  4  3380.04  24376.9  526.237
6  0  5  3252.31  21188.5  587.754
For row 6 and col 1, pedestal is 216.581
6  1  1  13.0595  74.0592  68.7455
6  1  2  21.952  152.613  94.3391
6  1  3  43.6317  309.317  221.397
6  1  4  159.037  1205.35  689.469
6  1  5  207.459  1416.52  1082.59
For row 6 and col 2, pedestal is 208.755
6  2  1  233.804  1268.25  59.4287
6  2  2  643.069  3734.21  149.002
6  2  3  969.664  6076.79  237.379
6  2  4  7982.43  47336.7  nan
6  2  5  7982.41  62853  nan
For row 6 and col 3, pedestal is 241.39
6  3  1  157.425  1030.56  85.4292
6  3  2  348.483  2374.85  163.708
6  3  3  850.021  5845.85  332.854
6  3  4  1495.9  11630.8  503.721
6  3  5  3567.87  28023.7  641.557
For row 6 and col 4, pedestal is 192.099
6  4  1  119.693  641.592  95.8147
6  4  2  250.768  1413.18  182.001
6  4  3  510.715  2908.23  330.502
6  4  4  904.519  5905.82  474.219
6  4  5  2237.94  14945.3  996.762
For row 6 and col 5, pedestal is 186.328
6  5  1  97.4296  487.843  131.982
6  5  2  186.718  1141.47  233.92
6  5  3  355.653  2281.91  377.387
6  5  4  643.447  4811.62  610.536
6  5  5  1391.71  10705.9  1149.38
For row 6 and col 6, pedestal is 208.808
6  6  1  100.516  591.779  110.492
6  6  2  157.421  1068.58  184.594
6  6  3  310.699  2380.21  352.186
6  6  4  724.915  5618.92  673.1
6  6  5  981.192  8161.1  914.699
For row 6 and col 7, pedestal is 228.223
6  7  1  108.598  734.432  128.251
6  7  2  185.527  1290.06  195.179
6  7  3  377.662  2881.65  372.488
6  7  4  961.79  7452.93  788.343
6  7  5  1452.72  11860.2  1054.08
For row 6 and col 8, pedestal is 238.245
6  8  1  745.765  4421.04  114.732
6  8  2  1446.48  8972.17  207.44
6  8  3  2443.52  16715.4  318.59
6  8  4  7952.96  64596  nan
6  8  5  7952.93  132764  nan
For row 6 and col 9, pedestal is 231.621
6  9  1  168.313  1210.71  90.5877
6  9  2  287.206  2043.62  132.383
6  9  3  593.86  4549.58  265.503
6  9  4  1686.3  13140.1  659.68
6  9  5  3364.89  27152.7  914.702
For row 6 and col 10, pedestal is 216.784
6  10  1  264.792  1871.23  77.8304
6  10  2  350.556  2465.01  92.5156
6  10  3  677.391  5094.79  193.617
6  10  4  2065.41  15566.9  441.861
6  10  5  7974.43  49340.5  nan
For row 6 and col 11, pedestal is 180.769
6  11  1  126.457  870.558  53.8273
6  11  2  143.263  986.49  54.7566
6  11  3  355.806  2635.58  139.888
6  11  4  1153.26  8593.37  385.508
6  11  5  3038.28  23443.8  773.945
For row 7 and col 0, pedestal is 187.783
7  0  1  139.484  732.716  47.5515
7  0  2  374.576  2149.32  108.987
7  0  3  649.274  4039.38  168.759
7  0  4  2851.89  20108.1  417.23
7  0  5  3851.98  31998.4  1628.28
For row 7 and col 1, pedestal is 219.76
7  1  1  411.383  2316.61  64.9001
7  1  2  984.818  5878.94  149.118
7  1  3  1563.21  10104.5  216.792
7  1  4  7971.43  105540  nan
7  1  5  7971.43  109720  nan
For row 7 and col 2, pedestal is 248.146
7  2  1  179.508  984.376  75.1427
7  2  2  442.983  2587.07  167.509
7  2  3  612.359  3895.79  225.415
7  2  4  2634.43  18840  646.313
7  2  5  7943.06  45806  nan
For row 7 and col 3, pedestal is 230.593
7  3  1  142.686  837.563  113.353
7  3  2  292.358  1833.37  244.129
7  3  3  523.076  3351.08  414.574
7  3  4  1047.93  7640.25  724.018
7  3  5  2193.27  16081.5  1364.72
For row 7 and col 4, pedestal is 202.324
7  4  1  75.275  398.989  134.708
7  4  2  139.674  866.885  183.504
7  4  3  254.604  1676.02  272.99
7  4  4  527.201  3930.83  536.828
7  4  5  1233.5  9324.09  1077.89
For row 7 and col 5, pedestal is 218.561
7  5  1  104.721  569.318  79.1575
7  5  2  229.311  1299.22  179.598
7  5  3  673.079  3829.74  401.207
7  5  4  1053.61  6925.14  592.592
7  5  5  2279.34  15151.1  1036.97
For row 7 and col 6, pedestal is 218.177
7  6  1  104.207  550.517  97.2757
7  6  2  163.535  948.568  150.118
7  6  3  315.737  2016.82  273.604
7  6  4  567.146  3676.23  459.594
7  6  5  1380.73  9601.31  907.155
For row 7 and col 7, pedestal is 236.263
7  7  1  60.4852  396.295  84.6841
7  7  2  90.2231  634.819  135.402
7  7  3  141.555  1105.15  230.275
7  7  4  430.111  3313.66  637.634
7  7  5  563.538  4597.57  828.869
For row 7 and col 8, pedestal is 208.68
7  8  1  257.009  1619.2  130.122
7  8  2  377.603  2475.69  194.416
7  8  3  680.752  4909.09  334.498
7  8  4  1494.51  10716.1  676.252
7  8  5  2711.8  20632.4  1104.19
For row 7 and col 9, pedestal is 183.022
7  9  1  241.745  1723.79  87.0948
7  9  2  412.16  2875.22  127.541
7  9  3  911.674  6847.09  291.202
7  9  4  2342.39  17686.1  574.368
7  9  5  8007.74  71010.9  nan
For row 7 and col 10, pedestal is 198.589
7  10  1  140.226  997.929  81.3492
7  10  2  290.274  2063.45  141.916
7  10  3  600.793  4608.36  297.568
7  10  4  1497.9  11642.2  594.561
7  10  5  3075.8  24753  987.797
For row 7 and col 11, pedestal is 194.611
7  11  1  88.3365  591.85  62.0404
7  11  2  132.236  896.227  80.1878
7  11  3  452.916  3414.61  265.198
7  11  4  1156.98  8770.99  554.657
7  11  5  2286.12  18010  1001.72
For row 8 and col 0, pedestal is 237.369
8  0  1  58.8327  330.468  46.1152
8  0  2  175.454  1048.02  126.834
8  0  3  302.707  1940.81  212.313
8  0  4  1500.41  10788.4  584.298
8  0  5  1436.53  9335.85  759.771
For row 8 and col 1, pedestal is 232.411
8  1  1  165.525  945.002  60.9729
8  1  2  409.79  2468.16  145.555
8  1  3  754.648  4863.21  260.027
8  1  4  2791.62  20146.5  681.27
8  1  5  7958.73  37870.2  nan
For row 8 and col 2, pedestal is 210.965
8  2  1  439.021  2467.75  68.2396
8  2  2  1098.16  6418.16  159.534
8  2  3  1717.06  10870.5  237.927
8  2  4  7980.23  60771.7  nan
8  2  5  7980.23  59939.9  nan
For row 8 and col 3, pedestal is 212.624
8  3  1  115.624  717  93.6954
8  3  2  272.964  1728.22  202.507
8  3  3  427.12  2684.36  305.883
8  3  4  1020.79  7238.53  560.764
8  3  5  1872.24  13504.5  822.603
For row 8 and col 4, pedestal is 169.68
8  4  1  57.6679  309.106  81.0933
8  4  2  27.0741  43.1019  79.6741
8  4  3  256.042  1590.05  300.696
8  4  4  435.579  3090.81  446.757
8  4  5  1388.6  10499.8  1151.51
For row 8 and col 5, pedestal is 184.448
8  5  1  207.865  1081.95  91.0652
8  5  2  471.018  2672.24  189.676
8  5  3  1199.41  6999.06  407.844
8  5  4  1987.09  13345.1  608.973
8  5  5  3667.77  25564.9  709.99
For row 8 and col 6, pedestal is 220.183
8  6  1  136.958  741.79  150.582
8  6  2  221.079  1297.57  190.477
8  6  3  405.285  2832.08  351.874
8  6  4  826.223  6092.93  678.923
8  6  5  677.29  5395.94  701.331
For row 8 and col 7, pedestal is 192.769
8  7  1  68.9717  487.108  104.588
8  7  2  108.669  773.925  200.144
8  7  3  197.281  1526.48  309.437
8  7  4  429.863  3359.26  615.603
8  7  5  666.738  5534.76  913.628
For row 8 and col 8, pedestal is 211.851
8  8  1  338.093  2042.78  152.786
8  8  2  463.113  2943.24  193.713
8  8  3  1025.25  7150.58  411.501
8  8  4  1803.49  12571.5  677.062
8  8  5  3553.64  26396  914.902
For row 8 and col 9, pedestal is 208.154
8  9  1  142.686  1040.23  71.3053
8  9  2  234.784  1701.78  112.701
8  9  3  535.887  4209.03  262.962
8  9  4  940.707  7480.02  402.511
8  9  5  2709.49  22366.6  962.609
For row 8 and col 10, pedestal is 222.727
8  10  1  106.174  745.629  69.6707
8  10  2  226.172  1572.7  123.127
8  10  3  457.37  3468.35  266.851
8  10  4  772.701  5917.39  366.254
8  10  5  2794.5  22363.4  788.172
For row 8 and col 11, pedestal is 206.134
8  11  1  115.961  842.941  78.8261
8  11  2  152.6  1102.89  94.0718
8  11  3  484.344  3721.43  246.031
8  11  4  1371.99  10634.3  424.537
8  11  5  2996.34  24055.3  795.14
For row 9 and col 0, pedestal is 219.841
9  0  1  77.6259  447.738  48.6797
9  0  2  190.97  1203.65  123.931
9  0  3  354.298  2351.37  214.682
9  0  4  1265.08  9346.8  588.884
9  0  5  1760.66  11707  856.109
For row 9 and col 1, pedestal is 292.531
9  1  1  240.304  1334.85  57.82
9  1  2  633.773  3735.4  139.3
9  1  3  1226.27  7783.1  237.594
9  1  4  7912.78  52897.4  nan
9  1  5  7909.92  52740.9  nan
For row 9 and col 2, pedestal is 213.435
9  2  1  394.64  2270.57  60.8645
9  2  2  949.427  5715.93  149.467
9  2  3  1694.54  10976.7  236.444
9  2  4  7977.71  64019.2  nan
9  2  5  7977.75  84393.2  nan
For row 9 and col 3, pedestal is 252.996
9  3  1  421.572  2439.88  109.019
9  3  2  817.653  4997.29  210.266
9  3  3  1707.79  10549.8  389.596
9  3  4  3219.37  22936.2  626.957
9  3  5  7950.7  85438.2  nan
For row 9 and col 4, pedestal is 204.621
9  4  1  95.3612  549.25  86.1539
9  4  2  179.377  1201.26  162.557
9  4  3  430.882  2924.17  380.805
9  4  4  747.673  5821.93  611.598
9  4  5  2087.13  16391.3  1266.91
For row 9 and col 5, pedestal is 186.336
9  5  1  99.4742  552.806  64.4295
9  5  2  243.414  1393.64  145.654
9  5  3  576.604  3359.47  313.574
9  5  4  1144.7  7634.86  532.415
9  5  5  2373.11  16146.7  1016.12
For row 9 and col 6, pedestal is 239.976
9  6  1  171.772  917.471  117.401
9  6  2  247.965  1452.38  161.783
9  6  3  553.053  3542.32  326.048
9  6  4  1088.29  7090.2  572.849
9  6  5  1753.24  12108.5  866.47
For row 9 and col 7, pedestal is 246.768
9  7  1  106.841  771.14  97.9697
9  7  2  126.191  951.972  118.448
9  7  3  178.313  1416.99  179.408
9  7  4  588.802  4529.06  506.068
9  7  5  1147.13  9271.1  886.992
For row 9 and col 8, pedestal is 238.146
9  8  1  299.979  1821.01  151.751
9  8  2  438.269  2773.06  210.237
9  8  3  862.784  6004.32  408.961
9  8  4  834.752  5755.92  388.084
9  8  5  2025.5  14867.1  795.898
For row 9 and col 9, pedestal is 247.424
9  9  1  182.608  1305.86  84.4936
9  9  2  316.13  2200.76  130.42
9  9  3  744.325  5585.58  304.199
9  9  4  1962.09  14776.2  604.448
9  9  5  7943.73  42500.6  nan
For row 9 and col 10, pedestal is 232.705
9  10  1  184.366  1338.01  77.5531
9  10  2  302.849  2150.77  113.831
9  10  3  656.866  5022.19  238.353
9  10  4  1499.97  11563.9  466.557
9  10  5  2514.03  20207.5  662.418
For row 9 and col 11, pedestal is 218.871
9  11  1  279.298  2014.79  78.0234
9  11  2  547.406  3851.75  138.835
9  11  3  875.421  6653  223.09
9  11  4  2251.27  17302.5  455.05
9  11  5  7987.99  70843.6  nan
For row 10 and col 0, pedestal is 265.213
10  0  1  35.4026  187.191  43.604
10  0  2  56.4327  356.872  96.3486
10  0  3  133.359  847.235  212.61
10  0  4  566.892  3994.14  594.728
10  0  5  644.931  4121.89  831.817
For row 10 and col 1, pedestal is 222.68
10  1  1  81.4453  484.01  30.7016
10  1  2  221.033  1395.43  85.4344
10  1  3  628.545  4174.06  225.088
10  1  4  1828.28  13593.3  511.805
10  1  5  2941.08  19791.6  731.144
For row 10 and col 2, pedestal is 243.15
10  2  1  184.903  1054.12  43.6201
10  2  2  378.434  2281.65  90.6686
10  2  3  1080.67  6891.66  208.698
10  2  4  3310.18  23636.2  375.006
10  2  5  7948.03  52539.4  nan
For row 10 and col 3, pedestal is 253.189
10  3  1  370.323  2177.1  108.391
10  3  2  771.93  4799.2  207.938
10  3  3  1492.83  9367.99  394.72
10  3  4  3150.89  22385.1  568.713
10  3  5  7938.03  84459.3  nan
For row 10 and col 4, pedestal is 216.479
10  4  1  89.8457  483.877  92.6189
10  4  2  188.99  1172.92  196.907
10  4  3  434.216  2907.68  464.798
10  4  4  693.565  5213.55  611.504
10  4  5  1886.36  14380.4  1312.48
For row 10 and col 5, pedestal is 229.618
10  5  1  173.363  903.203  102.631
10  5  2  296.169  1612.72  157.568
10  5  3  869.45  4913.13  368.247
10  5  4  1193.28  7752.12  492.802
10  5  5  3071.87  20260.6  852.719
For row 10 and col 6, pedestal is 249.051
10  6  1  100.114  631.519  90.5954
10  6  2  173.678  1200.35  168.43
10  6  3  386.299  2930.68  338.564
10  6  4  593.915  4568.81  519.611
10  6  5  1175.97  9500.2  998.572
For row 10 and col 7, pedestal is 245.358
10  7  1  78.5072  575.519  75.9081
10  7  2  103.551  856.372  109.511
10  7  3  262.856  2107.88  279.435
10  7  4  591.334  4563.43  574.462
10  7  5  893.312  7193.6  864.588
For row 10 and col 8, pedestal is 234.539
10  8  1  425.965  2568.48  114.779
10  8  2  684.687  4315.5  179.452
10  8  3  1135.46  7873.17  274.733
10  8  4  3042.16  21025.1  503.804
10  8  5  7956.27  50951.1  nan
For row 10 and col 9, pedestal is 206.886
10  9  1  142.306  1038.22  50.3465
10  9  2  264.475  1842.92  82.7248
10  9  3  457.014  3457.51  148.035
10  9  4  1499.35  11388.7  375.592
10  9  5  5987.61  30310.9  111.977
For row 10 and col 10, pedestal is 230.017
10  10  1  82.2291  583.203  62.3974
10  10  2  153.511  1054.19  105.787
10  10  3  244.509  1843.9  172.475
10  10  4  807.883  6128.09  453.072
10  10  5  2101.16  16616.6  1024.92
For row 10 and col 11, pedestal is 223.387
10  11  1  157.206  1123.41  53.4733
10  11  2  423.192  2976.79  121.745
10  11  3  827.571  6285.72  242.3
10  11  4  1908.49  14622  478.137
10  11  5  10720.6  37140.5  1289.37
For row 11 and col 0, pedestal is 230.486
11  0  1  94.0225  525.091  44.4287
11  0  2  304.538  1841.36  119.334
11  0  3  490.094  3210.59  172.132
11  0  4  2213.02  16293.3  402.121
11  0  5  5826.51  24734.6  26.7282
For row 11 and col 1, pedestal is 201.249
11  1  1  46.6283  268.24  56.1602
11  1  2  123.11  766.555  130.733
11  1  3  262.996  1722.78  267.038
11  1  4  994.923  7383.09  759.365
11  1  5  879.122  5933.6  796.416
For row 11 and col 2, pedestal is 226.295
11  2  1  58.2318  347.052  36.1553
11  2  2  256.256  1564.97  136.749
11  2  3  477.639  3108.09  218.286
11  2  4  1726.9  12484.6  408.925
11  2  5  2082.18  13631.4  719.178
For row 11 and col 3, pedestal is 238.56
11  3  1  128.934  727.238  96.9136
11  3  2  233.207  1409.02  169.838
11  3  3  399.095  2414.53  280.553
11  3  4  944.095  6572.33  563.167
11  3  5  2235.78  15825.9  1238.26
For row 11 and col 4, pedestal is 230.241
11  4  1  102.052  636.701  114.05
11  4  2  209.375  1343.4  201.699
11  4  3  434.327  2953.41  414.367
11  4  4  957.404  7221.31  719.922
11  4  5  2424.94  18821  1322.37
For row 11 and col 5, pedestal is 229.217
11  5  1  113.76  522.611  82.8634
11  5  2  302.121  1643.72  183.117
11  5  3  665.021  3858.15  380.745
11  5  4  993.379  6572.3  537.303
11  5  5  3250.02  22031.7  996.976
For row 11 and col 6, pedestal is 221.478
11  6  1  106.054  519.303  130.627
11  6  2  138.549  861.819  202.109
11  6  3  174.923  1215.3  246.623
11  6  4  477.009  3538.97  570.228
11  6  5  761.297  5980.46  892.499
For row 11 and col 7, pedestal is 189.327
11  7  1  81.3829  487.088  115.642
11  7  2  116.668  833.361  170.26
11  7  3  258.752  2033.99  313.234
11  7  4  446.016  3485.87  559.364
11  7  5  756.983  6193.51  939.833
For row 11 and col 8, pedestal is 213.779
11  8  1  362.258  2225.56  113.667
11  8  2  692.351  4431.7  202.356
11  8  3  1244.23  8739.91  365.151
11  8  4  2319.54  16253.2  625.815
11  8  5  7977.43  47749.1  nan
For row 11 and col 9, pedestal is 194.004
11  9  1  159.189  1177.64  62.9984
11  9  2  343.297  2430.7  115.756
11  9  3  664.496  5066.4  236.345
11  9  4  1647.8  12616.7  489.052
11  9  5  8007.61  43250.9  nan
For row 11 and col 10, pedestal is 196.331
11  10  1  159.001  1203.24  61.2833
11  10  2  343.611  2403.44  129.018
11  10  3  711.418  5465.92  257.435
11  10  4  1901.18  14525.2  584.987
11  10  5  6335.99  36290  68.2459
For row 11 and col 11, pedestal is 247.285
11  11  1  120.028  866.827  63.5487
11  11  2  216.956  1543.04  93.9491
11  11  3  395.731  3018.25  176.893
11  11  4  1123.59  8677.08  437.5
11  11  5  2503.64  20087.8  852.483
