#All information for run 1297.
#Row Col LED <Max> <Int> NPE
For row 12 and col 0, pedestal is 237.763
12  0  1  1579.64  9063.02  79.4922
12  0  2  3672.03  23127.9  342.812
For row 12 and col 1, pedestal is 194.103
12  1  1  236.771  1287.83  14.3951
12  1  2  3063.69  18068.6  107.105
For row 12 and col 2, pedestal is 214.643
12  2  1  738.743  4088.96  77.213
12  2  2  1988.68  11940.6  177.507
For row 12 and col 3, pedestal is 215.765
12  3  1  1996.15  11230.3  97.9129
For row 12 and col 4, pedestal is 231.331
12  4  1  128.877  756.291  62.8208
12  4  2  221.945  1353.7  104.896
For row 12 and col 5, pedestal is 206.802
12  5  1  342.137  2088.22  88.6922
12  5  2  630.543  3913.28  148.128
For row 12 and col 6, pedestal is 203.416
12  6  1  281.882  1782.01  98.3877
12  6  2  408.858  2599.36  151.73
For row 12 and col 7, pedestal is 195.624
12  7  1  151.267  932.334  61.7962
12  7  2  199.522  1210.35  92.1722
For row 12 and col 8, pedestal is 234.49
12  8  1  1069.89  5988.12  65.7792
12  8  2  2531.42  14876.3  129.119
For row 12 and col 9, pedestal is 229.831
12  9  1  1725.73  9358.16  91.968
12  9  2  7229.84  21953.4  75.0593
For row 12 and col 10, pedestal is 214.077
12  10  1  1287.55  7194.1  92.0961
12  10  2  3244.65  18541.4  138.245
For row 12 and col 11, pedestal is 183.838
12  11  1  1676.75  9341.22  106.694
12  11  2  3612  23546.1  477.69
For row 13 and col 0, pedestal is 168.473
13  0  1  1113.53  6283.63  40.4405
13  0  2  3592.48  22259.2  226.545
For row 13 and col 1, pedestal is 198.963
13  1  1  1889.44  10441.6  63.6011
For row 13 and col 2, pedestal is 214.544
13  2  1  1226.86  7174.02  84.9161
13  2  2  2954.74  18584.3  139.146
For row 13 and col 3, pedestal is 194.705
13  3  1  1564.76  8771.14  96.8394
13  3  2  2706.53  15743.7  138.045
For row 13 and col 4, pedestal is 204.614
13  4  1  162.592  865.061  30.2763
13  4  2  1118.09  6047.37  172.055
For row 13 and col 5, pedestal is 201.971
13  5  1  174.283  1037.09  112.025
13  5  2  338.019  2010.27  202.007
For row 13 and col 6, pedestal is 149.902
13  6  1  955.237  5153.6  137.732
13  6  2  1434.08  8175.96  210.793
For row 13 and col 7, pedestal is 196.669
13  7  1  431.096  2588.91  134.724
13  7  2  798.827  5064.8  226.918
For row 13 and col 8, pedestal is 224.865
13  8  1  2509.16  14718.4  96.9107
13  8  2  3741.84  23068.5  227.518
For row 13 and col 9, pedestal is 214.587
13  9  1  1036.42  5841.67  69.0983
13  9  2  2874.02  16413.3  135.053
For row 13 and col 10, pedestal is 195.939
13  10  1  1448.92  8031.94  98.4103
13  10  2  3403.54  19768.8  154.801
For row 13 and col 11, pedestal is 211.049
13  11  1  1084.06  6072.31  103.791
13  11  2  2188.47  12508.4  190.442
For row 14 and col 0, pedestal is 202.706
14  0  1  701.431  4032.81  67.4664
14  0  2  1813.45  11291.5  162.728
For row 14 and col 1, pedestal is 226.958
14  1  1  1256.37  7332.31  82.9141
14  1  2  2347.95  14766  136.086
For row 14 and col 2, pedestal is 189.097
14  2  1  1535.33  9057.67  79.3203
14  2  2  3137.75  19939.8  120.692
For row 14 and col 3, pedestal is 211.43
14  3  1  822.568  4666.39  95.4964
14  3  2  1851.43  10948.1  191.721
For row 14 and col 4, pedestal is 185.409
14  4  1  229.491  1442.33  73.6732
14  4  2  532.601  3244.21  157.284
For row 14 and col 5, pedestal is 217.354
14  5  1  371.891  2246.05  82.9665
14  5  2  580.841  3612.56  125.066
For row 14 and col 6, pedestal is 180.512
14  6  1  359.278  2127.11  132.681
14  6  2  623.977  4159.27  216.091
For row 14 and col 7, pedestal is 227.269
14  7  1  307.32  1949.65  123.076
14  7  2  516.662  3468.85  200.353
For row 14 and col 8, pedestal is 200.992
14  8  1  1964.24  12109.9  162.749
14  8  2  2422.37  15624.7  201.886
For row 14 and col 9, pedestal is 212.449
14  9  1  801.425  4608.69  90.0732
14  9  2  2322.86  13479.3  198.331
For row 14 and col 10, pedestal is 237.823
14  10  1  1750.6  10199.1  60.7561
14  10  2  3700.82  22428.7  246.895
For row 14 and col 11, pedestal is 209.259
14  11  1  2141.04  12385.3  75.8617
14  11  2  6260.38  25485.7  20.0316
For row 15 and col 0, pedestal is 232.118
15  0  1  1772.01  9792.53  76.0471
15  0  2  3767.61  22903.2  469.808
For row 15 and col 1, pedestal is 199.45
15  1  1  436.614  2432.89  34.8916
15  1  2  1725.05  10406.7  127.039
For row 15 and col 2, pedestal is 221.176
15  2  1  1648.35  9100.54  104.192
15  2  2  3640.7  21610.1  191.82
For row 15 and col 3, pedestal is 173.747
15  3  1  1500.34  8322.37  92.109
15  3  2  4001.22  23464.4  328.491
For row 15 and col 4, pedestal is 211.544
15  4  1  263.5  1632.88  67.9065
15  4  2  511.423  3143.6  134.206
For row 15 and col 5, pedestal is 179.651
15  5  1  309.11  1990.91  92.3619
15  5  2  465.138  3086.76  136.941
For row 15 and col 6, pedestal is 219.037
15  6  1  719.192  3947.7  126.513
15  6  2  983.043  5547.83  174.673
For row 15 and col 7, pedestal is 223.542
15  7  1  449.81  2986.2  148.479
15  7  2  577.421  3968.26  193.072
For row 15 and col 8, pedestal is 175.051
15  8  1  1459.92  8737.46  177.696
15  8  2  1612.27  10042.7  200.157
For row 15 and col 9, pedestal is 189.291
15  9  1  907.992  5050.99  100.989
15  9  2  1700.56  9712.24  181.007
For row 15 and col 10, pedestal is 184.167
15  10  1  808.432  4493.38  79.8308
15  10  2  2019.57  11429.1  181.516
For row 15 and col 11, pedestal is 205.816
15  11  1  841.974  4753.36  61.1729
15  11  2  2401.07  13855.3  129.982
For row 16 and col 0, pedestal is 180.603
16  0  1  125.634  697.439  15.8465
16  0  2  1867.01  11257  178.074
For row 16 and col 1, pedestal is 217.279
16  1  1  1139.83  6376.14  69.5684
16  1  2  3652.78  22069.2  177.748
For row 16 and col 2, pedestal is 207.817
16  2  1  764.409  4357.6  98.4021
16  2  2  1669.26  10292.2  204.628
For row 16 and col 3, pedestal is 203.073
16  3  1  1009.37  5653.9  94.3268
16  3  2  2107.73  12292.3  169.315
For row 16 and col 4, pedestal is 228.621
16  4  1  238.196  1537.57  83.5298
16  4  2  331.442  2127.79  117.117
For row 16 and col 5, pedestal is 193.344
16  5  1  30.405  136.694  34.3275
16  5  2  960.127  5252.33  137.252
For row 16 and col 6, pedestal is 189.399
16  6  1  411.781  2490.63  184.897
16  6  2  642.699  4258.69  262.574
For row 16 and col 7, pedestal is 220.362
16  7  1  308.933  1836.22  124.83
16  7  2  493.615  3239.81  172.503
For row 16 and col 8, pedestal is 189.761
16  8  1  3564.77  20605.9  102.875
For row 16 and col 9, pedestal is 217.074
16  9  1  807.304  4604.33  82.8527
16  9  2  2060.61  11858.1  193.42
For row 16 and col 10, pedestal is 210.917
16  10  1  1901.11  10666  107.007
16  10  2  3846.22  24598.6  nan
For row 16 and col 11, pedestal is 207.114
16  11  1  354.961  1988.52  80.0963
16  11  2  851.186  4890.31  173.574
For row 17 and col 0, pedestal is 191.497
17  0  1  959.441  5184.49  83.4799
17  0  2  2434.24  14229.9  176.319
For row 17 and col 1, pedestal is 200.11
17  1  1  53.8082  344.511  12.4794
17  1  2  724.113  4381.51  120.006
For row 17 and col 2, pedestal is 197.986
17  2  1  2585.05  14639.4  73.0805
For row 17 and col 3, pedestal is 224.653
17  3  1  927.157  5085.2  85.5654
17  3  2  1864.25  10566.6  166.02
For row 17 and col 4, pedestal is 209.641
17  4  1  331.274  1847.39  96.8913
17  4  2  693.458  4198.98  172.462
For row 17 and col 5, pedestal is 174.969
17  5  1  882.621  4653.91  101.988
17  5  2  1610.36  8736.36  164.464
For row 17 and col 6, pedestal is 219.46
17  6  1  552.122  2681.24  120.13
17  6  2  797.487  4351.17  174.478
For row 17 and col 7, pedestal is 230.362
17  7  1  198.74  1213.68  121.427
17  7  2  310.314  2148.92  194.108
For row 17 and col 8, pedestal is 213.956
17  8  1  2081.99  11750.5  84.043
For row 17 and col 9, pedestal is 216.442
17  9  1  1207.79  6815.65  70.1566
17  9  2  2297.05  13092.4  127.65
For row 17 and col 10, pedestal is 204.96
17  10  1  1729.64  9608.21  97.6723
17  10  2  3928.54  21437.3  164.133
For row 17 and col 11, pedestal is 242.533
17  11  1  445.849  2477.16  64.4318
17  11  2  1336.44  7624.75  175.262
For row 18 and col 0, pedestal is 209.232
18  0  1  844.296  4639.03  42.321
18  0  2  2460.76  14292.3  100.374
For row 18 and col 1, pedestal is 215.514
18  1  1  168.874  958.66  60.2764
18  1  2  435.719  2612.45  148.899
For row 18 and col 2, pedestal is 209.406
18  2  1  1392.43  7449.74  55.4682
18  2  2  3978.1  21904.4  154.973
For row 18 and col 3, pedestal is 240.539
18  3  1  934.453  5870.33  90.2329
18  3  2  2104.71  13880.5  166.871
For row 18 and col 4, pedestal is 194.819
18  4  1  460.783  2411.93  90.9344
18  4  2  973.517  5383.47  166.921
For row 18 and col 5, pedestal is 188.04
18  5  1  307.659  1887.6  114.382
18  5  2  671.355  4351.5  221.488
For row 18 and col 6, pedestal is 208.839
18  6  1  314.593  2168.63  116.807
18  6  2  591.808  4024.67  197.444
For row 18 and col 7, pedestal is 230.093
18  7  1  444.458  2853.82  128.351
18  7  2  759.321  5037.49  213.386
For row 18 and col 8, pedestal is 239.127
18  8  1  3775.75  22407.2  194.981
For row 18 and col 9, pedestal is 231.474
18  9  1  912.99  6534.25  84.8022
18  9  2  1578  11076.4  125.951
For row 18 and col 10, pedestal is 217.116
18  10  1  1869.33  12990.4  73.6784
18  10  2  2547.81  17195.3  76.6542
For row 18 and col 11, pedestal is 183.343
18  11  1  696.01  4776.31  55.4928
18  11  2  800.147  5394.36  54.6602
For row 19 and col 0, pedestal is 189.155
19  0  1  790.7  4239.71  47.8448
19  0  2  2257.41  12808.9  113.727
For row 19 and col 1, pedestal is 220.576
19  1  1  2234.79  12219.4  53.7812
19  1  2  3733.63  24861.9  nan
For row 19 and col 2, pedestal is 250.157
19  2  1  988.35  5395.51  71.9719
19  2  2  2547.58  14620.9  153.047
For row 19 and col 3, pedestal is 231.112
19  3  1  746.159  4316.54  114.012
19  3  2  1543.22  9463.99  232.691
For row 19 and col 4, pedestal is 203.507
19  4  1  271.884  1547.07  89.9115
19  4  2  538.527  3392.2  175.042
For row 19 and col 5, pedestal is 217.942
19  5  1  409.451  2092.2  79.9141
19  5  2  890.845  4893.41  163.271
For row 19 and col 6, pedestal is 218.527
19  6  1  384.088  2102.95  95.1392
19  6  2  645.956  3699.09  147.739
For row 19 and col 7, pedestal is 237.002
19  7  1  196.333  1328.69  109.241
19  7  2  315.114  2167.28  160.631
For row 19 and col 8, pedestal is 207.455
19  8  1  1307.27  7946.45  137.889
19  8  2  1916.23  12199.4  186.574
For row 19 and col 9, pedestal is 183.129
19  9  1  1459.73  10214  88.182
19  9  2  2507.84  16994.2  107.122
For row 19 and col 10, pedestal is 198.806
19  10  1  764.797  5446.31  74.6569
19  10  2  1623.98  11392.6  131.392
For row 19 and col 11, pedestal is 194.469
19  11  1  456.1  3162.9  55.7185
19  11  2  715.195  4850.37  72.0506
For row 20 and col 0, pedestal is 240.584
20  0  1  349.038  1889.79  52.0425
20  0  2  1070.3  6191.91  152.521
For row 20 and col 1, pedestal is 233.981
20  1  1  926.334  5096.84  57.385
20  1  2  2342.79  13675.6  133.027
For row 20 and col 2, pedestal is 212.983
20  2  1  2881.35  15465.8  45.6889
For row 20 and col 3, pedestal is 215.59
20  3  1  1182.12  6735.73  102.273
20  3  2  2753.47  16446  181.728
For row 20 and col 4, pedestal is 171.052
20  4  1  197.239  1147.32  67.5051
20  4  2  30.2026  172.136  45.2235
For row 20 and col 5, pedestal is 187.515
20  5  1  756.079  3979.62  86.5459
20  5  2  1772.64  10003.9  177.352
For row 20 and col 6, pedestal is 222.026
20  6  1  427.84  2740.32  160.672
20  6  2  759.001  4951.46  232.882
For row 20 and col 7, pedestal is 194.034
20  7  1  249.167  1691.87  124.68
20  7  2  383.626  2651.66  173.871
For row 20 and col 8, pedestal is 213.972
20  8  1  1860.94  11029  137.555
20  8  2  2589.79  16000.5  167.898
For row 20 and col 9, pedestal is 210.37
20  9  1  830.346  6018.01  73.9773
20  9  2  1378.49  9870.73  115.851
For row 20 and col 10, pedestal is 224.146
20  10  1  670.023  4727.29  66.4251
20  10  2  1479.72  10203.9  114.43
For row 20 and col 11, pedestal is 210.367
20  11  1  593.561  4221.91  86.6673
20  11  2  809.084  5600.53  104.869
For row 21 and col 0, pedestal is 220.572
21  0  1  438.589  2456.33  52.3667
21  0  2  1128.08  6757.5  125.733
For row 21 and col 1, pedestal is 293.697
21  1  1  1460.63  7849.33  52.6651
21  1  2  4248.84  22352.7  130.902
For row 21 and col 2, pedestal is 213.776
21  2  1  2187.87  12074.4  61.2535
21  2  2  3730  25100  1031.37
For row 21 and col 3, pedestal is 253.84
21  3  1  2830.46  16136.3  85.7649
For row 21 and col 4, pedestal is 204.936
21  4  1  345.367  2019.1  92.194
21  4  2  702.505  4550.7  172.691
For row 21 and col 5, pedestal is 187.252
21  5  1  425.578  2217.05  62.4227
21  5  2  1005.68  5630.76  140.255
For row 21 and col 6, pedestal is 240.43
21  6  1  645.272  3471.74  115.062
21  6  2  974.625  5482.31  162.832
For row 21 and col 7, pedestal is 247.001
21  7  1  409.713  2610.67  118.218
21  7  2  497.126  3331.41  135.665
For row 21 and col 8, pedestal is 239.167
21  8  1  1813.14  10591.5  147.766
21  8  2  2654.31  16217  187.518
For row 21 and col 9, pedestal is 247.999
21  9  1  1121.94  7827.16  84.4304
21  9  2  1944.51  13128.7  123.995
For row 21 and col 10, pedestal is 233.389
21  10  1  1050.46  7437.35  76.7786
21  10  2  1737.63  12044.9  111.112
For row 21 and col 11, pedestal is 219.345
21  11  1  1580.71  11180  86.9644
21  11  2  3235.01  21886.8  124.975
For row 22 and col 0, pedestal is 267.176
22  0  1  161.907  891.741  47.9922
22  0  2  316.756  1860.6  93.5738
For row 22 and col 1, pedestal is 224.507
22  1  1  485.126  2798.65  31.2554
22  1  2  1349.86  8221.65  84.339
For row 22 and col 2, pedestal is 245.373
22  2  1  1064.62  5818.92  47.7208
22  2  2  2207.52  12860.8  86.1074
For row 22 and col 3, pedestal is 253.474
22  3  1  2144.18  12267  98.5036
22  3  2  3687.1  23301.4  37.714
For row 22 and col 4, pedestal is 217.849
22  4  1  306.52  1760.65  105.19
22  4  2  676.837  4281.47  195.556
For row 22 and col 5, pedestal is 231.504
22  5  1  669.444  3429.61  93.1653
22  5  2  1146.18  6267.36  146.784
For row 22 and col 6, pedestal is 250.306
22  6  1  366.796  2403.51  122.457
22  6  2  694.982  4625.5  186.644
For row 22 and col 7, pedestal is 245.559
22  7  1  338.299  2220.65  104.782
22  7  2  473.77  3297.33  141.379
For row 22 and col 8, pedestal is 236.378
22  8  1  2591.18  15109.5  98.9698
22  8  2  4103.83  23952.7  193.566
For row 22 and col 9, pedestal is 207.822
22  9  1  798.73  5556.83  52.3475
22  9  2  1468.13  9983.76  81.1191
For row 22 and col 10, pedestal is 229.66
22  10  1  542.758  3843.57  68.2071
22  10  2  1000.89  6898.73  103.855
For row 22 and col 11, pedestal is 223.151
22  11  1  894.95  6353.96  51.0985
22  11  2  2431.01  16855.4  104.643
For row 23 and col 0, pedestal is 231.572
23  0  1  470.572  2631.99  44.677
23  0  2  1618.98  9620.92  138.216
For row 23 and col 1, pedestal is 202.629
23  1  1  266.77  1476.25  48.1689
23  1  2  725.154  4350.7  128.346
For row 23 and col 2, pedestal is 226.009
23  2  1  333.239  1832.32  36.2209
23  2  2  1492.53  8664.58  150.647
For row 23 and col 3, pedestal is 238.455
23  3  1  752.374  4204.9  89.5802
23  3  2  1385.09  8226.82  172.187
For row 23 and col 4, pedestal is 231.269
23  4  1  411.482  2491.01  118.939
23  4  2  803.438  5275.82  217.179
For row 23 and col 5, pedestal is 232.18
23  5  1  414.624  2109.64  80.8678
23  5  2  1152.01  6467.26  195.392
For row 23 and col 6, pedestal is 225.483
23  6  1  296.023  1908.27  141.098
23  6  2  480.259  3151.84  170.436
For row 23 and col 7, pedestal is 190.5
23  7  1  319.546  1919.19  115.495
23  7  2  472.277  3256.34  185.132
For row 23 and col 8, pedestal is 214.845
23  8  1  2223.7  13188.9  105.174
23  8  2  3829.75  25007.2  1493.66
For row 23 and col 9, pedestal is 194.374
23  9  1  970.702  6874.84  58.5323
23  9  2  2102.16  14419  107.262
For row 23 and col 10, pedestal is 196.926
23  10  1  1068.83  7518.64  68.6888
23  10  2  2233.02  15220.4  111.946
For row 23 and col 11, pedestal is 248.356
23  11  1  639.384  4573.63  56.3178
23  11  2  1172.62  8186.12  91.6457
