#All information for run 1290.
#Row Col LED <Max> <Int> NPE
For row 12 and col 0, pedestal is 237.597
12  0  1  252.627  1437.18  85.8945
12  0  2  580.431  3645.26  182.483
12  0  3  1189.6  7642.31  344.892
12  0  4  2580.93  18403.8  657.175
For row 12 and col 1, pedestal is 193.791
12  1  1  41.7301  225.456  18.3631
12  1  2  489.122  2949.4  154.076
12  1  3  1742.36  10726.8  434.768
12  1  4  2230.43  15289.1  586.234
For row 12 and col 2, pedestal is 214.226
12  2  1  126.944  707.446  76.3352
12  2  2  326.234  2004.91  188.212
12  2  3  683.073  4224.63  331.636
12  2  4  1619.98  11198.1  625.848
For row 12 and col 3, pedestal is 215.383
12  3  1  362.91  2112.08  103.09
12  3  2  871.389  5208.44  212.779
12  3  3  1156.62  7642.06  303.056
12  3  4  3824.02  24417.1  1896.42
For row 12 and col 4, pedestal is 230.817
12  4  1  57.3927  342.231  61.8502
12  4  2  98.5736  616.246  105.92
12  4  3  228.342  1569.68  236.367
12  4  4  856.162  5437.14  679.678
For row 12 and col 5, pedestal is 207.279
12  5  1  152.9  974.375  77.9881
12  5  2  279.069  1809.78  140.216
12  5  3  519.313  3662.62  244.672
12  5  4  1373.34  8986.05  637.099
For row 12 and col 6, pedestal is 203.538
12  6  1  118.423  815.632  88.4194
12  6  2  190.513  1195.9  153.217
12  6  3  332.624  2435.91  234.508
12  6  4  564.5  5413.66  446.768
For row 12 and col 7, pedestal is 195.453
12  7  1  64.8283  416.778  52.8663
12  7  2  99.2484  538.51  99.0317
12  7  3  218.921  1573  208.252
12  7  4  310.876  2784.92  298.927
For row 12 and col 8, pedestal is 234.054
12  8  1  186.932  1036.26  69.2835
12  8  2  425.167  2541.48  136.625
12  8  3  1312.99  8753.12  369.528
12  8  4  1630.16  13857.4  496.569
For row 12 and col 9, pedestal is 229.97
12  9  1  282.758  1569.47  103.505
12  9  2  685.776  3865.97  235.34
12  9  3  1091.48  6443.95  355.221
12  9  4  1584.3  10026.2  460.669
For row 12 and col 10, pedestal is 214.037
12  10  1  223.473  1259.89  97.4951
12  10  2  524.222  3037.9  213.83
12  10  3  807.754  4871.71  298.876
12  10  4  1526.38  9845.3  503.574
For row 12 and col 11, pedestal is 184.077
12  11  1  287.553  1621.96  104.852
12  11  2  622.424  3606.05  196.596
12  11  3  1087.19  6616.23  314.87
12  11  4  2238.82  14435.9  515.319
For row 13 and col 0, pedestal is 168.1
13  0  1  195.995  1136.02  41.223
13  0  2  625.219  3890.15  122.844
13  0  3  1918.1  12094.8  308.017
13  0  4  3598.71  25328.8  411.266
For row 13 and col 1, pedestal is 198.902
13  1  1  306.913  1723.98  67.9953
13  1  2  886.458  5421.38  178.394
13  1  3  1387.73  8655.57  271.579
13  1  4  3297.07  23025.1  469.588
For row 13 and col 2, pedestal is 214.529
13  2  1  201.967  1210.58  90.2219
13  2  2  468.204  3015.56  192.811
13  2  3  1167.5  7595.89  421.512
13  2  4  2235.5  16061.4  739.784
For row 13 and col 3, pedestal is 194.874
13  3  1  284.208  1621.78  104.66
13  3  2  471.472  2813.26  174.7
13  3  3  878.313  5784.68  315.375
13  3  4  2849.41  17589  785.573
For row 13 and col 4, pedestal is 204.925
13  4  1  73.1644  407.749  28.938
13  4  2  515.559  2834.54  166.593
13  4  3  762.157  4682  250.523
13  4  4  3095.28  17970.7  560.042
For row 13 and col 5, pedestal is 202.708
13  5  1  82.0134  487.467  110.069
13  5  2  159.062  935.507  184.182
13  5  3  289.952  1959.59  355.362
13  5  4  750.022  4819.48  795.52
For row 13 and col 6, pedestal is 149.748
13  6  1  418.999  2287.4  146.399
13  6  2  632.26  3616.44  216.42
13  6  3  1382.04  8869.43  357.064
13  6  4  2225.53  18548.2  736.249
For row 13 and col 7, pedestal is 196.776
13  7  1  200.725  1173.04  132.037
13  7  2  371.153  2287.78  223.271
13  7  3  678.889  4892.56  397.785
13  7  4  1100.86  10202.8  666.941
For row 13 and col 8, pedestal is 225.165
13  8  1  431.277  2553.36  120.124
13  8  2  635.301  3978.99  170.889
13  8  3  1482.07  10386.2  366.259
13  8  4  2095.3  18478.6  582.831
For row 13 and col 9, pedestal is 214.3
13  9  1  176.53  1040.99  68.2059
13  9  2  480.15  2809.84  185.541
13  9  3  770.444  4692.85  288.77
13  9  4  1571.33  10242.4  518.149
For row 13 and col 10, pedestal is 196.363
13  10  1  246.328  1410.96  94.3136
13  10  2  547.874  3209.59  199.553
13  10  3  1006.63  6088.46  364.347
13  10  4  1862.09  12097.1  558.404
For row 13 and col 11, pedestal is 210.993
13  11  1  192.621  1093.85  106.822
13  11  2  378.281  2208.23  202.326
13  11  3  776.183  4738.5  377.925
13  11  4  1398.28  9123.6  578.769
For row 14 and col 0, pedestal is 202.585
14  0  1  119.901  672.945  69.0017
14  0  2  296.926  1873.08  159.711
14  0  3  730.926  4678.66  358.155
14  0  4  1696.56  12108.2  743.952
For row 14 and col 1, pedestal is 226.967
14  1  1  219.637  1285.5  86.1851
14  1  2  399.159  2547.77  151.194
14  1  3  1057.95  6890.72  373.042
14  1  4  1228.61  8878.37  429.643
For row 14 and col 2, pedestal is 189.038
14  2  1  274.699  1651.03  83.2709
14  2  2  532.905  3467.12  162.29
14  2  3  1679.76  11020.1  409.71
14  2  4  1908.62  13939.1  497.314
For row 14 and col 3, pedestal is 211.481
14  3  1  148.446  816.836  106.076
14  3  2  318.197  1903.25  204.685
14  3  3  299.027  1956.18  200.109
14  3  4  1445.41  9069.64  820.056
For row 14 and col 4, pedestal is 185.432
14  4  1  102.109  662.67  69.0161
14  4  2  234.176  1452.73  147.215
14  4  3  414.751  2898.3  255.568
14  4  4  1190.08  7713.48  668.495
For row 14 and col 5, pedestal is 216.983
14  5  1  165.891  1016.83  78.6102
14  5  2  263.457  1628.18  129.613
14  5  3  559.729  3907.87  256.205
14  5  4  1906.32  12497.5  704.691
For row 14 and col 6, pedestal is 180.375
14  6  1  187.021  972.904  118.252
14  6  2  291.946  1900.64  213.831
14  6  3  489.128  3595.89  338.726
14  6  4  871.198  8364.36  641.586
For row 14 and col 7, pedestal is 227.984
14  7  1  138.85  879.887  140.501
14  7  2  241.018  1571.38  219.375
14  7  3  538.002  4043.01  381.361
14  7  4  652.617  6315.11  559.795
For row 14 and col 8, pedestal is 201.118
14  8  1  348.196  2243.12  169.658
14  8  2  430.302  2883.2  216.148
14  8  3  1078.09  7952.65  496.215
14  8  4  1722.18  15897.2  823.107
For row 14 and col 9, pedestal is 212.576
14  9  1  121.887  768.38  82.9216
14  9  2  358.151  2159.45  232.983
14  9  3  565.104  3498.43  339.312
14  9  4  1087.98  7162.96  598.607
For row 14 and col 10, pedestal is 237.878
14  10  1  302.909  1814.19  64.8803
14  10  2  644.36  3932.57  138.881
14  10  3  1418.99  8974.98  290.495
14  10  4  2255.28  15284  413.568
For row 14 and col 11, pedestal is 209.208
14  11  1  357.379  2134.76  88.7889
14  11  2  760.699  4594.55  175.464
14  11  3  1420.27  9009.03  313.629
14  11  4  2896.24  19472.3  445.3
For row 15 and col 0, pedestal is 232.324
15  0  1  324.769  1833.29  73.3735
15  0  2  739.873  4462.79  168.388
15  0  3  2029.25  12589.7  374.236
15  0  4  3471.91  23824.1  468.338
For row 15 and col 1, pedestal is 199.867
15  1  1  85.5195  451.053  42.0121
15  1  2  305.163  1852.1  135.74
15  1  3  1159.89  7240.47  424.087
15  1  4  1584.67  11031.6  578.695
For row 15 and col 2, pedestal is 220.818
15  2  1  289.545  1641.04  102.695
15  2  2  609.178  3721.79  209.241
15  2  3  1630.96  10087.7  487.972
15  2  4  2547.4  17430  695.708
For row 15 and col 3, pedestal is 173.774
15  3  1  261.765  1467.46  98.1659
15  3  2  684.692  3962.1  242.515
15  3  3  42.5608  268.801  19.6996
15  3  4  3052.11  18595.4  761.564
For row 15 and col 4, pedestal is 212.16
15  4  1  118.328  749.461  75.8934
15  4  2  231.196  1448.48  126.647
15  4  3  609.829  4244.62  287.78
15  4  4  1574.4  10368.4  648.029
For row 15 and col 5, pedestal is 179.641
15  5  1  129.351  937.521  96.9856
15  5  2  213.592  1438.72  142.127
15  5  3  578.553  4149.11  345.468
15  5  4  1978.18  13410.8  845.801
For row 15 and col 6, pedestal is 219.214
15  6  1  311.257  1796.87  122.439
15  6  2  437.47  2514.66  180.472
15  6  3  1208.73  7766.19  375.406
15  6  4  1810.78  14940.1  649.25
For row 15 and col 7, pedestal is 223.85
15  7  1  215.706  1404.26  153.151
15  7  2  268.982  1842.96  186.848
15  7  3  590.211  4591.86  346.274
15  7  4  980.597  9425.64  650.142
For row 15 and col 8, pedestal is 174.901
15  8  1  244.251  1465.94  190.613
15  8  2  270.572  1689.78  220.298
15  8  3  843.284  5983.77  570.109
15  8  4  1088.38  9652.09  808.325
For row 15 and col 9, pedestal is 188.844
15  9  1  158.311  888.758  106.316
15  9  2  292.265  1689.98  195.377
15  9  3  586.496  3530.19  351.688
15  9  4  1231.49  7944.97  635.042
For row 15 and col 10, pedestal is 183.973
15  10  1  135.933  772.47  77.4617
15  10  2  329.949  1920.02  181.215
15  10  3  638.488  3869.98  344.553
15  10  4  752.449  4913.89  391.753
For row 15 and col 11, pedestal is 205.408
15  11  1  140.922  804.017  59.9256
15  11  2  391.866  2295.17  160.208
15  11  3  734.4  4507.03  283.416
15  11  4  1436.5  9429.74  481.292
For row 16 and col 0, pedestal is 181.228
16  0  1  27.7021  155.69  19.5378
16  0  2  357.449  2184.58  190.282
16  0  3  888.657  5548.98  407.438
16  0  4  1468.02  10211  640.311
For row 16 and col 1, pedestal is 217.488
16  1  1  196.596  1103.62  73.168
16  1  2  574.878  3550.25  200.88
16  1  3  1467.28  9154.96  410.717
16  1  4  2243.6  15667  612.049
For row 16 and col 2, pedestal is 208.536
16  2  1  135.494  760.212  115.287
16  2  2  287.874  1785.72  222.953
16  2  3  807.266  5141.78  529.126
16  2  4  855.288  6043.21  569.796
For row 16 and col 3, pedestal is 202.665
16  3  1  171.717  959.576  97.8994
16  3  2  351.525  2074.47  191.629
16  3  3  523.871  3429.2  287.366
16  3  4  2012.95  12458  880.309
For row 16 and col 4, pedestal is 228.474
16  4  1  93.3214  705.948  113.768
16  4  2  143.296  970.065  116.365
16  4  3  349.162  2498  260.949
16  4  4  1372.66  8949.74  796.212
For row 16 and col 5, pedestal is 193.21
16  5  1  22.7917  74.0642  73.9881
16  5  2  420.126  2364.13  140.558
16  5  3  874.564  5386.63  281.248
16  5  4  103.75  661.174  54.2578
For row 16 and col 6, pedestal is 189.986
16  6  1  215.927  1159.38  204.291
16  6  2  293.022  1960.09  229.934
16  6  3  697.145  5183.98  520.854
16  6  4  812.006  7789.43  651.026
For row 16 and col 7, pedestal is 220.636
16  7  1  146.63  853.715  103.448
16  7  2  223.013  1505.28  127.89
16  7  3  427.966  3273.96  332.128
16  7  4  672.103  6510.12  500.894
For row 16 and col 8, pedestal is 190.388
16  8  1  549.814  3227.11  133.357
16  8  2  896.725  5588.69  212.891
16  8  3  2094.12  14427.2  419.706
16  8  4  2568.84  22520.1  616.83
For row 16 and col 9, pedestal is 217.271
16  9  1  148.796  823.238  97.8545
16  9  2  351.519  2061.8  191.933
16  9  3  721.734  4491.24  388.255
16  9  4  1266.72  8374.15  621.807
For row 16 and col 10, pedestal is 210.93
16  10  1  342.573  1977.84  109.49
16  10  2  843.407  5012.9  257.122
16  10  3  1396.79  8599.27  391.139
16  10  4  2317.22  15103.7  557.947
For row 16 and col 11, pedestal is 207.218
16  11  1  66.9522  366.564  78.4121
16  11  2  148.575  868.993  162.663
16  11  3  272.257  1641.71  260.283
16  11  4  610.683  3977.63  498.046
For row 17 and col 0, pedestal is 191.532
17  0  1  159.305  849.074  89.8995
17  0  2  394.478  2331.01  203.859
17  0  3  1020.38  6177.2  455.726
17  0  4  1587.1  10685.3  682.718
For row 17 and col 1, pedestal is 200.414
17  1  1  14.2571  102.916  29.6931
17  1  2  125.468  820.429  117.265
17  1  3  21.1963  166.691  27.6064
17  1  4  525.09  3640.7  434.14
For row 17 and col 2, pedestal is 198.001
17  2  1  428.414  2471.31  100.1
17  2  2  1018.79  6361.44  217.602
17  2  3  2443.28  15490.5  425.201
17  2  4  3210.37  22587.7  464.177
For row 17 and col 3, pedestal is 224.966
17  3  1  170.694  956.632  90.4807
17  3  2  337.052  1957.53  162.228
17  3  3  569.13  3661.96  276.275
17  3  4  2045.4  12360.7  852.144
For row 17 and col 4, pedestal is 209.702
17  4  1  160.916  863.144  101.465
17  4  2  309.413  1913.55  179.424
17  4  3  501.78  3516.22  295.427
17  4  4  1225.11  8096.45  614.728
For row 17 and col 5, pedestal is 175.168
17  5  1  392.877  2052.87  107.428
17  5  2  693.598  3794.13  175.715
17  5  3  1386.72  8462.41  299.453
17  5  4  3886.17  25431.7  893.574
For row 17 and col 6, pedestal is 219.921
17  6  1  259.22  1210.16  126.802
17  6  2  352.025  1972.56  166.964
17  6  3  808.329  4957.53  324.492
17  6  4  1156.14  9331.55  567.937
For row 17 and col 7, pedestal is 230.331
17  7  1  94.0457  579.671  97.0304
17  7  2  139.184  1022.51  139.337
17  7  3  251.228  1971.4  319.694
17  7  4  379.217  3755.12  500.7
For row 17 and col 8, pedestal is 213.772
17  8  1  369.153  2151.24  88.7747
17  8  2  959.808  5782.67  222.409
17  8  3  2223.32  14872.2  413.906
17  8  4  2672.7  22794.7  598.392
For row 17 and col 9, pedestal is 217.102
17  9  1  199.794  1222.52  64.0706
17  9  2  379.051  2285.97  116.844
17  9  3  945.373  5814.56  238.5
17  9  4  1486.94  9758.95  383.631
For row 17 and col 10, pedestal is 204.972
17  10  1  291.913  1692.27  99.1531
17  10  2  623.288  3625.23  211.408
17  10  3  942.294  5702.23  315.543
17  10  4  1601.9  10330.4  467.072
For row 17 and col 11, pedestal is 242.675
17  11  1  83.7595  413.555  73.6802
17  11  2  230.239  1225.7  192.273
17  11  3  430.99  2589.68  349.221
17  11  4  580.559  3727  444.337
For row 18 and col 0, pedestal is 209.794
18  0  1  132.189  753.499  42.3227
18  0  2  383.192  2281.98  118.206
18  0  3  565.588  3619.55  179.482
18  0  4  3393.67  24327.5  551.632
For row 18 and col 1, pedestal is 215.398
18  1  1  21.3781  117.587  51.6853
18  1  2  47.5181  288.399  137.94
18  1  3  94.6214  621.684  266.666
18  1  4  337.098  2469.42  706.467
For row 18 and col 2, pedestal is 209.043
18  2  1  236.451  1285.16  58.5778
18  2  2  647.498  3748.42  148.513
18  2  3  984.11  6149.21  223.378
For row 18 and col 3, pedestal is 240.083
18  3  1  155.355  1011.01  87.4649
18  3  2  346.119  2341.35  173.259
18  3  3  844.513  5763.6  406.87
18  3  4  1492.16  11506.7  638.589
For row 18 and col 4, pedestal is 194.838
18  4  1  207.611  1104.76  88.5453
18  4  2  438.615  2453.42  176.676
18  4  3  898.315  5072.17  311.94
18  4  4  1599.71  10350  494.475
For row 18 and col 5, pedestal is 188.07
18  5  1  145.9  850.91  135.732
18  5  2  307.684  1955.52  239.467
18  5  3  608.755  3934.51  368.027
18  5  4  1115.03  8329.9  618.775
For row 18 and col 6, pedestal is 208.601
18  6  1  151.262  1009.23  130.032
18  6  2  272.065  1850.86  198.258
18  6  3  545.081  4138.82  368.174
18  6  4  1279.11  9783.61  710.227
For row 18 and col 7, pedestal is 229.852
18  7  1  199.521  1279.47  132.424
18  7  2  336.629  2226.77  203.629
18  7  3  679.8  5038.42  366.091
18  7  4  1735.07  13093.2  787.258
For row 18 and col 8, pedestal is 239.14
18  8  1  746.44  4411.16  116.515
18  8  2  1446.47  8932.26  210.774
18  8  3  2442.56  16640.8  325.264
For row 18 and col 9, pedestal is 230.97
18  9  1  170.688  1218.97  89.859
18  9  2  290.01  2049.78  129.856
18  9  3  600.28  4577.33  272.729
18  9  4  1707.04  13241.7  636.01
For row 18 and col 10, pedestal is 217.37
18  10  1  274.226  1932.8  77.372
18  10  2  361.337  2527.85  92.6239
18  10  3  700.284  5254.38  185.711
18  10  4  2140.5  16102  432.354
For row 18 and col 11, pedestal is 183.356
18  11  1  129.506  881.559  55.4038
18  11  2  145.299  998.313  59.1678
18  11  3  358.758  2661.72  142.008
18  11  4  1165.95  8683.4  384.185
For row 19 and col 0, pedestal is 189.452
19  0  1  139.103  727.418  50.0125
19  0  2  375.401  2144.61  113.373
19  0  3  647.487  4006.65  194.06
19  0  4  2881.64  20164.6  468.983
For row 19 and col 1, pedestal is 220.356
19  1  1  412.525  2307.51  63.4548
19  1  2  978.561  5822.64  144.533
19  1  3  1562.08  10034.9  223.104
For row 19 and col 2, pedestal is 250.183
19  2  1  179.241  983.023  77.42
19  2  2  446.223  2597.02  171.991
19  2  3  620.485  3922.62  237.128
19  2  4  2682.07  19069.9  645.069
For row 19 and col 3, pedestal is 230.8
19  3  1  143.697  835.639  114.695
19  3  2  294.773  1837.12  237.44
19  3  3  524.978  3329.42  396.579
19  3  4  1058.59  7650.61  743.417
For row 19 and col 4, pedestal is 203.479
19  4  1  126.096  705.908  88.9715
19  4  2  242.121  1539.18  191.181
19  4  3  458.091  2928.22  294.015
19  4  4  950.971  6934.95  538.604
For row 19 and col 5, pedestal is 218.168
19  5  1  183.301  959.34  83.0804
19  5  2  398.463  2220.78  170.413
19  5  3  1167.12  6548.51  386.126
19  5  4  1840.02  11908.7  563.959
For row 19 and col 6, pedestal is 218.595
19  6  1  175.17  961.289  92.8865
19  6  2  289.512  1688.15  153.318
19  6  3  557.201  3549.14  270.697
19  6  4  1000.72  6488.51  456.475
For row 19 and col 7, pedestal is 236.883
19  7  1  98.847  643.465  91.9458
19  7  2  151.874  1032.9  145.633
19  7  3  240.16  1833.92  222.228
19  7  4  730.852  5553.61  642.824
For row 19 and col 8, pedestal is 207.7
19  8  1  261.151  1631.09  134.426
19  8  2  383.933  2494.81  182.489
19  8  3  692.198  4949.41  337.092
19  8  4  1515.07  10790.2  658.975
For row 19 and col 9, pedestal is 183.352
19  9  1  251.734  1781.5  86.9376
19  9  2  423.363  2941.2  126.39
19  9  3  941.299  7056.92  289.968
19  9  4  2423.09  18253.7  565.894
For row 19 and col 10, pedestal is 199.311
19  10  1  141.895  1015.66  76.3965
19  10  2  293.082  2078.72  134.715
19  10  3  607.816  4651.08  299.141
19  10  4  1512.91  11725.6  591.865
For row 19 and col 11, pedestal is 194.383
19  11  1  90.5043  601.45  62.985
19  11  2  135.64  910.17  74.8215
19  11  3  461.061  3458.7  253.047
19  11  4  1173.76  8856.69  557.221
For row 20 and col 0, pedestal is 240.285
20  0  1  58.6194  322.368  46.5718
20  0  2  177.576  1049.61  136.039
20  0  3  308.672  1959.59  222.181
20  0  4  1526.09  10882.9  638.038
For row 20 and col 1, pedestal is 233.732
20  1  1  163.121  941.594  60.5351
20  1  2  410.746  2456.54  138.237
20  1  3  758.123  4857.79  253.789
20  1  4  2797.28  20062.1  689.166
For row 20 and col 2, pedestal is 212.724
20  2  1  445.136  2479.2  68.0288
20  2  2  1108.14  6429.42  164.465
20  2  3  1731.87  10893  239.578
For row 20 and col 3, pedestal is 215.924
20  3  1  191.741  1152.54  100.532
20  3  2  448.14  2772.06  223.111
20  3  3  693.544  4297.71  324.745
20  3  4  1663.9  11682.5  663.829
For row 20 and col 4, pedestal is 170.987
20  4  1  95.3146  533.245  71.0627
20  4  2  25.6399  90.7504  77.6482
20  4  3  427.443  2709.28  284.034
20  4  4  732.98  5321.98  455.275
For row 20 and col 5, pedestal is 187.357
20  5  1  353.051  1848.97  88.5902
20  5  2  815.584  4604.25  187.431
20  5  3  2099.3  12081.6  352.556
20  5  4  3634.64  24851  651.322
For row 20 and col 6, pedestal is 222.213
20  6  1  213.908  1253.07  168.257
20  6  2  360.45  2220.56  216.398
20  6  3  698.189  4957.27  393.136
20  6  4  1481.02  10847.4  668.403
For row 20 and col 7, pedestal is 193.677
20  7  1  119.33  789.19  128.145
20  7  2  177.279  1227.54  181.398
20  7  3  342.03  2600.02  327.946
20  7  4  761.446  5843.64  613.091
For row 20 and col 8, pedestal is 213.854
20  8  1  343.425  2059.5  153.577
20  8  2  469.297  2962.69  203.024
20  8  3  1034.3  7170.07  434.324
20  8  4  1819.63  12608.7  681.989
For row 20 and col 9, pedestal is 210.846
20  9  1  155.281  1130.03  77.7322
20  9  2  254.529  1845.64  108.061
20  9  3  584.654  4574.25  263.364
20  9  4  1022.99  8099.45  396.992
For row 20 and col 10, pedestal is 223.965
20  10  1  105.612  734.125  72.207
20  10  2  225.709  1549.32  123.158
20  10  3  457.106  3439.76  259.752
20  10  4  775.612  5897.84  361.451
For row 20 and col 11, pedestal is 210.144
20  11  1  116.933  840.617  87.8275
20  11  2  152.069  1091.19  101.277
20  11  3  477.419  3640.17  299.179
20  11  4  1355.71  10390.4  560.915
For row 21 and col 0, pedestal is 220.658
21  0  1  79.2302  458.318  45.9762
21  0  2  190.948  1218.07  122.586
21  0  3  360.392  2381.19  234.206
21  0  4  1288.36  9465.48  594.824
For row 21 and col 1, pedestal is 293.665
21  1  1  232.36  1299.21  55.5092
21  1  2  622.713  3658.56  138.108
21  1  3  1210.54  7641.32  255.971
For row 21 and col 2, pedestal is 214.01
21  2  1  393.956  2263.08  60.9493
21  2  2  953.567  5710.37  142.451
21  2  3  1707.75  10994  249.924
For row 21 and col 3, pedestal is 253.951
21  3  1  430.707  2487.11  106.981
21  3  2  838.702  5110.1  197.655
21  3  3  1738.26  10673.2  367.307
21  3  4  3287.13  23336.9  581.551
For row 21 and col 4, pedestal is 205.097
21  4  1  161.276  940.159  93.5692
21  4  2  316.556  2064.89  161.15
21  4  3  762.091  5063.06  368.74
21  4  4  1322.11  10120.9  583.577
For row 21 and col 5, pedestal is 186.538
21  5  1  184.736  985.209  62.6293
21  5  2  439.375  2479.72  139.667
21  5  3  1043.12  5982.47  309.394
21  5  4  2079.88  13696.1  541.507
For row 21 and col 6, pedestal is 240.166
21  6  1  299.212  1588.99  118.388
21  6  2  441.119  2509.87  164.87
21  6  3  982.812  6190.08  323.503
21  6  4  1929.94  12374.9  568.428
For row 21 and col 7, pedestal is 247.124
21  7  1  189.777  1241.21  109.782
21  7  2  226.693  1571.43  128.085
21  7  3  306.777  2310.19  176.041
21  7  4  981.95  7456.57  501.765
For row 21 and col 8, pedestal is 239.422
21  8  1  305.862  1830.76  153.57
21  8  2  443.22  2777.07  218.148
21  8  3  877.444  6060.16  398.18
21  8  4  852.047  5835.36  409.027
For row 21 and col 9, pedestal is 248.129
21  9  1  182.783  1304.88  86.0681
21  9  2  318.687  2192.72  129.495
21  9  3  748.385  5577.27  299.818
21  9  4  1976.33  14785.3  622.193
For row 21 and col 10, pedestal is 233.54
21  10  1  185.561  1334.31  81.3134
21  10  2  306.786  2158.36  117.715
21  10  3  659.864  5015.44  239.233
21  10  4  1508.6  11575.7  484.113
For row 21 and col 11, pedestal is 219.36
21  11  1  275.042  1984.56  88.7757
21  11  2  541.237  3804.99  147.359
21  11  3  868.552  6574.84  234.416
21  11  4  2207.52  16899  498.968
For row 22 and col 0, pedestal is 266.94
22  0  1  32.8707  189.768  42.3764
22  0  2  57.4268  361.283  89.8278
22  0  3  137.603  867.605  202.548
22  0  4  581.605  4084.96  641.274
For row 22 and col 1, pedestal is 224.535
22  1  1  81.2201  506.457  31.1874
22  1  2  225.934  1438.85  83.8574
22  1  3  646.744  4284.59  222.819
22  1  4  1889.61  13973.5  533.097
For row 22 and col 2, pedestal is 245.727
22  2  1  186.809  1055.92  46.26
22  2  2  383.184  2299.04  97.3688
22  2  3  1091.28  6920.1  242.242
22  2  4  3366.79  23845.4  458.416
For row 22 and col 3, pedestal is 253.362
22  3  1  372.54  2171.02  112.376
22  3  2  773.497  4783.91  215.61
22  3  3  1486.65  9295.87  388.983
22  3  4  3150.56  22278.1  588.721
For row 22 and col 4, pedestal is 217.83
22  4  1  151.719  804.598  85.789
22  4  2  313.68  1959.87  202.105
22  4  3  761.967  4942.2  400.37
22  4  4  1209.89  8993.21  575.198
For row 22 and col 5, pedestal is 230.867
22  5  1  295.026  1545.1  94.2511
22  5  2  511.994  2808.72  155.567
22  5  3  1519.33  8538.91  351.482
22  5  4  2119.98  13639.8  475.039
For row 22 and col 6, pedestal is 250.115
22  6  1  176.118  1083.91  103.768
22  6  2  311.768  2071.15  180.275
22  6  3  687.988  5091.88  362.858
22  6  4  1066.04  7985.61  572.076
For row 22 and col 7, pedestal is 245.894
22  7  1  142.886  1012.03  91.3731
22  7  2  196.327  1491.74  119.281
22  7  3  473.628  3688.46  288.41
22  7  4  1043.78  7969.79  581.579
For row 22 and col 8, pedestal is 236.405
22  8  1  425.99  2562.86  121.881
22  8  2  681.729  4292.42  191.619
22  8  3  1124.72  7770.15  285.684
22  8  4  3024.33  20793.3  526.43
For row 22 and col 9, pedestal is 207.553
22  9  1  142.753  1021.83  54.321
22  9  2  259.663  1802.18  79.8154
22  9  3  451.79  3388.27  149.176
22  9  4  1490.68  11251.7  403.255
For row 22 and col 10, pedestal is 229.662
22  10  1  86.481  620.233  66.7755
22  10  2  159.145  1111.57  105.7
22  10  3  256.127  1942.46  175.912
22  10  4  847.288  6435.19  430.105
For row 22 and col 11, pedestal is 223.147
22  11  1  162.835  1159.53  57.3569
22  11  2  431.079  3061.74  121.829
22  11  3  847.251  6464.45  237.569
22  11  4  1965.25  15127  477.656
For row 23 and col 0, pedestal is 231.512
23  0  1  92.3351  496.748  50.7769
23  0  2  298.074  1777.37  137.425
23  0  3  479.112  3077.51  196.877
23  0  4  2177.53  15827.3  525.223
For row 23 and col 1, pedestal is 202.104
23  1  1  50.318  271.882  53.8745
23  1  2  125.866  768.155  138.607
23  1  3  268.365  1729.62  274.455
23  1  4  1021.16  7515.59  733.189
For row 23 and col 2, pedestal is 226.669
23  2  1  62.712  344.257  41.9909
23  2  2  263.456  1570.7  142.82
23  2  3  489.329  3126.07  246.73
23  2  4  1741.23  12502  532.883
For row 23 and col 3, pedestal is 238.507
23  3  1  130.596  733.563  99.6133
23  3  2  238.089  1427.62  168.282
23  3  3  404.34  2423.01  288.92
23  3  4  964.403  6660  574.572
For row 23 and col 4, pedestal is 231.18
23  4  1  180.4  1117.77  115.237
23  4  2  360.209  2360.83  210.371
23  4  3  778.441  5165.25  401.595
23  4  4  1702.86  12792.1  714.953
For row 23 and col 5, pedestal is 232.382
23  5  1  191.489  945.851  77.6738
23  5  2  517.814  2890.76  202.921
23  5  3  1173.98  6752.1  387.437
23  5  4  1750.25  11493.9  522.592
For row 23 and col 6, pedestal is 225.524
23  6  1  156.232  925.334  181.104
23  6  2  224.958  1449.09  189.344
23  6  3  291.148  2114.47  258.926
23  6  4  828.57  6165.74  585.793
For row 23 and col 7, pedestal is 190.919
23  7  1  153.812  876.137  100.837
23  7  2  205.402  1465.65  168.856
23  7  3  455.325  3568.81  344.442
23  7  4  776.758  6136.98  574.208
For row 23 and col 8, pedestal is 213.995
23  8  1  376.136  2286.28  114.038
23  8  2  714.742  4542.45  205.977
23  8  3  1275.92  8923.15  353.227
23  8  4  2379.97  16585.7  600.08
For row 23 and col 9, pedestal is 194.32
23  9  1  162.901  1219.73  58.5115
23  9  2  352.135  2499  112.68
23  9  3  686.96  5223.53  231.905
23  9  4  1678.22  12810.2  453.045
For row 23 and col 10, pedestal is 196.449
23  10  1  164.32  1226.89  67.6073
23  10  2  345.699  2404.33  121.615
23  10  3  722.828  5499.39  264.578
23  10  4  1923.1  14603.7  580.903
For row 23 and col 11, pedestal is 248.623
23  11  1  120.719  871.907  61.2286
23  11  2  217.582  1540.61  98.1554
23  11  3  397.216  3024.41  180.926
23  11  4  1131.28  8720.14  444.725
