#All information for run 1291.
#Row Col LED <Max> <Int> NPE
For row 12 and col 0, pedestal is 238.314
12  0  1  369.326  2116.24  82.0539
12  0  2  850.527  5338.23  190.195
12  0  3  1750.89  11213  335.016
12  0  4  3788.77  27676.7  1350.32
For row 12 and col 1, pedestal is 194.194
12  1  1  58.3897  321.633  15.2237
12  1  2  708.07  4254.74  151.14
12  1  3  2553.01  15617.4  381.242
12  1  4  3302.54  22567.2  448.04
For row 12 and col 2, pedestal is 214.085
12  2  1  185.849  1037.45  79.2634
12  2  2  480.556  2936.37  181.955
12  2  3  1004.93  6204.08  358.669
12  2  4  2392.63  16487.8  582.65
For row 12 and col 3, pedestal is 215.832
12  3  1  517.587  2982.74  95.427
12  3  2  1243.51  7372.43  218.679
12  3  3  1648.48  10818.6  287.827
For row 12 and col 4, pedestal is 231.24
12  4  1  68.1935  404.739  59.2901
12  4  2  117.303  731.967  104.367
12  4  3  271.221  1860.34  221.777
12  4  4  1018.38  6468.45  692.628
For row 12 and col 5, pedestal is 207.627
12  5  1  182.676  1150.19  84.2578
12  5  2  332.927  2132.09  134.242
12  5  3  616.887  4327.07  255.027
12  5  4  1627.63  10651.5  633.605
For row 12 and col 6, pedestal is 202.983
12  6  1  144.355  964.919  86.9098
12  6  2  224.536  1407.5  147.733
12  6  3  396.363  2895.04  236.048
12  6  4  674.876  6435.77  465.767
For row 12 and col 7, pedestal is 195.752
12  7  1  78.2941  495.448  51.6296
12  7  2  114.964  642.227  96.8746
12  7  3  258.117  1877.83  208.794
12  7  4  366.672  3317.59  290.87
For row 12 and col 8, pedestal is 234.468
12  8  1  272.272  1520.59  67.2456
12  8  2  623.625  3727.26  147.051
12  8  3  1935.18  12880.1  380.95
12  8  4  2398.01  20343.4  560.233
For row 12 and col 9, pedestal is 229.673
12  9  1  410.024  2269.41  98.1651
12  9  2  997.231  5612.02  228.755
12  9  3  1596.74  9380.34  346.113
12  9  4  2318.16  14588.4  446.82
For row 12 and col 10, pedestal is 214.392
12  10  1  320.089  1809.27  98.3656
12  10  2  757.422  4363.73  212.688
12  10  3  1170.16  7032.67  303.521
12  10  4  2213.04  14170  478.865
For row 12 and col 11, pedestal is 183.642
12  11  1  414.397  2334.03  106.56
12  11  2  899.666  5205.11  209.166
12  11  3  1581.82  9568.86  303.529
12  11  4  3215.11  21972.5  736.823
For row 13 and col 0, pedestal is 168.258
13  0  1  283.751  1633.76  40.4886
13  0  2  906.21  5608.85  123.478
13  0  3  2814.87  17610.9  249.726
For row 13 and col 1, pedestal is 198.884
13  1  1  451.941  2531.5  65.337
13  1  2  1311.23  7985.59  178.848
13  1  3  2054.91  12735.9  251.408
For row 13 and col 2, pedestal is 214.111
13  2  1  297.085  1772.38  89.29
13  2  2  688.416  4421.05  188.249
13  2  3  1720.32  11160.9  427.175
13  2  4  3363.11  24341.1  613.274
For row 13 and col 3, pedestal is 194.985
13  3  1  406.254  2302.9  109.05
13  3  2  677.877  4028.17  177.857
13  3  3  1261.89  8276.24  313.846
13  3  4  4957.67  26026.1  357.167
For row 13 and col 4, pedestal is 204.51
13  4  1  86.4281  479.031  27.7904
13  4  2  610.137  3346.22  178.037
13  4  3  898.077  5504.64  253.32
13  4  4  3753.76  22802.7  715.569
For row 13 and col 5, pedestal is 202.353
13  5  1  96.5016  574.951  110.575
13  5  2  186.19  1098.58  202.912
13  5  3  343.104  2318.48  341.358
13  5  4  888.421  5719.4  805.716
For row 13 and col 6, pedestal is 150.236
13  6  1  498.066  2716.63  147.489
13  6  2  751.307  4302.68  217.15
13  6  3  1657.37  10588.1  348.697
13  6  4  2658.54  22091.4  680.146
For row 13 and col 7, pedestal is 196.646
13  7  1  236.624  1387.34  132.857
13  7  2  436.706  2708.09  227.151
13  7  3  805.612  5817.95  368.978
13  7  4  1309.43  12176.1  675.401
For row 13 and col 8, pedestal is 224.899
13  8  1  622.466  3692.87  121.172
13  8  2  923.665  5760.61  168.453
13  8  3  2156.97  15031.6  343.727
13  8  4  3046.03  26698  554.586
For row 13 and col 9, pedestal is 214.54
13  9  1  255.082  1483.02  70.5139
13  9  2  689.096  4009.41  186.719
13  9  3  1108.24  6715.7  282.712
13  9  4  2275.15  14700.2  470.649
For row 13 and col 10, pedestal is 195.885
13  10  1  358.279  2029.3  92.7237
13  10  2  793.462  4612.83  207.642
13  10  3  1457.39  8759.07  353.934
13  10  4  2728.59  17552.1  482.902
For row 13 and col 11, pedestal is 211.385
13  11  1  275.528  1570.34  103.929
13  11  2  546.649  3183.22  197.057
13  11  3  1121.22  6823.94  378.845
13  11  4  2024.88  13142  557.092
For row 14 and col 0, pedestal is 202.654
14  0  1  172.596  976.657  67.6804
14  0  2  433.895  2728.59  174.579
14  0  3  1066.84  6817.16  343.202
14  0  4  2482.12  17648.8  676.379
For row 14 and col 1, pedestal is 227.024
14  1  1  314.854  1848.37  81.4839
14  1  2  576.423  3683.04  144.371
14  1  3  1537.93  9994.31  340.633
14  1  4  1781.89  12850  437.206
For row 14 and col 2, pedestal is 189.432
14  2  1  393.195  2350.54  81.2553
14  2  2  763.934  4934.31  151.831
14  2  3  2420.73  15764.5  382.182
14  2  4  2753.13  19963.5  461.408
For row 14 and col 3, pedestal is 211.615
14  3  1  211.234  1179.63  99.8424
14  3  2  460.762  2754.64  214.595
14  3  3  431.328  2837.38  209.143
14  3  4  2097.81  13148.3  806.152
For row 14 and col 4, pedestal is 184.984
14  4  1  122.458  782.95  69.7221
14  4  2  279.806  1728.56  148.472
14  4  3  495.667  3446.68  249.597
14  4  4  1424.33  9215.44  639.724
For row 14 and col 5, pedestal is 217.123
14  5  1  197.065  1203.53  78.3286
14  5  2  311.911  1936.82  126.273
14  5  3  663.189  4633.56  265.514
14  5  4  2273.66  14899.5  666.332
For row 14 and col 6, pedestal is 180.439
14  6  1  214.531  1144.94  120.972
14  6  2  342.797  2243.67  218.916
14  6  3  578.375  4269.61  339.731
14  6  4  1028.99  9911.7  634.533
For row 14 and col 7, pedestal is 227.912
14  7  1  163.957  1040.64  136.893
14  7  2  282.218  1858.9  200.943
14  7  3  637.937  4811.42  378.981
14  7  4  775.31  7512.15  539.044
For row 14 and col 8, pedestal is 201.048
14  8  1  498.667  3180.03  172.665
14  8  2  616.431  4084.48  217.715
14  8  3  1539.08  11303.9  485.911
14  8  4  2454.8  22545.5  835.272
For row 14 and col 9, pedestal is 212.529
14  9  1  182.101  1111.15  87.5857
14  9  2  530.418  3165.58  236.664
14  9  3  833.21  5136.19  348.553
14  9  4  1605.23  10533.4  577.941
For row 14 and col 10, pedestal is 237.934
14  10  1  437.712  2607.44  66.7916
14  10  2  935.714  5680.28  137.008
14  10  3  2060.42  12958.7  269.011
14  10  4  3410.05  23046.1  271.451
For row 14 and col 11, pedestal is 209.071
14  11  1  515.078  3071.06  85.3951
14  11  2  1093.1  6605.33  167.723
14  11  3  2057.02  12987.3  302.246
14  11  4  3808.04  33785.9  197.056
For row 15 and col 0, pedestal is 231.769
15  0  1  463.598  2594.19  76.5323
15  0  2  1052.46  6319.82  166.874
15  0  3  2939.12  18053.8  323.642
For row 15 and col 1, pedestal is 199.501
15  1  1  118.968  638.329  39.3748
15  1  2  438.487  2658.4  134.526
15  1  3  1682.98  10465.5  406.753
15  1  4  2301.27  15951.7  566.726
For row 15 and col 2, pedestal is 220.823
15  2  1  418.457  2358.66  105.177
15  2  2  878.912  5345.21  211.061
15  2  3  2361.03  14508.1  431.392
15  2  4  3720.18  26025  925.457
For row 15 and col 3, pedestal is 173.722
15  3  1  379.036  2124.19  100.61
15  3  2  994.419  5757.41  234.314
15  3  3  61.1228  385.983  20.6339
For row 15 and col 4, pedestal is 211.762
15  4  1  138.868  884.412  72.3566
15  4  2  275.124  1714.56  126.19
15  4  3  721.628  5015.2  311.624
15  4  4  1876.5  12334.6  660.301
For row 15 and col 5, pedestal is 179.592
15  5  1  156.448  1101.2  86.4729
15  5  2  252.413  1696.76  141.553
15  5  3  683.966  4910.75  323.186
15  5  4  2349.73  15918.4  838.599
For row 15 and col 6, pedestal is 219.192
15  6  1  373.958  2126.98  124.406
15  6  2  520.823  2975.14  172.368
15  6  3  1442.4  9229.1  366.986
15  6  4  2145.38  17682.9  661.06
For row 15 and col 7, pedestal is 223.962
15  7  1  251.718  1652.7  152.905
15  7  2  316.759  2174.43  189.636
15  7  3  702.268  5412.69  334.847
15  7  4  1159.98  11157.4  658.418
For row 15 and col 8, pedestal is 174.97
15  8  1  353.984  2132.97  180.399
15  8  2  393.018  2458.56  206.27
15  8  3  1228.43  8699.73  551.605
15  8  4  1578.59  14000.7  808.964
For row 15 and col 9, pedestal is 189.734
15  9  1  224.943  1255.26  102.859
15  9  2  416.137  2403.48  191.818
15  9  3  839.174  5039.96  343.475
15  9  4  1775.44  11399.1  627.712
For row 15 and col 10, pedestal is 183.927
15  10  1  199.102  1118.81  79.5514
15  10  2  485.055  2796.61  178.587
15  10  3  935.926  5638.64  337.269
15  10  4  1102.01  7153.95  377.355
For row 15 and col 11, pedestal is 205.568
15  11  1  202.82  1153.59  60.8553
15  11  2  565.594  3299.09  163.325
15  11  3  1057.21  6470.9  278.894
15  11  4  2076.85  13572.6  474.382
For row 16 and col 0, pedestal is 181.076
16  0  1  38.1148  211.093  18.6236
16  0  2  508.123  3099.43  197.944
16  0  3  1268.92  7896.23  410.429
16  0  4  2093.25  14513.7  634.038
For row 16 and col 1, pedestal is 217.345
16  1  1  282.504  1590.82  74.2115
16  1  2  839.039  5158.3  198.417
16  1  3  2146.88  13323.4  387.344
16  1  4  3308.2  23233.9  502.135
For row 16 and col 2, pedestal is 208.486
16  2  1  194.451  1099.74  106.38
16  2  2  415.906  2578.89  223.451
16  2  3  1174.43  7462.67  511.583
16  2  4  1242.74  8764.94  594.916
For row 16 and col 3, pedestal is 202.862
16  3  1  246.846  1380.02  100.534
16  3  2  508.572  2993.43  194.601
16  3  3  757.238  4947.24  297.242
16  3  4  2924.56  18019.6  834.689
For row 16 and col 4, pedestal is 228.822
16  4  1  111.22  831.355  89.0578
16  4  2  172.552  1144.96  118.706
16  4  3  419.24  2965.5  263.962
16  4  4  1639.27  10684.6  787.933
For row 16 and col 5, pedestal is 193.032
16  5  1  23.8371  87.4287  67.2255
16  5  2  500.576  2801.16  141.128
16  5  3  1044.09  6404.32  284.554
16  5  4  121.079  783.187  50.3818
For row 16 and col 6, pedestal is 189.28
16  6  1  246.673  1363.4  201.769
16  6  2  346.69  2310.84  239.238
16  6  3  825.919  6154.88  509.922
16  6  4  963.268  9248.01  660.51
For row 16 and col 7, pedestal is 220.373
16  7  1  172.407  1004.21  108.319
16  7  2  266.74  1778.14  138.491
16  7  3  506.536  3860.8  305.547
16  7  4  792.838  7686.13  503.612
For row 16 and col 8, pedestal is 189.965
16  8  1  803.625  4691.83  136.36
16  8  2  1313.94  8130.02  217.178
16  8  3  3128.81  21473.1  357.745
16  8  4  3782.08  32985.8  632.747
For row 16 and col 9, pedestal is 216.997
16  9  1  208.318  1164.59  89.1671
16  9  2  503.67  2935.34  190.532
16  9  3  1033.73  6388.93  378.608
16  9  4  1814.18  11906.5  580.533
For row 16 and col 10, pedestal is 210.796
16  10  1  489.707  2810.36  112.104
16  10  2  1214.84  7154.77  251.325
16  10  3  2013.86  12299.3  397.113
16  10  4  3400.53  22376.9  490.462
For row 16 and col 11, pedestal is 207.141
16  11  1  93.7796  517.992  74.7372
16  11  2  213.136  1239.31  153.415
16  11  3  389.438  2353.41  263.223
16  11  4  878.136  5700.52  485.766
For row 17 and col 0, pedestal is 192.009
17  0  1  233.316  1250.75  90.4688
17  0  2  578.057  3420.23  207.143
17  0  3  1498.55  9053.12  429.999
17  0  4  2349.5  15776  654.185
For row 17 and col 1, pedestal is 199.987
17  1  1  17.9006  124.961  21.3909
17  1  2  182.229  1161.05  125.242
17  1  3  29.4959  219.061  25.0215
17  1  4  756.635  5213.88  445.948
For row 17 and col 2, pedestal is 198.069
17  2  1  623.623  3583.84  99.2443
17  2  2  1479.47  9222.94  220.038
17  2  3  3735.39  23938.1  386.35
For row 17 and col 3, pedestal is 225.163
17  3  1  243.627  1360.19  90.6645
17  3  2  484.744  2802.37  161.475
17  3  3  819.623  5255.48  293.104
17  3  4  2943.19  17701  746.582
For row 17 and col 4, pedestal is 209.872
17  4  1  187.881  1010.23  97.7782
17  4  2  370.452  2264.89  188.167
17  4  3  594.489  4158.18  293.299
17  4  4  1455.13  9611.46  605.568
For row 17 and col 5, pedestal is 175.006
17  5  1  465.63  2445.58  107.187
17  5  2  828.808  4532.9  176.197
17  5  3  1660.18  10119.1  295.875
For row 17 and col 6, pedestal is 219.786
17  6  1  306.451  1440.84  126.425
17  6  2  421.457  2342.28  174.98
17  6  3  959.027  5870.63  335.821
17  6  4  1373.61  11058.6  554.642
For row 17 and col 7, pedestal is 230.729
17  7  1  110.945  676.276  104.588
17  7  2  166.523  1196.29  156.027
17  7  3  300.68  2336.14  334.199
17  7  4  452.804  4450.2  529.865
For row 17 and col 8, pedestal is 214.064
17  8  1  527.378  3051.21  88.0903
17  8  2  1373.34  8218.59  235.328
17  8  3  3289.96  21851.1  326.525
17  8  4  3803.34  32301.4  873.109
For row 17 and col 9, pedestal is 217.002
17  9  1  289.787  1728.61  64.508
17  9  2  550.588  3261.97  115.909
17  9  3  1363.82  8319.1  249.776
17  9  4  2160.56  14011.4  353.059
For row 17 and col 10, pedestal is 204.798
17  10  1  422.399  2423.93  101.118
17  10  2  900.843  5207.27  205.731
17  10  3  1358.57  8163.69  309.413
17  10  4  2316.54  14822.6  456.891
For row 17 and col 11, pedestal is 242.673
17  11  1  115.506  591.283  71.3738
17  11  2  324.737  1778.87  187.663
17  11  3  625.961  3776.5  328.626
17  11  4  844.779  5434.69  432.178
For row 18 and col 0, pedestal is 209.449
18  0  1  195.546  1102.01  42.9099
18  0  2  563.678  3341.5  116.836
18  0  3  831.803  5295.02  170.425
For row 18 and col 1, pedestal is 215.404
18  1  1  32.8032  181.328  61.1845
18  1  2  76.7795  462.087  146.834
18  1  3  156.615  1019.98  285.882
18  1  4  558.656  4082.03  680.565
For row 18 and col 2, pedestal is 209.114
18  2  1  342.809  1864.85  60.8638
18  2  2  944.289  5443.3  152.798
18  2  3  1434.48  8927.75  216.852
For row 18 and col 3, pedestal is 240.445
18  3  1  227.397  1459.31  85.9018
18  3  2  504.612  3393.37  181.232
18  3  3  1233.66  8364.28  387.372
18  3  4  2171.45  16652.9  584.404
For row 18 and col 4, pedestal is 194.909
18  4  1  247.128  1311.2  95.2761
18  4  2  520.272  2901.7  181.478
18  4  3  1065.78  6006.11  303.801
18  4  4  1892.76  12248.2  516.959
For row 18 and col 5, pedestal is 187.817
18  5  1  170.111  1012.89  128.34
18  5  2  362.983  2321.83  223.709
18  5  3  722.505  4678.59  379.242
18  5  4  1324.34  9914.94  592.229
For row 18 and col 6, pedestal is 209.148
18  6  1  175.172  1190.14  132.164
18  6  2  320.391  2182.43  199.191
18  6  3  646.363  4906.37  359.43
18  6  4  1517.44  11605.7  705.859
For row 18 and col 7, pedestal is 230.025
18  7  1  235.475  1513.89  138.646
18  7  2  400.089  2648.95  206.149
18  7  3  809.382  6001.1  361.169
18  7  4  2071.77  15621.3  731.288
For row 18 and col 8, pedestal is 238.939
18  8  1  1075.12  6329  119.732
18  8  2  2100.04  12883.6  204.349
18  8  3  3640.22  24826.2  400.87
For row 18 and col 9, pedestal is 231.054
18  9  1  241.081  1729.4  87.564
18  9  2  412.855  2929.19  129.275
18  9  3  854.485  6531.66  267.91
18  9  4  2446.33  18916.1  606.847
For row 18 and col 10, pedestal is 217.103
18  10  1  399.831  2808.76  79.8823
18  10  2  530.125  3680.67  89.035
18  10  3  1018.19  7619.1  178.185
18  10  4  3208.61  23773.5  313.198
For row 18 and col 11, pedestal is 183.055
18  11  1  183.66  1258.55  54.7429
18  11  2  207.887  1425.48  59.6188
18  11  3  518.202  3831.62  139.356
18  11  4  1686.45  12514.3  386.724
For row 19 and col 0, pedestal is 189.36
19  0  1  199.771  1059.97  49.822
19  0  2  546.739  3131.41  117.803
19  0  3  946.613  5860.78  193.675
19  0  4  3844.58  28275.3  2886.82
For row 19 and col 1, pedestal is 220.236
19  1  1  587.673  3280.9  63.3564
19  1  2  1392.52  8260.36  149.729
19  1  3  2238.91  14295.7  215.366
For row 19 and col 2, pedestal is 250.126
19  2  1  257.467  1409.96  70.5566
19  2  2  642.05  3733.79  171.142
19  2  3  892.073  5626.02  242.918
19  2  4  3912.79  27209.9  684.253
For row 19 and col 3, pedestal is 230.559
19  3  1  202.484  1175.31  118.371
19  3  2  417.343  2589.15  240.837
19  3  3  742.085  4690.57  401.011
19  3  4  1499.29  10787.4  757.454
For row 19 and col 4, pedestal is 203.907
19  4  1  149.659  835.75  88.7142
19  4  2  286.547  1817.81  183.609
19  4  3  543.928  3473.12  291.182
19  4  4  1130.27  8240.91  520.683
For row 19 and col 5, pedestal is 218.2
19  5  1  217.729  1134.2  82.4474
19  5  2  472.551  2629.16  156.766
19  5  3  1382.59  7756.6  373.784
19  5  4  2187.24  14128.5  552.097
For row 19 and col 6, pedestal is 218.659
19  6  1  207.178  1136.44  92.4494
19  6  2  344.116  1995.23  153.38
19  6  3  663.233  4223.55  258.048
19  6  4  1190.55  7698.13  464.967
For row 19 and col 7, pedestal is 237.157
19  7  1  114.078  751.784  101.64
19  7  2  177.599  1213.12  163.678
19  7  3  281.922  2154.63  223.085
19  7  4  860.848  6537.63  620.984
For row 19 and col 8, pedestal is 208.095
19  8  1  366.92  2275.71  123.944
19  8  2  539.883  3493.23  190.69
19  8  3  971.699  6931.21  330.042
19  8  4  2128.36  15090.3  651.699
For row 19 and col 9, pedestal is 182.793
19  9  1  362.75  2559.88  85.8395
19  9  2  612.339  4237.48  125.207
19  9  3  1365.36  10189.7  279.712
19  9  4  3608.29  26931.4  546.298
For row 19 and col 10, pedestal is 199.517
19  10  1  201.076  1437.36  76.315
19  10  2  418.019  2961.45  137.568
19  10  3  868.617  6643.57  295.069
19  10  4  2169.82  16758.8  603.12
For row 19 and col 11, pedestal is 194.641
19  11  1  126.296  855.43  60.4202
19  11  2  191.593  1296.46  75.2581
19  11  3  659.264  4936.82  271.778
19  11  4  1682.64  12658.7  555.081
For row 20 and col 0, pedestal is 240.278
20  0  1  86.757  474.304  46.2345
20  0  2  260.765  1533.77  133.026
20  0  3  453.85  2869.76  224.079
20  0  4  2246.79  15985.2  590.372
For row 20 and col 1, pedestal is 234.122
20  1  1  234.616  1331.53  60.4676
20  1  2  592.594  3524.62  146.517
20  1  3  1090.51  6958.87  249.559
20  1  4  3906.4  28060.1  1540.76
For row 20 and col 2, pedestal is 213.062
20  2  1  649.558  3584.25  65.7874
20  2  2  1615.94  9338.24  157.511
20  2  3  2536.13  15878.1  223.396
For row 20 and col 3, pedestal is 215.801
20  3  1  264.733  1565.82  101.898
20  3  2  617.489  3791.86  228.548
20  3  3  949.156  5860.95  326.674
20  3  4  2281.23  15959.5  723.674
For row 20 and col 4, pedestal is 171.066
20  4  1  112.245  630.348  68.3918
20  4  2  26.4475  105.93  78.8211
20  4  3  503.403  3209.19  285.619
20  4  4  860.672  6294.96  440.763
For row 20 and col 5, pedestal is 187.522
20  5  1  415.589  2178.85  92.4423
20  5  2  961.489  5433.85  185.966
20  5  3  2508.85  14414.2  319.096
20  5  4  4912.29  27824  42.8901
For row 20 and col 6, pedestal is 222.146
20  6  1  246.16  1478.28  165.908
20  6  2  420.73  2632.96  238.839
20  6  3  823.548  5886.08  378.931
20  6  4  1760.26  12938.4  678.56
For row 20 and col 7, pedestal is 194.074
20  7  1  138.293  924.04  132.781
20  7  2  208.166  1443.29  185.748
20  7  3  403.584  3080.07  334.216
20  7  4  903.053  6939.38  630.645
For row 20 and col 8, pedestal is 213.951
20  8  1  488.284  2923.18  151.335
20  8  2  667.984  4209.45  202.609
20  8  3  1474.73  10205.4  415.295
20  8  4  2602.19  17939  675.047
For row 20 and col 9, pedestal is 210.542
20  9  1  220.123  1603.43  76.2541
20  9  2  362.202  2620.24  107.316
20  9  3  831.983  6502.36  272.097
20  9  4  1455.25  11490.9  406.566
For row 20 and col 10, pedestal is 223.935
20  10  1  152.874  1066.87  69.5495
20  10  2  330.655  2280.52  124.465
20  10  3  670.558  5048.67  259.409
20  10  4  1146.28  8701.35  376.386
For row 20 and col 11, pedestal is 210.33
20  11  1  162.281  1165.81  85.7826
20  11  2  214.686  1521.39  106.009
20  11  3  676.76  5136.24  272.562
20  11  4  1934.86  14753.2  520.8
For row 21 and col 0, pedestal is 220.838
21  0  1  113.481  644.964  47.584
21  0  2  278.04  1725.67  116.955
21  0  3  521.059  3406.26  229.796
21  0  4  1856.82  13576.1  602.942
For row 21 and col 1, pedestal is 293.26
21  1  1  341.498  1896.49  55.369
21  1  2  919.582  5367.78  138.608
21  1  3  1789.12  11225.1  250.772
For row 21 and col 2, pedestal is 213.574
21  2  1  570.163  3228.28  63.7621
21  2  2  1376.99  8180.22  143.378
21  2  3  2466.67  15798.4  238.378
For row 21 and col 3, pedestal is 253.964
21  3  1  638.931  3668.67  110.367
21  3  2  1241.81  7533.97  188.16
21  3  3  2570.97  15740.4  351.968
For row 21 and col 4, pedestal is 204.841
21  4  1  191.805  1108.68  92.3099
21  4  2  376.021  2436.69  168.83
21  4  3  906.571  6003.71  361.4
21  4  4  1575.99  12037.9  570.894
For row 21 and col 5, pedestal is 186.193
21  5  1  220.554  1172.33  67.7984
21  5  2  525.589  2956.36  142.199
21  5  3  1248.74  7153.47  300.567
21  5  4  2491.74  16397  495.667
For row 21 and col 6, pedestal is 240.141
21  6  1  351.31  1866.79  111.898
21  6  2  522.437  2960.54  159.959
21  6  3  1168.09  7336.06  309.529
21  6  4  2287.99  14660.8  578.552
For row 21 and col 7, pedestal is 247.017
21  7  1  225.866  1458.96  112.293
21  7  2  269.731  1844.04  128.864
21  7  3  362.806  2713.46  175.961
21  7  4  1157.64  8779.55  499.899
For row 21 and col 8, pedestal is 239.206
21  8  1  438.426  2607.47  148.35
21  8  2  638.217  3972.4  211.467
21  8  3  1260.32  8661.82  406.185
21  8  4  1221.15  8328.74  398.072
For row 21 and col 9, pedestal is 248.377
21  9  1  266.181  1887.95  85.0324
21  9  2  465.185  3187.09  122.059
21  9  3  1093.74  8113.9  290.498
21  9  4  2876.94  21498  656.632
For row 21 and col 10, pedestal is 233.68
21  10  1  266.938  1913.11  78.0251
21  10  2  439.704  3086.84  110.991
21  10  3  950.155  7202.57  250.956
21  10  4  2172.8  16607.2  504.482
For row 21 and col 11, pedestal is 219.277
21  11  1  398.74  2859.33  83.7582
21  11  2  788.387  5512.48  143.796
21  11  3  1262.16  9526.54  234.204
21  11  4  3234.96  24658.2  419.619
For row 22 and col 0, pedestal is 267.361
22  0  1  45.7485  257.755  45.7118
22  0  2  81.3396  505.438  95.8766
22  0  3  195.207  1225.22  201.297
22  0  4  831.477  5836.98  629.954
For row 22 and col 1, pedestal is 224.081
22  1  1  118.077  722.686  30.0207
22  1  2  329.643  2073.35  85.5093
22  1  3  944.817  6239.03  227.79
22  1  4  2757.5  20301  527.107
For row 22 and col 2, pedestal is 245.31
22  2  1  268.641  1499.54  45.4294
22  2  2  550.327  3278.45  98.7139
22  2  3  1572.35  9916.67  234.06
For row 22 and col 3, pedestal is 253.258
22  3  1  534.851  3109.89  107.393
22  3  2  1114.74  6861.13  208.421
22  3  3  2151.71  13366.2  381.109
For row 22 and col 4, pedestal is 217.265
22  4  1  176.309  953.608  101.125
22  4  2  371.039  2324.94  203.825
22  4  3  903.895  5856.96  398.886
22  4  4  1433.62  10663.1  568.558
For row 22 and col 5, pedestal is 231.162
22  5  1  349.771  1829.24  93.2076
22  5  2  605.012  3329.56  150.582
22  5  3  1813.16  10156.6  350.974
22  5  4  2536.26  16274.8  464.327
For row 22 and col 6, pedestal is 249.581
22  6  1  205.844  1284.13  111.606
22  6  2  370.884  2462.72  185.015
22  6  3  817.561  6046.9  374.227
22  6  4  1269.33  9506.89  573.386
For row 22 and col 7, pedestal is 245.545
22  7  1  173.415  1196.77  98.7427
22  7  2  239.115  1763.24  124.853
22  7  3  566.258  4374.84  288.325
22  7  4  1245.57  9482.85  580.746
For row 22 and col 8, pedestal is 236.2
22  8  1  614.647  3671.24  115.505
22  8  2  983.366  6145.59  182.351
22  8  3  1625.96  11178.1  276.895
For row 22 and col 9, pedestal is 207.677
22  9  1  204.944  1459.68  51.218
22  9  2  374.871  2585.13  83.0269
22  9  3  654.093  4878.94  149.534
22  9  4  2160.76  16208.5  388.101
For row 22 and col 10, pedestal is 229.599
22  10  1  127.015  908.323  68.0858
22  10  2  233.45  1630.18  103.848
22  10  3  376.645  2847.69  171.608
22  10  4  1249.6  9456.53  437.574
For row 22 and col 11, pedestal is 223.164
22  11  1  231.001  1660.57  52.9891
22  11  2  623.149  4408.76  124.142
22  11  3  1220.6  9295.14  242.392
22  11  4  2858.25  21848.1  414.81
For row 23 and col 0, pedestal is 231.558
23  0  1  129.994  712.154  48.2527
23  0  2  425.217  2541.36  133.888
23  0  3  687.845  4416.37  200.509
23  0  4  3150.81  22788  443.324
For row 23 and col 1, pedestal is 202.712
23  1  1  70.3847  384.089  54.2051
23  1  2  180.474  1094.32  138.393
23  1  3  383.67  2471.57  266.963
23  1  4  1469.69  10807.6  779.547
For row 23 and col 2, pedestal is 226.424
23  2  1  88.6749  487.173  36.87
23  2  2  380.009  2248.1  137.351
23  2  3  706.867  4496.44  229.798
23  2  4  2524.83  18037.7  485.913
For row 23 and col 3, pedestal is 238.508
23  3  1  186.904  1050.07  94.4823
23  3  2  343.62  2054.11  163.643
23  3  3  580.014  3488.09  274.958
23  3  4  1382.14  9575.1  571.887
For row 23 and col 4, pedestal is 231.246
23  4  1  215.352  1326.74  119.747
23  4  2  427.301  2805.48  215.464
23  4  3  928.705  6153.52  399.606
23  4  4  2031.41  15283.8  687.329
For row 23 and col 5, pedestal is 232.157
23  5  1  226.402  1124.99  80.0195
23  5  2  613.233  3433.71  196.779
23  5  3  1399.96  8038.82  372.739
23  5  4  2085.72  13690.8  523.243
For row 23 and col 6, pedestal is 225.779
23  6  1  178.528  1076.52  164.919
23  6  2  264.295  1705.99  177.878
23  6  3  345.401  2509.87  269.372
23  6  4  981.279  7313.33  582.1
For row 23 and col 7, pedestal is 191.384
23  7  1  180.185  1039.57  103.677
23  7  2  246.581  1737.94  169.435
23  7  3  546.603  4253.97  346.12
23  7  4  927.656  7306.72  585.102
For row 23 and col 8, pedestal is 214.62
23  8  1  539.206  3260.89  113.796
23  8  2  1024.11  6486.66  205.746
23  8  3  1836.64  12789  361.678
23  8  4  3438.93  24144.2  549.064
For row 23 and col 9, pedestal is 194.757
23  9  1  238.89  1751.86  62.1988
23  9  2  511.864  3600.07  115.587
23  9  3  1000.36  7573.9  219.076
23  9  4  2459.45  18630.1  457.504
For row 23 and col 10, pedestal is 196.768
23  10  1  241.468  1763.93  67.8557
23  10  2  505.742  3501.48  118.482
23  10  3  1058.53  8000.14  263.667
23  10  4  2829.08  21276.3  506.77
For row 23 and col 11, pedestal is 248.555
23  11  1  169.903  1229.04  60.3232
23  11  2  310.137  2187.62  90.2899
23  11  3  567.199  4304.32  178.546
23  11  4  1623.25  12470.2  425.224
