#Alpha parameter obtained from integrated pulse data.
Data taken from runs 1286, 1288, 1289, 1290, 1291, 1292, and 1293.
#Fit to [0]*pow(x-[1],[2])+[3]. Data represents average over all LED settings.
#Row  Column <intAlpha> intsigma <maxAlpha> maxsigma
12  0  9.08265  3.4905  7.62007  2.60229
12  1  9.52821  3.97851  10.2049  2.78824
12  2  9.4313  1.94196  9.39411  1.85993
12  3  9.97216  2.48998  11.2529  1.79997
12  4  6.19932  1.91073  6.13239  1.42753
12  5  5.97052  1.73092  6.17871  2.21557
12  6  6.16223  1.60821  5.76465  2.36363
12  7  6.45683  1.86885  6.10008  1.65331
12  8  8.37345  2.69925  10.0075  3.16114
12  9  8.70688  3.86799  11.3786  4.68566
12  10  7.80477  2.80771  9.62861  3.65914
12  11  10.8462  4.36936  6.24752  3.05339
13  0  10.1212  3.27893  7.63829  4.67248
13  1  8.78725  4.54076  10.0581  4.86466
13  2  10.5429  4.33691  10.3176  3.68655
13  3  9.33882  2.47781  10.2055  5.41151
13  4  6.36612  1.91048  5.83922  1.372
13  5  5.93771  1.68799  6.05672  1.95222
13  6  5.9616  1.03696  6.09963  0.96756
13  7  6.19374  2.02155  6.22687  1.86991
13  8  8.62147  3.79948  11.4589  3.85681
13  9  9.22782  1.95524  9.29737  1.84821
13  10  9.19077  4.02935  9.23186  3.95039
13  11  8.93903  1.79309  9.22751  1.47933
14  0  8.55576  2.56753  9.30967  2.78028
14  1  9.5705  3.45772  11.2565  2.42899
14  2  9.29078  5.14152  8.89342  4.25309
14  3  7.26167  1.07593  8.68391  2.87372
14  4  5.98498  1.69323  6.74342  2.22203
14  5  6.35834  1.46431  6.39756  1.4304
14  6  6.17185  1.99762  5.994  2.04089
14  7  6.19644  1.60263  6.30597  1.96345
14  8  9.00082  2.62205  9.80867  2.78652
14  9  9.70008  2.06152  9.50204  1.90689
14  10  8.03353  4.33334  7.39993  4.92845
14  11  10.2339  4.76885  7.96429  3.26502
15  0  10.3101  5.63464  7.38821  5.08057
15  1  13.177  2.01779  10.8985  2.67477
15  2  9.94094  3.76439  8.8756  3.79906
15  3  9.63151  2.77955  9.23778  3.1351
15  4  6.08662  2.16193  6.68867  3.18083
15  5  6.21406  2.34209  6.28673  2.08402
15  6  5.723  1.14361  5.76514  1.12951
15  7  5.72121  1.69316  6.06581  1.46232
15  8  8.09747  1.54877  8.86909  2.36742
15  9  8.37271  2.31145  8.18773  1.88708
15  10  8.38618  3.59283  7.3324  1.98924
15  11  8.77667  1.94331  8.83296  1.39283
16  0  8.32926  2.55306  8.46172  2.82945
16  1  13.0288  1.95335  11.2859  1.71751
16  2  8.81178  2.91545  8.59685  2.02828
16  3  7.63051  0.865262  8.10994  2.12778
16  4  6.2978  2.02673  6.53734  2.06275
16  5  5.94054  1.03046  6.07672  0.963997
16  6  5.99903  1.70684  6.0891  2.18526
16  7  5.51713  1.54463  6.01468  2.31116
16  8  7.4963  2.20626  13.5988  3.88087
16  9  7.24099  1.73045  7.82856  1.48869
16  10  8.90516  3.73573  10.3046  4.03853
16  11  7.76977  1.88197  8.29381  1.90119
17  0  9.61959  2.78241  10.799  2.54883
17  1  8.25009  2.53026  6.88684  2.69517
17  2  9.53623  4.84381  9.65765  5.07815
17  3  6.50431  1.76984  7.60969  2.81036
17  4  6.74853  2.00946  6.01826  2.02591
17  5  6.51174  1.04364  5.28938  2.30292
17  6  6.13546  2.10096  6.08783  2.24387
17  7  5.99165  1.69585  5.9571  1.7725
17  8  6.62041  2.37827  7.82918  2.70372
17  9  9.28078  2.64739  9.88162  2.6791
17  10  8.39455  2.6504  11.418  1.79738
17  11  8.8145  2.08717  9.02298  1.93413
18  0  10.5291  2.65899  10.4701  2.9888
18  1  12.9793  3.48787  11.9945  3.53766
18  2  9.63049  3.83039  12.4051  3.08799
18  3  9.72059  2.35768  9.7942  2.66193
18  4  5.85958  1.41795  6.2055  1.89276
18  5  6.33728  2.07956  6.25514  1.57145
18  6  6.09498  2.12454  6.27097  1.97942
18  7  6.33012  1.87343  6.31  1.86361
18  8  10.2809  4.58379  8.41123  4.80263
18  9  7.99706  2.97053  8.06561  2.06894
18  10  8.15169  2.74712  10.1827  2.39449
18  11  7.83742  2.37151  7.6541  2.08041
19  0  7.30632  2.44956  8.10029  1.99659
19  1  8.91825  2.62185  7.31534  3.56389
19  2  8.5117  2.78442  8.16235  1.92315
19  3  7.70937  2.66125  7.99696  2.26787
19  4  6.11511  1.98044  5.92594  1.73006
19  5  6.22783  1.90602  6.32038  1.84184
19  6  6.14082  1.88503  6.34697  2.04666
19  7  5.89338  1.9171  5.82559  2.03233
19  8  7.26153  3.55378  7.77852  2.77867
19  9  7.5151  2.3925  9.55669  2.9931
19  10  8.16625  2.33297  8.46016  2.45598
19  11  7.70491  2.12559  7.65869  1.94718
20  0  8.57097  2.23022  7.78692  2.1676
20  1  7.69049  2.50061  8.04585  2.23064
20  2  11.0904  4.57365  12.2201  3.9491
20  3  5.76173  3.57835  5.47967  3.18018
20  4  5.89916  1.71632  6.75442  2.38416
20  5  7.08825  1.72446  6.96449  1.66542
20  6  6.22914  1.90006  6.20871  1.9271
20  7  6.18447  1.93207  6.33287  1.89799
20  8  8.80013  3.66101  10.1952  3.0591
20  9  7.57563  2.30905  7.63739  2.16399
20  10  9.27305  2.47378  9.28914  2.17483
20  11  7.99676  2.152  8.39195  2.26967
21  0  7.69233  1.92892  7.52223  2.34643
21  1  8.73954  3.09611  12.1855  0.979948
21  2  7.83518  2.75583  5.70004  3.54961
21  3  11  4.16195  7.58321  2.84757
21  4  6.08618  1.69342  6.16399  2.26151
21  5  6.40159  2.07968  6.48448  2.13199
21  6  6.12629  1.9443  6.22406  2.13441
21  7  5.74403  2.19679  5.82271  2.12758
21  8  7.96155  2.75043  10.1726  3.39285
21  9  7.95243  2.55222  8.5695  2.45293
21  10  7.41175  2.36098  7.66964  1.95543
21  11  7.60777  3.3093  8.97966  3.78753
22  0  7.12103  2.27246  6.43074  2.60606
22  1  7.81057  2.01387  7.59817  2.06358
22  2  10.1326  4.98416  9.89334  4.9006
22  3  9.57144  4.6112  10.0818  4.38653
22  4  5.96806  1.70407  6.11922  2.15359
22  5  8.46857  6.06138  6.59645  2.03593
22  6  6.23327  2.0868  6.00175  1.69869
22  7  6.3511  2.12464  6.18964  1.94388
22  8  10.2312  3.96363  10.8319  3.90285
22  9  6.9743  2.6466  7.23117  2.35897
22  10  8.21319  1.90517  8.54501  1.87238
22  11  7.74457  2.44288  8.23095  2.15394
23  0  7.97737  1.90456  8.56819  2.05354
23  1  8.52134  2.18414  7.92035  2.45657
23  2  7.63876  1.83066  7.54196  2.68072
23  3  7.58862  1.9357  7.22317  2.39492
23  4  5.83486  1.9917  6.47431  2.14343
23  5  6.53875  2.51197  6.14117  1.67915
23  6  6.20299  1.97158  6.13541  1.91421
23  7  6.05013  2.01731  6.21055  2.08256
23  8  7.28411  2.44521  6.86428  2.61607
23  9  7.9846  2.41121  8.10306  1.87565
23  10  8.81762  2.03137  9.25377  1.80965
23  11  7.6486  2.41113  7.86413  1.92134
