HCal_ratio = 
3.17734e+06
1.57178e+07
3.14607e+06
3.86398e+06
1.02298e+07
1.79732e+06
4.66886e+06
2.45466e+06
2.1778e+06
1.38609e+06
764390
1
13799.7
2.0974e+06
1.32392e+06
3.59979e+06
5.68123e+06
4.29429e+06
1.05293e+07
9.47558e+06
537763
147116
3.16921e+06
5.31582e+07
-2672.4
3.5745e+07
789954
1.80601e+06
4.71532e+06
4.93722e+06
2.39625e+07
1.24295e+06
597327
304065
9.69888e+06
1.13724e+06
161163
2.28952e+06
5.71395e+06
2.79631e+06
7.23948e+06
5.18486e+06
5.02006e+06
1.62732e+06
1.59829e+06
385478
1.49328e+06
1.57901e+06
31937.7
2.90479e+06
2.56054e+06
3.00086e+06
6.1953e+06
7.99804e+06
3.58148e+06
3.37127e+06
1.56143e+06
540148
1.17681e+06
615336
337724
2.29965e+06
2.06608e+06
9.42874e+06
3.8989e+06
6.20171e+06
5.41754e+06
3.82488e+06
1.65711e+06
2.06586e+06
439440
2.43207e+06
3.90438e+08
2.3685e+06
6.67268e+06
1.63893e+06
4.65568e+06
4.22761e+06
2.15285e+06
3.42954e+06
1.25892e+06
688133
1.74673e+06
745956
806436
2.51995e+06
5.50701e+06
3.06179e+06
6.07384e+06
5.08716e+06
4.56174e+06
3.81062e+06
960018
500663
733004
774046
210403
4.3548e+06
2.31333e+06
4.08153e+06
4.97696e+06
7.09762e+06
4.80502e+06
1.61898e+06
2.35485e+06
805560
1.03464e+06
1.2877e+06
2.692e+06
458392
4.33736e+06
1.80389e+06
8.02328e+06
7.1617e+06
3.69235e+06
3.95965e+06
1.49497e+06
1.17181e+06
1.28895e+06
1.40183e+06
101374
1.95134e+06
3.62648e+06
5.03338e+06
4.05907e+06
7.38843e+06
4.47686e+06
4.36827e+06
2.40549e+06
990895
2.78753e+06
1.01812e+07
179794
1.72924e+06
4.33793e+06
2.97569e+06
3.41818e+06
9.23021e+06
5.28859e+06
2.20458e+06
1.52837e+06
842637
1.09741e+06
2.22358e+06
6.55573e+07
1.36365e+06
2.98967e+06
4.10411e+07
1.06943e+06
5.66361e+06
2.46531e+06
2.52375e+06
1.48365e+06
1.50471e+06
1.79746e+06
4.41872e+06
84236.2
1.15636e+07
1.07339e+06
3.02624e+06
3.17047e+06
1.45721e+06
2.5098e+06
2.04147e+06
3.27058e+06
1.73923e+06
1.7612e+06
6.13271e+06
866145
1.09191e+06
1.06944e+06
945239
1.20978e+06
1.40865e+06
2.73497e+06
2.33943e+06
1.98768e+06
7.50836e+07
444555
3.39027e+06
155060
5.67599e+06
501938
727142
1.36029e+06
944067
714506
1.7058e+06
2.06743e+06
1.96896e+06
1.49119e+06
5.25296e+06
107651
9.82841e+06
560593
581542
2.03984e+06
157344
1.15411e+06
1.71453e+06
348013
2.71046e+06
1.93588e+06
3.86809e+07
56305.3
1.59989e+06
1.23171e+06
1.48649e+06
828883
709544
703005
582544
987681
1.70399e+06
1.19902e+06
4.96805e+06
474253
337029
733712
692782
414734
619348
728400
316084
873944
398044
1.98036e+06
4.54505e+06
790216
3.39415e+06
1.61014e+06
391117
377258
357090
523137
411646
210364
560772
1.07019e+06
2.78102e+06
716740
858412
18468
2.58399e+06
488488
191849
292322
404688
388620
926395
2.10352e+06
3.93514e+06
514397
3.06191e+06
372196
540779
323871
437854
404116
416229
538849
1.38507e+06
1.09614e+06
6.13982e+06
151105
1.1034e+06
1.95671e+06
812650
357264
341295
289080
116461
440000
500894
503768
1.75009e+06
328761
981368
5.28478e+06
1.33293e+06
471299
344800
211028
1.63132e+06
224450
383060
933645
0
