HCal_ratio = 
0.0903114
0.0502558
0.0345024
0.027592
0.0189853
0.0284046
0.0275323
0.0317696
0.0314177
0.0322937
0.00439814
0.0187256
0.104337
0.0444655
0.0381285
0.0308215
0.0269704
0.0287167
0.018586
0.0107984
0.0125254
0.0356056
0.0391072
-0.00226582
0.0987186
0.0248219
0.0287516
0.0308155
0.0265955
0.0248572
0.0110519
0.0165546
0.0228663
0.0306197
0.0221312
0.0575925
0.0930788
0.0525502
0.0318341
0.0299646
0.0248602
0.0262038
0.0249603
0.0287032
0.0252414
0.0345497
0.0299093
0.0504888
0.0940067
0.0432157
0.0293721
0.0292922
0.0276173
0.0251082
0.0276327
0.0270718
0.027551
0.0331877
0.0334702
0.0573412
0.0958838
0.0487766
0.0354848
0.0248121
0.026578
0.0265104
0.0258717
0.0254897
0.0280626
0.023722
0.0368241
0.0482176
0.0185031
0.0233886
0.0163085
0.0178637
0.0157051
0.0190605
0.0259274
0.0254855
0.0281738
0.0315953
0.0291961
0.0577478
0.0985968
0.0644457
0.0357998
0.0318878
0.0278798
0.0254568
0.0271728
0.0243425
0.0297233
0.0331013
0.0358232
0.0554797
0.0905453
0.0482037
0.0363565
0.03132
0.0290401
0.023267
0.0200747
0.0264688
0.024953
0.0305936
0.0288033
0.0567384
0.0494859
0.0512448
0.0304169
0.0353322
0.02868
0.0244406
0.0265537
0.0248649
0.0268533
0.029181
0.0335878
0.0452709
0.111183
0.0689932
0.0412275
0.0297035
0.0286617
0.0238402
0.026411
0.0263254
0.0276325
0.0305428
0.038513
0.0516191
0.098787
0.0508813
0.034825
0.0291624
0.0306525
0.0253699
0.0226178
0.0262557
0.0267999
0.033328
0.0373444
0.0532103
0.0257436
0.040706
0.0356054
0.0132346
0.0226797
0.0219957
0.0292468
0.0279185
0.0309018
0.0278401
0.0375949
0.0581097
0.146401
0.0592341
0.0484775
0.0334499
0.0225044
0.0263763
0.0272617
0.0304889
0.0312578
0.0336136
0.043329
0.0536725
0.083287
0.0595232
0.0439428
0.0340558
0.0298872
0.0321352
0.0290838
0.0273307
0.0309651
0.0128546
0.0367336
0.0594021
0.105731
0.0549212
0.04615
0.0383008
0.0300861
0.0235406
0.0292109
0.03156
0.0311786
0.033011
0.0413813
0.0545475
0.112856
0.0452604
0.0461007
0.0404069
0.0206688
0.0328196
0.0238233
0.016662
0.0306726
0.0348877
0.0432303
0.0372783
0.0971084
0.0723484
0.0497589
0.0425506
0.0349997
0.0329878
0.0330444
0.031213
0.033552
0.0352103
0.0466084
0.0584404
0.107183
0.058331
0.0343993
0.0384749
0.0403036
0.0333211
0.0302938
0.0341406
0.0295966
0.044442
0.0575112
0.0688528
0.131945
0.0709168
0.0459497
0.0365153
0.0302588
0.0338026
0.0302924
0.0290348
0.0396302
0.0511699
0.0522918
0.0664225
0.102277
0.0638283
0.0787012
0.042043
0.0248743
0.0288945
0.0338612
0.0311223
0.0362723
0.0444323
0.0508171
0.0606853
0.0920959
0.0531033
0.053522
0.0376379
0.0371952
0.034939
0.0373218
0.0367763
0.0359405
0.0380687
0.0445586
0.0608144
0.11298
0.0620355
0.0516056
0.0392951
0.0376942
0.0358743
0.0270124
0.0350329
0.032945
0.03966
0.0483516
0.0560221
0.10359
0.070261
0.0495118
0.0381529
0.0318841
0.0319473
0.0360362
0.0314963
0.0351288
0.0413187
0.05748
0.0589704
