#Alpha parameters obtained from LEDplots_v2 on Fri Apr 16 13:16:07 2021
#
21.7361
21.7361
21.7361
21.7361
5.28626
5.28626
5.28626
5.28626
21.7361
21.7361
21.7361
21.7361
21.7361
21.7361
21.7361
21.7361
5.28626
5.28626
5.28626
5.28626
21.7361
21.7361
21.7361
21.7361
21.7361
21.7361
21.7361
21.7361
5.28626
5.28626
5.28626
5.28626
21.7361
21.7361
21.7361
21.7361
21.7361
21.7361
21.7361
21.7361
5.28626
5.28626
5.28626
5.28626
21.7361
21.7361
21.7361
21.7361
21.7361
21.7361
21.7361
21.7361
5.28626
5.28626
5.28626
5.28626
21.7361
21.7361
21.7361
21.7361
21.7361
21.7361
21.7361
21.7361
5.28626
5.28626
5.28626
5.28626
21.7361
21.7361
21.7361
21.7361
21.7361
21.7361
21.7361
21.7361
5.28626
5.28626
5.28626
5.28626
21.7361
21.7361
21.7361
21.7361
21.7361
21.7361
21.7361
21.7361
5.28626
5.28626
5.28626
5.28626
21.7361
21.7361
21.7361
21.7361
21.7361
21.7361
21.7361
21.7361
5.28626
5.28626
5.28626
5.28626
21.7361
21.7361
21.7361
21.7361
21.7361
21.7361
21.7361
21.7361
5.28626
5.28626
5.28626
5.28626
21.7361
21.7361
21.7361
21.7361
21.7361
21.7361
21.7361
21.7361
5.28626
5.28626
5.28626
5.28626
21.7361
21.7361
21.7361
21.7361
21.7361
21.7361
21.7361
21.7361
5.28626
5.28626
5.28626
5.28626
21.7361
21.7361
21.7361
21.7361
23.0271
21.0005
21.8958
21.8575
5.56238
5.76386
6.10523
6.02338
21.8062
22.6162
21.6015
21.8948
21.8822
22.5752
22.7195
21.8014
5.77023
5.23494
5.75425
5.34427
22.5354
22.0983
22.4213
21.5706
21.9854
21.8115
21.7333
21.3718
5.68688
5.69298
4.48124
5.41233
21.7981
22.8762
22.346
22.0773
21.7193
20.0112
22.1614
21.9432
5.39203
5.43697
5.90953
5.0677
22.2847
21.7697
22.9435
22.3454
18.2697
21.8202
21.2971
22.2508
5.66553
1.5564
4.39318
5.25274
23.8188
20.789
21.6532
20.3604
22.3825
14.5395
21.6948
21.6351
5.05137
5.53931
5.39433
5.23045
21.8444
22.7592
22.5128
19.6665
23.3601
23.2458
22.31
22.7533
5.53343
4.92707
4.93363
5.59582
21.4188
21.2371
23.4835
21.0901
21.798
20.9764
21.5507
20.58
5.48112
5.53562
5.45362
4.85639
20.7269
22.1152
21.2016
19.9244
22.5855
22.0284
23.0984
26.6295
5.08396
5.30747
4.7103
5.0365
21.2942
21.1228
22.8155
20.3311
21.5753
23.1334
21.7676
20.3403
5.36617
5.88945
5.37818
5.44391
22.4089
22.7808
21.581
21.972
18.9864
22.2025
22.2999
20.9832
4.88871
5.69882
5.12693
6.23306
22.4404
21.5955
22.8172
21.3117
19.8239
20.0771
19.5127
21.2749
5.74204
5.47594
4.25676
5.06405
21.7134
22.3535
23.5122
20.7465
