-1426.25
-1458.53
-1453.94
-1420.17
-2038.35
-1647.42
-1630.39
-1668.26
-1431.69
-1367.37
-1351.86
-1443.64
-1412.56
-1419.35
-1417
-1394.17
-1748.01
-1580.39
-1858.8
-2219.38
-1395.97
-1452.3
-1482.1
-1557.51
-1419.78
-1531.91
-1455.12
-1397.61
-1715.71
-1614.16
-2444.38
-1664.47
-1394.97
-1401.59
-1521.23
-1406.63
-1436.42
-1416.41
-1389.51
-1410.74
-1564.11
-1566.71
-1615.85
-1654.07
nan
-1401.93
-1423.98
-1421.77
-1434.59
-1448.11
-1512.76
-1423.95
-1479.2
-1560.03
-1627.68
-1713.71
-1424.77
-1422.9
-1411.86
-1489.17
-1430.02
-1409.97
-1452.49
-1415.6
-1831.79
-1569.26
-1558.38
-1768.86
-1396.33
nan
-1427.32
-1410.4
-1637.09
-1548.69
-1532.36
-1529.99
-2035.46
-2375.95
-1610
-1688.47
-1388.39
-1390.9
-1410.69
-1554.33
-1390.15
-1409.49
-1437.63
-1393.12
-1587.29
-1522.56
-1477.86
-1637.26
-1395.16
-1408.89
-1436.11
-1518.1
-1439.87
-1390.93
-1467.35
-1399.32
-1743.47
-1596.78
-1673.03
-1764.9
-1383.1
-1381.65
-1427.49
-1420.24
-1522.67
-1424.29
-1407.62
-1397.14
-1514.23
-1498.07
-1574.51
-1619.64
-1357.91
-1443.53
-1407.2
-1431.56
-1408.87
-1432.52
-1424.82
-1438.6
-1386.94
-1544.05
-1563.91
-1483.39
-1384.92
-1353.12
-1484.83
-1451.58
-1464.36
-1384.05
-1432.78
-1485.07
-1616.42
-1646.77
-1617.37
-1734.12
-1422.51
-1418.45
-1415.46
-1429.52
-1630.6
-1541.8
-1505.41
-1584.83
-2128.79
-1980.06
-1883.51
-1768.38
-1385.99
-1398.05
-1404.8
-1430.53
-1420.01
-1422
-1441.36
-1385.35
-1401.34
-1845.6
-1415.87
-1682.82
-1381.53
-1410.93
-1421.72
nan
-1490.13
-1409.12
-1364.68
-1459.95
-1665.69
-1471.51
-1631.68
-1599.4
-1407.83
-1682.98
-1385.35
-1433.43
-1377.51
-1465.13
-1388.06
-1431.48
-1631.52
-1487.03
-1476.48
-1565.02
-1470.48
-1432.53
-1439.93
-1412.89
-1415.14
-1380.4
-1440.39
-1421.74
-1903.92
-796.153
-1622.54
-2003.81
nan
-1454.43
-1395.72
-1540.19
-1463.84
-1509.27
-1395.14
-1475.4
-1713.47
-1441.06
-1529.33
-1914.94
-1396.83
-1429.23
-1384.35
-1503.25
-1413.11
-1561.3
-1389.33
-1419.61
-1481.62
-1587.84
-1473.11
-1525.76
-1350.56
-1425.2
-1401.15
-1428.8
-1418.63
-1359.65
-1442.41
-1461.25
-1739.09
-1487.25
-1547.93
-1790.88
-1438.11
-1426.22
-1408.49
-1430.89
-1499.69
-1411.42
-1705.11
-1457.45
-1803.39
-1383.73
-1792.58
-1761.94
-1382
-1473.21
-1416.19
-1434.26
-1500.48
-1413.2
-1354.2
-1357.79
-1564.45
-1299.23
-1448.87
-1576.11
-1395.69
-1379.66
-1387.6
-1368.68
-1507.08
-1375.14
-1370.69
-1373.66
-1548.83
-1320.8
-1651.69
-1678.1
-1355.13
-1364.37
-1404.8
-1362.24
-1434.83
-1475.75
-1423.48
-1424.9
-1578.04
-1355.07
-1529.86
-1992.93
-1414.8
-1392
-1400.13
-1448.52
