0.158652 
0.0237843 
0.0210926 
0.0187731 
0.0246939 
0.0167502 
0.0205031 
0.0359507 
0.0206495 
0.0139825 
0.0228812 
0.0481971 
0.0696875 
0.0408496 
0.0315444 
0.0247762 
0.0260166 
0.0259792 
0.0154798 
0.00765947 
0.00810598 
0.0220218 
0.0288133 
0.035505 
1 0.0221875 
0.0275887 
0.0253767 
0.0240515 
0.0210306 
0.00794825 
0.0112098 
0.0177337 
0.0238937 
0.0213939 
0.0341743 
0.00979925 
0.0526684 
0.0338418 
0.0220115 
0.020122 
0.0222226 
0.0221608 
0.02487 
0.0190252 
0.0286957 
0.0289641 
0.0597881 
1 
0.0359593 
0.0377386 
0.0244301 
0.0232627 
0.0195594 
0.0244372 
0.0232086 
0.0229979 
0.0248121 
0.0243303 
0.0396139 
0.070705 
0.0395967 
0.0355287 
0.0193277 
0.0223767 
0.0216967 
0.0216568 
0.0215406 
0.0226833 
0.0174296 
0.0329709 
0.0384782 
0.0471417 
0.0155469 
0.0152512 
0.0154725 
0.0120826 
0.0144847 
0.0223158 
0.0207054 
0.0223663 
0.0258118 
0.0297418 
0.0430833 
0.0255707 
0.0501357 
0.0321353 
0.0279554 
0.0238295 
0.0233157 
0.0237463 
0.021672 
0.0223429 
0.0251537 
0.0379068 
0.0377153 
0.0602687 
0.0469619 
0.0448977 
0.0288245 
0.0239534 
0.0196759 
0.0147179 
0.0227933 
0.0212158 
0.0258748 
0.0247693 
0.0481483 
0.0523216 
0.0342854 
0.0387379 
0.0278329 
0.0221528 
0.019267 
0.0224217 
0.0196854 
0.0224567 
0.0228426 
0.0312537 
0.0412359 
0.0804931 
0.062677 
0.0360831 
0.0257832 
0.0231573 
0.0205828 
0.0216415 
0.0217374 
0.020985 
0.0234415 
0.0273901 
0.0409758 
0.0700663 
0.0580224 
0.0283086 
0.0146293 
0.0233737 
0.0214763 
0.0182499 
0.0224811 
0.0258258 
0.0261213 
0.0403139 
0.0123616 
0.048657 
0.0307064 
0.0334971 
0.00788184 
0.0197348 
0.014007 
0.0233644 
0.0237998 
0.0286986 
0.024415 
0.0452712 
0.0614154 
0.0459986 
0.0482353 
0.0362134 
0.0243258 
0.0190092 
0.0263409 
0.0241896 
0.0322581 
0.0342151 
0.0428073 
0.0448089 
0.0380942 
0.0827539 
0.0662462 
0.0464996 
0.0271252 
0.0256593 
0.0262862 
0.0308222 
0.0302533 
0.0316304 
0.0165487 
0.0525172 
0.0701986 
0.057285 
0.0578936 
0.04927 
0.0437733 
0.0230854 
0.0170845 
0.0280049 
0.0275672 
0.031283 
0.0413129 
0.0480765 
0.0430399 
0.0776264 
0.0219518 
0.058642 
0.0328033 
0.0209268 
0.0259072 
0.0193567 
0.0132006 
0.0272965 
0.0412034 
0.0470888 
0.0379432 
0.109633 
0.0514947 
0.0627873 
0.0357753 
0.0230518 
0.021328 
0.0241773 
0.0232826 
0.0230639 
0.033934 
0.0536603 
0.0282539 
0.0438005 
0.0446772 
0.060656 
0.0391684 
0.0268457 
0.0263626 
0.0235224 
0.0270265 
0.020625 
0.0336042 
0.0551574 
0.0324119 
0.0870964 
0.0647405 
0.0310862 
0.0362707 
0.0158767 
0.0252432 
0.0250981 
0.0232886 
0.0274157 
0.0397643 
0.0589634 
0.0830617 
0.0599342 
0.0692325 
0.0788319 
0.0393076 
0.019563 
0.0226713 
0.0282447 
0.0307254 
0.0328101 
0.0328689 
0.0494434 
0.0613072 
0.113534 
0.0705594 
0.0414182 
0.0333512 
0.027583 
0.0263484 
0.0305088 
0.0292016 
0.0298491 
0.0323298 
0.0487746 
0.0591702 
0.0972118 
0.0798355 
0.0435016 
0.0388304 
0.0296378 
0.0278382 
0.026418 
0.0255404 
0.0246984 
0.0351617 
0.0382499 
0.0426089 
0.140564 
0.102442 
0.0399 
0.0356427 
0.0197423 
0.00454754 
0.0291552 
0.025335 
0.0300704 
0.0317865 
0.0254142 
0.049129 
