-1
-1
-1
1.07022
1.66495
1.86642
1.25413
1.63343
0.680459
-1
-1
-1
-1
0.924351
0.794899
0.919492
1.03791
0.940834
0.941551
1.09196
1.05895
0.724104
0.704713
1.08099
-1
1.58279
1.18782
1.05131
0.973104
1.13903
0.76472
0.865011
0.817739
1.14258
1.20695
1.03962
-1
0.924539
0.718449
0.906802
0.855428
1.02414
1.10683
1.14467
1.00924
0.787237
1.10419
1.60461
-1
1.73906
1.3406
0.799354
0.989663
0.956951
1.00989
0.984834
1.0272
0.916588
0.940901
-1
-1
1.08846
0.8787
0.992239
0.95429
0.961704
1.05461
1.02872
0.954193
0.859927
1.20109
-1
0.757366
1.22873
0.520285
0.959228
1.07875
0.935654
1.04817
0.9321
1.01685
0.846572
1.08596
-1
-1
0.925953
1.01523
0.938815
1.0338
1.09205
0.933932
1.01812
0.99001
1.05107
1.04371
-1
-1
0.764164
1.05969
0.882904
0.995208
1.2614
0.982137
0.946914
1.02748
0.974185
1.01111
-1
-1
0.834107
1.19516
0.958426
0.954433
0.89482
1.09027
1.04029
1.12481
1.00626
0.950877
-1
-1
1.04335
0.91222
1.10203
1.07052
0.994641
0.988147
0.933555
0.909651
1.09175
0.910301
0.922881
-1
1.06904
1.19181
1.87379
1.05574
1.06983
1.03448
1.00071
1.1186
0.927815
1.03619
0.736138
0.94306
1.02722
1.52895
0.948213
0.743693
0.773995
1.04335
0.998849
1.0121
1.35052
0.825196
0.959514
-1
1.14284
0.942719
1.23977
1.09323
1.13019
0.924284
0.880586
0.671384
1.0842
0.83804
1.03421
-1
0.840404
0.806831
1.23749
1.59667
0.916463
1.0863
1.31301
1.02174
1.39277
1.20141
1.01247
-1
0.882218
1.04217
0.823407
1.0133
0.831818
1.0784
0.897076
0.93494
1.14412
0.856034
0.989729
-1
0.996604
1.62672
1.1434
5.32422
0.825494
1.06941
1.45299
0.979337
1.06763
0.920128
0.687869
-1
0.862122
1.00555
1.16889
0.814904
1.00161
0.765489
0.921539
0.957998
1.01333
0.983032
0.853192
-1
1.60175
1.27388
0.870806
0.794457
1.06017
1.02716
0.954523
1.03176
1.40801
1.02146
0.856159
-1
0.972211
2.01898
1.16513
2.04148
0.800052
0.655225
1.02247
0.845163
0.903911
0.99411
0.837588
-1
1.10126
-1
0.814908
1.3958
1.43697
0.885071
1.09662
1.13367
1.16534
0.987818
1.75471
-1
1.46361
0.995165
1.04444
1.02339
1.30821
1.19512
0.875683
0.951307
1.2181
0.921372
1.27353
-1
0.885975
0.856669
1.32759
1.22925
0.835997
2.04624
1.4139
0.87301
1.471
0.945617
-1
-1
-1
-1
-1
-1
-1
-1
-1
-1
-1
-1
-1
