HCal_gainCoeff = 
1  0.00266867  0.00263163  0.00180382  0.00263728  0.00185798  0.0024062  0.00332779  0.00145959  0.00145491  0.00222524  0.00374568  
1  0.0028114  0.00311657  0.0025307  0.00220669  0.00193068  0.00133793  0.00033258  0.000987108  0.00208857  0.00104803  0.00256277  
1  0.00198737  0.00238623  0.00245061  0.00215401  0.00192553  0.000814091  0.00111288  0.00151991  0.00215693  0.000868816  0.0031688  
1  0.00370595  0.00207407  0.00228005  0.00181339  0.00196883  0.00188691  0.00208838  0.00164712  0.00208062  0.00191594  0.00296845  
1  0.00289564  0.00231741  0.00213534  0.00214065  0.0017051  0.00202623  0.00197243  0.0019649  0.00202092  0.00184944  0.00272894  
0.00539881  0.00349153  0.00254019  0.00170834  0.00187107  0.00187614  0.00208782  0.00184612  0.00175581  0.00153972  0.00173477  0.00254265  
0.00169373  0.00130524  0.000966914  0.00134621  0.00121074  0.00135627  0.0018578  0.00181004  0.00183508  0.00200068  0.00173649  0.00311957  
0.0030827  0.00372947  0.00255013  0.0024255  0.00188588  0.00184469  0.00203854  0.00175418  0.00182285  0.00208202  0.00197725  0.00326762  
0.00512732  0.00316712  0.002374  0.00224892  0.00203045  0.00160974  0.00119972  0.00185589  0.00166473  0.00190801  0.00176975  0.00300717  
0.00260136  0.00288451  0.00222348  0.00223933  0.0018114  0.00163791  0.00173089  0.00166217  0.00185743  0.00194299  0.00155949  0.00305697  
0.00607633  0.00348856  0.00235369  0.00200456  0.00194897  0.00176758  0.00188387  0.00176643  0.00185465  0.00197599  0.00126722  0.00216883  
0.0072298  0.00307353  0.00188761  0.0019443  0.00140963  0.00131958  0.00153957  0.00173835  0.00177267  0.0020961  0.00240923  0.00372126  
0.00234592  0.00167112  0.00173693  0.00034076  0.00104464  0.00092002  0.00150679  0.00179541  0.00196525  0.00176972  0.00228241  0.0035386  
0.00660769  0.00254332  0.00232964  0.0016091  0.00139604  0.00152916  0.0015387  0.00193139  0.00145191  0.0022929  0.00270455  0.00379699  
0.00212358  0.0031528  0.00169967  0.00187637  0.00170249  0.00189173  0.0017596  0.00179713  0.00202973  0.000282054  0.00250264  0.00341337  
0.00335189  0.00267784  0.0023822  0.00188996  0.00145311  0.00129659  0.00172519  0.00187615  0.00192496  0.0022379  0.00274045  0.00356526  
0.00349821  0.00208082  0.00243457  0.00182426  0.00118586  0.00161923  0.0015286  0.00104067  0.00180417  0.00201467  0.00268893  0.00340549  
0.00274887  0.00280964  0.00227678  0.00158279  0.00168266  0.00144933  0.00171416  0.00190508  0.00192204  0.00209136  0.00277177  0.00366691  
0.0050249  0.00292725  0.00225719  0.00157969  0.00163578  0.00152226  0.00159482  0.00169469  0.0016066  0.00229904  0.00274889  0.0037875  
0.00432152  0.0028822  0.00217111  0.00179476  0.00164257  0.0015453  0.00149149  0.00145206  0.00182338  0.00240198  0.00296171  0.00372496  
0.0045194  0.00289505  0.00467872  0.0016102  0.00243146  0.00151844  0.00131835  0.00167033  0.0019338  0.00213015  0.00226239  0.00410904  
0.00265122  0.00206662  0.00225118  0.00200294  0.00178346  0.001705  0.00180826  0.00179812  0.0019239  0.00184578  0.00230078  0.00338812  
1  0.00403728  0.00184311  0.00188862  0.00164165  0.00163744  0.00149042  0.0017886  0.00188636  0.0022608  0.00262937  0.00308539  
0.00731553  0.00733844  0.00269888  0.00236267  0.00204097  0.00246712  0.00241754  0.00240661  0.00195007  0.00151657  0.00263376  0.00416878  
