HCal_ratio = 
0.00584207
0.00258435
0.00263717
0.00180382
0.00263372
0.00185827
0.00240435
0.00332688
0.00145975
0.00145561
0.00222547
0.00374076
0.00726948
0.00273383
0.00311605
0.00253079
0.00220677
0.0019307
0.00133795
0.00033258
0.000987118
0.00208811
0.00104808
0.00256174
0.00482273
0.00196784
0.00238639
0.00245067
0.00215388
0.00192554
0.000814098
0.00111269
0.00151987
0.00215702
0.000868953
0.0031484
0.00268783
0.00365674
0.00207357
0.00227969
0.00181334
0.00196881
0.00188683
0.00208846
0.00164712
0.00208065
0.00191598
0.00296554
0.00804733
0.00286853
0.00231794
0.00213537
0.00214063
0.00170485
0.00202625
0.00197235
0.00196491
0.00202093
0.00184949
0.00272925
0.00534277
0.00348333
0.00253961
0.00170818
0.00187108
0.00187602
0.00208785
0.00184609
0.00175582
0.00153971
0.00173482
0.0025395
0.0016863
0.00130556
0.000966931
0.0013462
0.00121079
0.00135629
0.00185767
0.00181006
0.00183501
0.00200072
0.00173638
0.00311998
0.00290243
0.00373177
0.0025502
0.00242517
0.00188499
0.00184452
0.00203799
0.00175421
0.00182286
0.00208204
0.00197711
0.00326832
0.00514012
0.0031673
0.00237403
0.00224895
0.00203049
0.00160977
0.00119975
0.00185583
0.00166475
0.00190803
0.00176983
0.00300453
0.00259889
0.00288461
0.002223
0.00223936
0.00181141
0.00163778
0.00173089
0.00166215
0.00185727
0.00194302
0.00155936
0.00305418
0.00606874
0.00348783
0.00235373
0.00200452
0.00194898
0.00176759
0.00188386
0.00176641
0.00185465
0.00197577
0.00126716
0.00216855
0.00723152
0.00307337
0.00188759
0.00194431
0.00140961
0.00131953
0.0015396
0.0017383
0.00177266
0.00209587
0.00240914
0.0037226
0.00234553
0.00167116
0.00173688
0.000340749
0.0010446
0.000919978
0.00150676
0.00179542
0.00196525
0.00176978
0.00228219
0.00353053
0.00660818
0.00254309
0.00232953
0.00160911
0.00139591
0.00152918
0.00153863
0.00193121
0.00145195
0.00229241
0.00270424
0.00379123
0.00212454
0.00315298
0.00169966
0.00187639
0.00170251
0.00189162
0.00175962
0.00179715
0.00202925
0.000282054
0.00250261
0.00341384
0.00330096
0.00267823
0.00238222
0.00188997
0.00145312
0.0012966
0.00172514
0.00187616
0.00192496
0.00223796
0.00274041
0.00356281
0.00349794
0.00208091
0.00243452
0.0018242
0.00118587
0.0016192
0.00152852
0.00104064
0.00180417
0.00201468
0.00268887
0.00340575
0.00274905
0.00280968
0.00227667
0.00158279
0.00168264
0.00144932
0.00171402
0.0019051
0.00192206
0.00209127
0.00277183
0.00366594
0.00501778
0.00292731
0.00225721
0.0015797
0.00163571
0.00152205
0.00159484
0.00169454
0.00160657
0.00229883
0.00274866
0.00378592
0.00432183
0.00288222
0.00217112
0.00179452
0.00164259
0.00154481
0.00149151
0.00145207
0.00182339
0.0024019
0.00296155
0.00372226
0.00452201
0.00289516
0.004679
0.00161021
0.00243138
0.00151844
0.00131835
0.00167035
0.00193381
0.00213016
0.00226246
0.00410528
0.00265015
0.00205989
0.00225164
0.00200296
0.00178317
0.00170501
0.00180827
0.0017978
0.0019239
0.0018457
0.00230084
0.00338606
0.0083615
0.00398562
0.00184276
0.00188847
0.00164173
0.00163745
0.00149041
0.00178861
0.00188629
0.00226086
0.00262963
0.0030801
0.007256
0.00734271
0.00270046
0.00234282
0.00204168
0.00246716
0.00241788
0.00240682
0.00195032
0.00151447
0.00262871
0.00416945
