HCal_gainCoeff = 
1  1  0.00172362  0.00181903  0.00301774  0.00196443  0.00224299  0.00441035  0.0016202  0.00124451  1  0.00447265  
1  0.00496727  0.00305912  0.00238724  0.00229437  0.00222814  0.00138167  0.000709785  0.000934051  0.00212106  0.00253837  0.00455052  
1  0.00255944  0.00257543  0.00258575  0.00215956  0.00203444  0.000748866  0.00109833  0.00144241  0.00269859  0.00197886  0.00325591  
1  0.00412254  0.00180534  0.00229605  0.00174272  0.0020837  0.00205841  0.00239166  0.00191321  0.00240545  0.00282084  0.00604461  
1  0.00446172  0.00260966  0.00210099  0.00216949  0.00178056  0.0022205  0.00210076  0.00216433  0.00235246  0.00272469  0.00496309  
1  0.00526543  0.00264175  0.00195351  0.00187123  0.00197131  0.00209422  0.00193592  0.00204871  0.00190676  0.00351417  0.0036659  
0.00257047  0.00196315  0.000829448  0.00164944  0.00142654  0.00144478  0.00213872  0.00198927  0.00201991  0.00245925  0.00273639  0.00390896  
1  0.00479812  0.00269177  0.00268011  0.00235221  0.00230986  0.00220505  0.00193862  0.00217024  0.0027231  0.00291246  0.00357701  
1  0.00378436  0.00311558  0.00232714  0.00243801  0.00215094  0.00139049  0.00204239  0.00192026  0.00235597  0.00243316  0.00389084  
1  0.00459729  0.00297733  0.00275492  0.00219241  0.00188603  0.00212477  0.00196139  0.0022128  0.00213966  0.00254062  0.00361999  
1  0.00611113  0.00294668  0.00261881  0.00240787  0.00199508  0.00205002  0.00196518  0.00196873  0.00247726  0.00294904  0.00553002  
1  0.00589416  0.00331771  0.00293142  0.00264396  0.00212371  0.00203916  0.00209844  0.00250037  0.00250191  0.00321693  0.00461345  
0.00551958  0.00308643  0.00353358  0.000976119  0.00173128  0.00132494  0.00250327  0.00241336  0.00254247  0.00271152  0.00314531  0.00435584  
1  0.00535017  0.00447964  0.00301646  0.00243139  0.00201934  0.00213981  0.00246801  0.00165319  0.00297048  0.00330734  0.00423185  
1  0.00655797  0.00425763  0.00361732  0.0034148  0.00290935  0.00255986  0.00257302  0.00249552  0.00126427  0.00371541  0.00449777  
1  0.00535054  0.00641925  0.00450472  0.00301596  0.00317253  0.0026289  0.00275361  0.00257676  0.0029573  0.0032883  0.00380349  
1  0.00506775  0.00748462  0.00549107  0.00528419  0.00409866  0.00334067  0.00208591  0.00284947  0.0030133  0.00316408  0.00394345  
1  0.00567451  0.00693504  0.00549237  0.00429082  0.00436015  0.00395198  0.00395943  0.00309211  0.00344369  0.0038491  0.00531901  
1  0.00751806  0.00620613  0.00503406  0.00436824  0.00450818  0.00518616  0.00382398  0.00515185  0.00557578  0.00502116  0.00654252  
1  0.00651605  0.00697419  0.00598195  0.00691651  0.00388967  0.00350973  0.00464874  0.00485705  0.00458623  0.00566932  0.00568894  
1  0.00765975  1  0.0040019  0.00495541  0.00518307  0.00451041  0.0057057  0.00516704  0.00424164  0.0051273  0.00657103  
1  0.00582068  0.00597743  0.00612768  0.0047615  0.00521296  0.00515559  0.00469852  0.00450984  0.00495496  0.00463499  0.00607144  
1  0.00773991  0.0049825  0.00625971  0.00629935  0.00473002  0.00657839  0.00660445  0.00388074  0.00528395  0.00458036  0.00693306  
1  1  0.00715059  1  1  1  1  1  1  1  0.00415754  1  
